index,GHO (CODE),GHO (DISPLAY),GHO (URL),GBDCHILDCAUSES (CODE),GBDCHILDCAUSES (DISPLAY),GBDCHILDCAUSES (URL),PUBLISHSTATE (CODE),PUBLISHSTATE (DISPLAY),PUBLISHSTATE (URL),YEAR (CODE),YEAR (DISPLAY),YEAR (URL),REGION (CODE),STARTYEAR,ENDYEAR,REGION (DISPLAY),REGION (URL),COUNTRY (CODE),COUNTRY (DISPLAY),COUNTRY (URL),AGEGROUP (CODE),AGEGROUP (DISPLAY),AGEGROUP (URL),SEX (CODE),SEX (DISPLAY),SEX (URL),GHECAUSES (CODE),GHECAUSES (DISPLAY),GHECAUSES (URL),CHILDCAUSE (CODE),CHILDCAUSE (DISPLAY),CHILDCAUSE (URL),Display Value,Numeric,Low,High,StdErr,StdDev,Comments
0,#indicator+code,#indicator+name,#indicator+url,,,,#status+code,#status+name,,,#date+year,,#region+code,#date+year+start,#date+year+end,#region+name,,#country+code,#country+name,,,,,#sex+code,#sex+name,,,,,,,,,#indicator+value+num,,,,,
1,GBD_DALYRTAGE,"Age-standardized DALYs (per 100,000)",https://www.who.int/data/gho/indicator-metadata-registry/imr-details/157,,,,PUBLISHED,Published,,2000.0,2000,,AFR,2000,2000,Africa,,NGA,Nigeria,,,,,,,,GHE000,All Causes,,,,,"111,480",111479.79688,,,,,
2,WHS2_131,Age-standardized NCD mortality rate  (per 100 000 population),https://www.who.int/data/gho/indicator-metadata-registry/imr-details/78,,,,PUBLISHED,Published,,2000.0,2000,,AFR,2000,2000,Africa,,NGA,Nigeria,,,,,BTSX,Both sexes,,GHE016,Tetanus,,,,,8.1,8.12510,,,,,
3,WHS2_131,Age-standardized NCD mortality rate  (per 100 000 population),https://www.who.int/data/gho/indicator-metadata-registry/imr-details/78,,,,PUBLISHED,Published,,2000.0,2000,,AFR,2000,2000,Africa,,NGA,Nigeria,,,,,BTSX,Both sexes,,GHE017,Meningitis,,,,,58.1,58.10979,,,,,
4,WHS2_131,Age-standardized NCD mortality rate  (per 100 000 population),https://www.who.int/data/gho/indicator-metadata-registry/imr-details/78,,,,PUBLISHED,Published,,2000.0,2000,,AFR,2000,2000,Africa,,NGA,Nigeria,,,,,BTSX,Both sexes,,GHE018,Encephalitis,,,,,3.5,3.51310,,,,,
5,WHS2_131,Age-standardized NCD mortality rate  (per 100 000 population),https://www.who.int/data/gho/indicator-metadata-registry/imr-details/78,,,,PUBLISHED,Published,,2000.0,2000,,AFR,2000,2000,Africa,,NGA,Nigeria,,,,,BTSX,Both sexes,,GHE019,Acute hepatitis B,,,,,5.8,5.77525,,,,,
6,WHS2_131,Age-standardized NCD mortality rate  (per 100 000 population),https://www.who.int/data/gho/indicator-metadata-registry/imr-details/78,,,,PUBLISHED,Published,,2000.0,2000,,AFR,2000,2000,Africa,,NGA,Nigeria,,,,,BTSX,Both sexes,,GHE032,Rabies,,,,,3.5,3.47466,,,,,
7,WHS2_131,Age-standardized NCD mortality rate  (per 100 000 population),https://www.who.int/data/gho/indicator-metadata-registry/imr-details/78,,,,PUBLISHED,Published,,2000.0,2000,,AFR,2000,2000,Africa,,NGA,Nigeria,,,,,BTSX,Both sexes,,GHE033,Intestinal nematode infections,,,,,0.1,0.09233,,,,,
8,WHS2_131,Age-standardized NCD mortality rate  (per 100 000 population),https://www.who.int/data/gho/indicator-metadata-registry/imr-details/78,,,,PUBLISHED,Published,,2000.0,2000,,AFR,2000,2000,Africa,,NGA,Nigeria,,,,,BTSX,Both sexes,,GHE037,Other infectious diseases,,,,,31.8,31.81833,,,,,
9,WHS2_131,Age-standardized NCD mortality rate  (per 100 000 population),https://www.who.int/data/gho/indicator-metadata-registry/imr-details/78,,,,PUBLISHED,Published,,2000.0,2000,,AFR,2000,2000,Africa,,NGA,Nigeria,,,,,BTSX,Both sexes,,GHE038,Respiratory infections,,,,,358.9,358.91354,,,,,
10,WHS2_131,Age-standardized NCD mortality rate  (per 100 000 population),https://www.who.int/data/gho/indicator-metadata-registry/imr-details/78,,,,PUBLISHED,Published,,2000.0,2000,,AFR,2000,2000,Africa,,NGA,Nigeria,,,,,BTSX,Both sexes,,GHE039,Lower respiratory infections,,,,,358.0,357.97012,,,,,
11,WHS2_131,Age-standardized NCD mortality rate  (per 100 000 population),https://www.who.int/data/gho/indicator-metadata-registry/imr-details/78,,,,PUBLISHED,Published,,2000.0,2000,,AFR,2000,2000,Africa,,NGA,Nigeria,,,,,BTSX,Both sexes,,GHE063,Oesophagus cancer,,,,,0.7,0.67177,,,,,
12,WHS2_131,Age-standardized NCD mortality rate  (per 100 000 population),https://www.who.int/data/gho/indicator-metadata-registry/imr-details/78,,,,PUBLISHED,Published,,2000.0,2000,,AFR,2000,2000,Africa,,NGA,Nigeria,,,,,BTSX,Both sexes,,GHE064,Stomach cancer,,,,,3.7,3.74237,,,,,
13,WHS2_131,Age-standardized NCD mortality rate  (per 100 000 population),https://www.who.int/data/gho/indicator-metadata-registry/imr-details/78,,,,PUBLISHED,Published,,2000.0,2000,,AFR,2000,2000,Africa,,NGA,Nigeria,,,,,BTSX,Both sexes,,GHE065,Colon and rectum cancers,,,,,4.1,4.06220,,,,,
14,WHS2_131,Age-standardized NCD mortality rate  (per 100 000 population),https://www.who.int/data/gho/indicator-metadata-registry/imr-details/78,,,,PUBLISHED,Published,,2000.0,2000,,AFR,2000,2000,Africa,,NGA,Nigeria,,,,,BTSX,Both sexes,,GHE066,Liver cancer,,,,,16.7,16.67146,,,,,
15,WHS2_131,Age-standardized NCD mortality rate  (per 100 000 population),https://www.who.int/data/gho/indicator-metadata-registry/imr-details/78,,,,PUBLISHED,Published,,2000.0,2000,,AFR,2000,2000,Africa,,NGA,Nigeria,,,,,BTSX,Both sexes,,GHE080,Diabetes mellitus,,,,,46.8,46.81119,,,,,
16,WHS2_131,Age-standardized NCD mortality rate  (per 100 000 population),https://www.who.int/data/gho/indicator-metadata-registry/imr-details/78,,,,PUBLISHED,Published,,2000.0,2000,,AFR,2000,2000,Africa,,NGA,Nigeria,,,,,BTSX,Both sexes,,GHE081,"Endocrine, blood, immune disorders",,,,,13.8,13.84972,,,,,
17,WHS2_131,Age-standardized NCD mortality rate  (per 100 000 population),https://www.who.int/data/gho/indicator-metadata-registry/imr-details/78,,,,PUBLISHED,Published,,2000.0,2000,,AFR,2000,2000,Africa,,NGA,Nigeria,,,,,BTSX,Both sexes,,GHE082,Mental and behavioral disorders,,,,,2.1,2.06484,,,,,
18,WHS2_131,Age-standardized NCD mortality rate  (per 100 000 population),https://www.who.int/data/gho/indicator-metadata-registry/imr-details/78,,,,PUBLISHED,Published,,2000.0,2000,,AFR,2000,2000,Africa,,NGA,Nigeria,,,,,BTSX,Both sexes,,GHE094,Neurological conditions,,,,,29.7,29.74951,,,,,
19,WHS2_131,Age-standardized NCD mortality rate  (per 100 000 population),https://www.who.int/data/gho/indicator-metadata-registry/imr-details/78,,,,PUBLISHED,Published,,2000.0,2000,,AFR,2000,2000,Africa,,NGA,Nigeria,,,,,BTSX,Both sexes,,GHE118,Chronic obstructive pulmonary disease,,,,,21.7,21.68979,,,,,
20,WHS2_131,Age-standardized NCD mortality rate  (per 100 000 population),https://www.who.int/data/gho/indicator-metadata-registry/imr-details/78,,,,PUBLISHED,Published,,2000.0,2000,,AFR,2000,2000,Africa,,NGA,Nigeria,,,,,BTSX,Both sexes,,GHE119,Asthma,,,,,12.8,12.83832,,,,,
21,WHS2_131,Age-standardized NCD mortality rate  (per 100 000 population),https://www.who.int/data/gho/indicator-metadata-registry/imr-details/78,,,,PUBLISHED,Published,,2000.0,2000,,AFR,2000,2000,Africa,,NGA,Nigeria,,,,,BTSX,Both sexes,,GHE120,Other respiratory diseases,,,,,10.6,10.61693,,,,,
22,WHS2_131,Age-standardized NCD mortality rate  (per 100 000 population),https://www.who.int/data/gho/indicator-metadata-registry/imr-details/78,,,,PUBLISHED,Published,,2000.0,2000,,AFR,2000,2000,Africa,,NGA,Nigeria,,,,,BTSX,Both sexes,,GHE121,Digestive diseases,,,,,126.9,126.86712,,,,,
23,WHS2_131,Age-standardized NCD mortality rate  (per 100 000 population),https://www.who.int/data/gho/indicator-metadata-registry/imr-details/78,,,,PUBLISHED,Published,,2000.0,2000,,AFR,2000,2000,Africa,,NGA,Nigeria,,,,,BTSX,Both sexes,,GHE141,Neural tube defects,,,,,1.8,1.81486,,,,,
24,WHS2_131,Age-standardized NCD mortality rate  (per 100 000 population),https://www.who.int/data/gho/indicator-metadata-registry/imr-details/78,,,,PUBLISHED,Published,,2000.0,2000,,AFR,2000,2000,Africa,,NGA,Nigeria,,,,,BTSX,Both sexes,,GHE142,Cleft lip and cleft palate,,,,,0.1,0.05449,,,,,
25,WHS2_131,Age-standardized NCD mortality rate  (per 100 000 population),https://www.who.int/data/gho/indicator-metadata-registry/imr-details/78,,,,PUBLISHED,Published,,2000.0,2000,,AFR,2000,2000,Africa,,NGA,Nigeria,,,,,BTSX,Both sexes,,GHE143,Down's syndrome,,,,,0.5,0.48669,,,,,
26,WHS2_131,Age-standardized NCD mortality rate  (per 100 000 population),https://www.who.int/data/gho/indicator-metadata-registry/imr-details/78,,,,PUBLISHED,Published,,2000.0,2000,,AFR,2000,2000,Africa,,NGA,Nigeria,,,,,BTSX,Both sexes,,GHE144,Congenital heart anomalies,,,,,3.0,3.04869,,,,,
27,WHS2_131,Age-standardized NCD mortality rate  (per 100 000 population),https://www.who.int/data/gho/indicator-metadata-registry/imr-details/78,,,,PUBLISHED,Published,,2000.0,2000,,AFR,2000,2000,Africa,,NGA,Nigeria,,,,,BTSX,Both sexes,,GHE162,Interpersonal violence,,,,,25.8,25.82763,,,,,
28,WHS2_131,Age-standardized NCD mortality rate  (per 100 000 population),https://www.who.int/data/gho/indicator-metadata-registry/imr-details/78,,,,PUBLISHED,Published,,2000.0,2000,,AFR,2000,2000,Africa,,NGA,Nigeria,,,,,BTSX,Both sexes,,GHE163,Collective violence and legal intervention,,,,,1.0,0.96471,,,,,
29,WHS2_131,Age-standardized NCD mortality rate  (per 100 000 population),https://www.who.int/data/gho/indicator-metadata-registry/imr-details/78,,,,PUBLISHED,Published,,2000.0,2000,,AFR,2000,2000,Africa,,NGA,Nigeria,,,,,MLE,Male,,GHE000,All Causes,,,,,2178.4,2178.37690,,,,,
30,WHS2_131,Age-standardized NCD mortality rate  (per 100 000 population),https://www.who.int/data/gho/indicator-metadata-registry/imr-details/78,,,,PUBLISHED,Published,,2000.0,2000,,AFR,2000,2000,Africa,,NGA,Nigeria,,,,,MLE,Male,,GHE001,Communicable & other Group I,,,,,1216.2,1216.22899,,,,,
31,WHS2_131,Age-standardized NCD mortality rate  (per 100 000 population),https://www.who.int/data/gho/indicator-metadata-registry/imr-details/78,,,,PUBLISHED,Published,,2000.0,2000,,AFR,2000,2000,Africa,,NGA,Nigeria,,,,,MLE,Male,,GHE020,Acute hepatitis C,,,,,0.9,0.89327,,,,,
32,WHS2_131,Age-standardized NCD mortality rate  (per 100 000 population),https://www.who.int/data/gho/indicator-metadata-registry/imr-details/78,,,,PUBLISHED,Published,,2000.0,2000,,AFR,2000,2000,Africa,,NGA,Nigeria,,,,,MLE,Male,,GHE022,Malaria,,,,,113.3,113.25889,,,,,
33,WHS2_131,Age-standardized NCD mortality rate  (per 100 000 population),https://www.who.int/data/gho/indicator-metadata-registry/imr-details/78,,,,PUBLISHED,Published,,2000.0,2000,,AFR,2000,2000,Africa,,NGA,Nigeria,,,,,MLE,Male,,GHE023,Trypanosomiasis,,,,,0.2,0.24395,,,,,
34,WHS2_131,Age-standardized NCD mortality rate  (per 100 000 population),https://www.who.int/data/gho/indicator-metadata-registry/imr-details/78,,,,PUBLISHED,Published,,2000.0,2000,,AFR,2000,2000,Africa,,NGA,Nigeria,,,,,MLE,Male,,GHE039,Lower respiratory infections,,,,,389.0,388.96933,,,,,
35,WHS2_131,Age-standardized NCD mortality rate  (per 100 000 population),https://www.who.int/data/gho/indicator-metadata-registry/imr-details/78,,,,PUBLISHED,Published,,2000.0,2000,,AFR,2000,2000,Africa,,NGA,Nigeria,,,,,MLE,Male,,GHE040,Upper respiratory infections,,,,,0.9,0.88556,,,,,
36,WHS2_131,Age-standardized NCD mortality rate  (per 100 000 population),https://www.who.int/data/gho/indicator-metadata-registry/imr-details/78,,,,PUBLISHED,Published,,2000.0,2000,,AFR,2000,2000,Africa,,NGA,Nigeria,,,,,MLE,Male,,GHE042,Maternal conditions,,,,,0.0,0.00000,,,,,
37,WHS2_131,Age-standardized NCD mortality rate  (per 100 000 population),https://www.who.int/data/gho/indicator-metadata-registry/imr-details/78,,,,PUBLISHED,Published,,2000.0,2000,,AFR,2000,2000,Africa,,NGA,Nigeria,,,,,MLE,Male,,GHE049,Neonatal conditions,,,,,93.8,93.77322,,,,,
38,WHS2_131,Age-standardized NCD mortality rate  (per 100 000 population),https://www.who.int/data/gho/indicator-metadata-registry/imr-details/78,,,,PUBLISHED,Published,,2000.0,2000,,AFR,2000,2000,Africa,,NGA,Nigeria,,,,,MLE,Male,,GHE050,Preterm birth complications,,,,,38.3,38.30584,,,,,
39,WHS2_131,Age-standardized NCD mortality rate  (per 100 000 population),https://www.who.int/data/gho/indicator-metadata-registry/imr-details/78,,,,PUBLISHED,Published,,2000.0,2000,,AFR,2000,2000,Africa,,NGA,Nigeria,,,,,MLE,Male,,GHE067,Pancreas cancer,,,,,3.0,3.02982,,,,,
40,WHS2_131,Age-standardized NCD mortality rate  (per 100 000 population),https://www.who.int/data/gho/indicator-metadata-registry/imr-details/78,,,,PUBLISHED,Published,,2000.0,2000,,AFR,2000,2000,Africa,,NGA,Nigeria,,,,,MLE,Male,,GHE068,"Trachea, bronchus, lung cancers",,,,,1.5,1.46032,,,,,
41,WHS2_131,Age-standardized NCD mortality rate  (per 100 000 population),https://www.who.int/data/gho/indicator-metadata-registry/imr-details/78,,,,PUBLISHED,Published,,2000.0,2000,,AFR,2000,2000,Africa,,NGA,Nigeria,,,,,MLE,Male,,GHE069,Melanoma and other skin cancers,,,,,1.7,1.71551,,,,,
42,WHS2_131,Age-standardized NCD mortality rate  (per 100 000 population),https://www.who.int/data/gho/indicator-metadata-registry/imr-details/78,,,,PUBLISHED,Published,,2000.0,2000,,AFR,2000,2000,Africa,,NGA,Nigeria,,,,,MLE,Male,,GHE070,Breast cancer,,,,,0.0,0.00000,,,,,
43,WHS2_131,Age-standardized NCD mortality rate  (per 100 000 population),https://www.who.int/data/gho/indicator-metadata-registry/imr-details/78,,,,PUBLISHED,Published,,2000.0,2000,,AFR,2000,2000,Africa,,NGA,Nigeria,,,,,MLE,Male,,GHE095,Alzheimer's disease and other dementias,,,,,3.7,3.66010,,,,,
44,WHS2_131,Age-standardized NCD mortality rate  (per 100 000 population),https://www.who.int/data/gho/indicator-metadata-registry/imr-details/78,,,,PUBLISHED,Published,,2000.0,2000,,AFR,2000,2000,Africa,,NGA,Nigeria,,,,,MLE,Male,,GHE096,Parkinson's disease,,,,,5.7,5.71616,,,,,
45,WHS2_131,Age-standardized NCD mortality rate  (per 100 000 population),https://www.who.int/data/gho/indicator-metadata-registry/imr-details/78,,,,PUBLISHED,Published,,2000.0,2000,,AFR,2000,2000,Africa,,NGA,Nigeria,,,,,MLE,Male,,GHE097,Epilepsy,,,,,17.2,17.20518,,,,,
46,WHS2_131,Age-standardized NCD mortality rate  (per 100 000 population),https://www.who.int/data/gho/indicator-metadata-registry/imr-details/78,,,,PUBLISHED,Published,,2000.0,2000,,AFR,2000,2000,Africa,,NGA,Nigeria,,,,,MLE,Male,,GHE098,Multiple sclerosis,,,,,0.2,0.24416,,,,,
47,WHS2_131,Age-standardized NCD mortality rate  (per 100 000 population),https://www.who.int/data/gho/indicator-metadata-registry/imr-details/78,,,,PUBLISHED,Published,,2000.0,2000,,AFR,2000,2000,Africa,,NGA,Nigeria,,,,,MLE,Male,,GHE122,Peptic ulcer disease,,,,,38.0,37.96289,,,,,
48,WHS2_131,Age-standardized NCD mortality rate  (per 100 000 population),https://www.who.int/data/gho/indicator-metadata-registry/imr-details/78,,,,PUBLISHED,Published,,2000.0,2000,,AFR,2000,2000,Africa,,NGA,Nigeria,,,,,MLE,Male,,GHE123,Cirrhosis of the liver,,,,,59.1,59.13087,,,,,
49,WHS2_131,Age-standardized NCD mortality rate  (per 100 000 population),https://www.who.int/data/gho/indicator-metadata-registry/imr-details/78,,,,PUBLISHED,Published,,2000.0,2000,,AFR,2000,2000,Africa,,NGA,Nigeria,,,,,MLE,Male,,GHE124,Appendicitis,,,,,13.4,13.35115,,,,,
50,WHS2_131,Age-standardized NCD mortality rate  (per 100 000 population),https://www.who.int/data/gho/indicator-metadata-registry/imr-details/78,,,,PUBLISHED,Published,,2000.0,2000,,AFR,2000,2000,Africa,,NGA,Nigeria,,,,,MLE,Male,,GHE125,Other digestive diseases,,,,,62.6,62.60755,,,,,
51,WHS2_131,Age-standardized NCD mortality rate  (per 100 000 population),https://www.who.int/data/gho/indicator-metadata-registry/imr-details/78,,,,PUBLISHED,Published,,2000.0,2000,,AFR,2000,2000,Africa,,NGA,Nigeria,,,,,MLE,Male,,GHE145,Other chromosomal anomalies,,,,,0.4,0.43519,,,,,
52,WHS2_131,Age-standardized NCD mortality rate  (per 100 000 population),https://www.who.int/data/gho/indicator-metadata-registry/imr-details/78,,,,PUBLISHED,Published,,2000.0,2000,,AFR,2000,2000,Africa,,NGA,Nigeria,,,,,MLE,Male,,GHE146,Other congenital anomalies,,,,,4.3,4.34339,,,,,
53,WHS2_131,Age-standardized NCD mortality rate  (per 100 000 population),https://www.who.int/data/gho/indicator-metadata-registry/imr-details/78,,,,PUBLISHED,Published,,2000.0,2000,,AFR,2000,2000,Africa,,NGA,Nigeria,,,,,MLE,Male,,GHE151,Injuries,,,,,199.4,199.36004,,,,,
54,WHS2_131,Age-standardized NCD mortality rate  (per 100 000 population),https://www.who.int/data/gho/indicator-metadata-registry/imr-details/78,,,,PUBLISHED,Published,,2000.0,2000,,AFR,2000,2000,Africa,,NGA,Nigeria,,,,,MLE,Male,,GHE152,Unintentional injuries,,,,,146.9,146.94266,,,,,
55,WHS2_131,Age-standardized NCD mortality rate  (per 100 000 population),https://www.who.int/data/gho/indicator-metadata-registry/imr-details/78,,,,PUBLISHED,Published,,2000.0,2000,,AFR,2000,2000,Africa,,NGA,Nigeria,,,,,FMLE,Female,,GHE002,Infectious and parasitic diseases,,,,,670.1,670.05214,,,,,
56,WHS2_131,Age-standardized NCD mortality rate  (per 100 000 population),https://www.who.int/data/gho/indicator-metadata-registry/imr-details/78,,,,PUBLISHED,Published,,2000.0,2000,,AFR,2000,2000,Africa,,NGA,Nigeria,,,,,FMLE,Female,,GHE004,STDs excluding HIV,,,,,5.1,5.13979,,,,,
57,WHS2_131,Age-standardized NCD mortality rate  (per 100 000 population),https://www.who.int/data/gho/indicator-metadata-registry/imr-details/78,,,,PUBLISHED,Published,,2000.0,2000,,AFR,2000,2000,Africa,,NGA,Nigeria,,,,,FMLE,Female,,GHE010,HIV/AIDS,,,,,144.2,144.15772,,,,,
58,WHS2_131,Age-standardized NCD mortality rate  (per 100 000 population),https://www.who.int/data/gho/indicator-metadata-registry/imr-details/78,,,,PUBLISHED,Published,,2000.0,2000,,AFR,2000,2000,Africa,,NGA,Nigeria,,,,,FMLE,Female,,GHE024,Chagas disease,,,,,0.0,0.00000,,,,,
59,WHS2_131,Age-standardized NCD mortality rate  (per 100 000 population),https://www.who.int/data/gho/indicator-metadata-registry/imr-details/78,,,,PUBLISHED,Published,,2000.0,2000,,AFR,2000,2000,Africa,,NGA,Nigeria,,,,,FMLE,Female,,GHE025,Schistosomiasis,,,,,4.0,3.95514,,,,,
60,WHS2_131,Age-standardized NCD mortality rate  (per 100 000 population),https://www.who.int/data/gho/indicator-metadata-registry/imr-details/78,,,,PUBLISHED,Published,,2000.0,2000,,AFR,2000,2000,Africa,,NGA,Nigeria,,,,,FMLE,Female,,GHE026,Leishmaniasis,,,,,0.6,0.64736,,,,,
61,WHS2_131,Age-standardized NCD mortality rate  (per 100 000 population),https://www.who.int/data/gho/indicator-metadata-registry/imr-details/78,,,,PUBLISHED,Published,,2000.0,2000,,AFR,2000,2000,Africa,,NGA,Nigeria,,,,,FMLE,Female,,GHE027,Lymphatic filariasis,,,,,0.0,0.00000,,,,,
62,WHS2_131,Age-standardized NCD mortality rate  (per 100 000 population),https://www.who.int/data/gho/indicator-metadata-registry/imr-details/78,,,,PUBLISHED,Published,,2000.0,2000,,AFR,2000,2000,Africa,,NGA,Nigeria,,,,,FMLE,Female,,GHE050,Preterm birth complications,,,,,29.4,29.41243,,,,,
63,WHS2_131,Age-standardized NCD mortality rate  (per 100 000 population),https://www.who.int/data/gho/indicator-metadata-registry/imr-details/78,,,,PUBLISHED,Published,,2000.0,2000,,AFR,2000,2000,Africa,,NGA,Nigeria,,,,,FMLE,Female,,GHE051,Birth asphyxia and birth trauma,,,,,26.9,26.88589,,,,,
64,WHS2_131,Age-standardized NCD mortality rate  (per 100 000 population),https://www.who.int/data/gho/indicator-metadata-registry/imr-details/78,,,,PUBLISHED,Published,,2000.0,2000,,AFR,2000,2000,Africa,,NGA,Nigeria,,,,,FMLE,Female,,GHE052,Neonatal sepsis and infections,,,,,10.6,10.57179,,,,,
65,WHS2_131,Age-standardized NCD mortality rate  (per 100 000 population),https://www.who.int/data/gho/indicator-metadata-registry/imr-details/78,,,,PUBLISHED,Published,,2000.0,2000,,AFR,2000,2000,Africa,,NGA,Nigeria,,,,,FMLE,Female,,GHE053,Other neonatal conditions,,,,,1.6,1.63254,,,,,
66,WHS2_131,Age-standardized NCD mortality rate  (per 100 000 population),https://www.who.int/data/gho/indicator-metadata-registry/imr-details/78,,,,PUBLISHED,Published,,2000.0,2000,,AFR,2000,2000,Africa,,NGA,Nigeria,,,,,FMLE,Female,,GHE054,Nutritional deficiencies,,,,,71.8,71.83267,,,,,
67,WHS2_131,Age-standardized NCD mortality rate  (per 100 000 population),https://www.who.int/data/gho/indicator-metadata-registry/imr-details/78,,,,PUBLISHED,Published,,2000.0,2000,,AFR,2000,2000,Africa,,NGA,Nigeria,,,,,FMLE,Female,,GHE071,Cervix uteri cancer,,,,,28.8,28.79995,,,,,
68,WHS2_131,Age-standardized NCD mortality rate  (per 100 000 population),https://www.who.int/data/gho/indicator-metadata-registry/imr-details/78,,,,PUBLISHED,Published,,2000.0,2000,,AFR,2000,2000,Africa,,NGA,Nigeria,,,,,FMLE,Female,,GHE072,Corpus uteri cancer,,,,,2.4,2.35382,,,,,
69,WHS2_131,Age-standardized NCD mortality rate  (per 100 000 population),https://www.who.int/data/gho/indicator-metadata-registry/imr-details/78,,,,PUBLISHED,Published,,2000.0,2000,,AFR,2000,2000,Africa,,NGA,Nigeria,,,,,FMLE,Female,,GHE073,Ovary cancer,,,,,3.2,3.22645,,,,,
70,WHS2_131,Age-standardized NCD mortality rate  (per 100 000 population),https://www.who.int/data/gho/indicator-metadata-registry/imr-details/78,,,,PUBLISHED,Published,,2000.0,2000,,AFR,2000,2000,Africa,,NGA,Nigeria,,,,,FMLE,Female,,GHE074,Prostate cancer,,,,,0.0,0.00000,,,,,
71,WHS2_131,Age-standardized NCD mortality rate  (per 100 000 population),https://www.who.int/data/gho/indicator-metadata-registry/imr-details/78,,,,PUBLISHED,Published,,2000.0,2000,,AFR,2000,2000,Africa,,NGA,Nigeria,,,,,FMLE,Female,,GHE101,Other neurological conditions,,,,,2.8,2.84151,,,,,
72,WHS2_131,Age-standardized NCD mortality rate  (per 100 000 population),https://www.who.int/data/gho/indicator-metadata-registry/imr-details/78,,,,PUBLISHED,Published,,2000.0,2000,,AFR,2000,2000,Africa,,NGA,Nigeria,,,,,FMLE,Female,,GHE110,Cardiovascular diseases,,,,,282.8,282.80085,,,,,
73,WHS2_131,Age-standardized NCD mortality rate  (per 100 000 population),https://www.who.int/data/gho/indicator-metadata-registry/imr-details/78,,,,PUBLISHED,Published,,2000.0,2000,,AFR,2000,2000,Africa,,NGA,Nigeria,,,,,FMLE,Female,,GHE111,Rheumatic heart disease,,,,,8.2,8.22857,,,,,
74,WHS2_131,Age-standardized NCD mortality rate  (per 100 000 population),https://www.who.int/data/gho/indicator-metadata-registry/imr-details/78,,,,PUBLISHED,Published,,2000.0,2000,,AFR,2000,2000,Africa,,NGA,Nigeria,,,,,FMLE,Female,,GHE112,Hypertensive heart disease,,,,,25.0,25.02429,,,,,
75,WHS2_131,Age-standardized NCD mortality rate  (per 100 000 population),https://www.who.int/data/gho/indicator-metadata-registry/imr-details/78,,,,PUBLISHED,Published,,2000.0,2000,,AFR,2000,2000,Africa,,NGA,Nigeria,,,,,FMLE,Female,,GHE126,Genitourinary diseases,,,,,31.2,31.23068,,,,,
76,WHS2_131,Age-standardized NCD mortality rate  (per 100 000 population),https://www.who.int/data/gho/indicator-metadata-registry/imr-details/78,,,,PUBLISHED,Published,,2000.0,2000,,AFR,2000,2000,Africa,,NGA,Nigeria,,,,,FMLE,Female,,GHE127,Kidney diseases,,,,,24.7,24.70817,,,,,
77,WHS2_131,Age-standardized NCD mortality rate  (per 100 000 population),https://www.who.int/data/gho/indicator-metadata-registry/imr-details/78,,,,PUBLISHED,Published,,2000.0,2000,,AFR,2000,2000,Africa,,NGA,Nigeria,,,,,FMLE,Female,,GHE128,Hyperplasia of prostate,,,,,0.0,0.00000,,,,,
78,WHS2_131,Age-standardized NCD mortality rate  (per 100 000 population),https://www.who.int/data/gho/indicator-metadata-registry/imr-details/78,,,,PUBLISHED,Published,,2000.0,2000,,AFR,2000,2000,Africa,,NGA,Nigeria,,,,,FMLE,Female,,GHE129,Urolithiasis,,,,,0.3,0.26691,,,,,
79,WHS2_131,Age-standardized NCD mortality rate  (per 100 000 population),https://www.who.int/data/gho/indicator-metadata-registry/imr-details/78,,,,PUBLISHED,Published,,2000.0,2000,,AFR,2000,2000,Africa,,NGA,Nigeria,,,,,FMLE,Female,,GHE153,Road injury,,,,,23.1,23.10970,,,,,
80,WHS2_131,Age-standardized NCD mortality rate  (per 100 000 population),https://www.who.int/data/gho/indicator-metadata-registry/imr-details/78,,,,PUBLISHED,Published,,2000.0,2000,,AFR,2000,2000,Africa,,NGA,Nigeria,,,,,FMLE,Female,,GHE154,Poisonings,,,,,2.3,2.28265,,,,,
81,WHS2_131,Age-standardized NCD mortality rate  (per 100 000 population),https://www.who.int/data/gho/indicator-metadata-registry/imr-details/78,,,,PUBLISHED,Published,,2000.0,2000,,AFR,2000,2000,Africa,,NGA,Nigeria,,,,,FMLE,Female,,GHE155,Falls,,,,,21.0,20.98635,,,,,
82,WHS2_131,Age-standardized NCD mortality rate  (per 100 000 population),https://www.who.int/data/gho/indicator-metadata-registry/imr-details/78,,,,PUBLISHED,Published,,2000.0,2000,,AFR,2000,2000,Africa,,NGA,Nigeria,,,,,FMLE,Female,,GHE156,"Fire, heat and hot substances",,,,,17.4,17.41716,,,,,
83,WHS2_131,Age-standardized NCD mortality rate  (per 100 000 population),https://www.who.int/data/gho/indicator-metadata-registry/imr-details/78,,,,PUBLISHED,Published,,2012.0,2012,,AFR,2012,2012,Africa,,NGA,Nigeria,,,,,BTSX,Both sexes,,GHE011,Diarrhoeal diseases,,,,,70.6,70.60278,,,,,
84,WHS2_131,Age-standardized NCD mortality rate  (per 100 000 population),https://www.who.int/data/gho/indicator-metadata-registry/imr-details/78,,,,PUBLISHED,Published,,2012.0,2012,,AFR,2012,2012,Africa,,NGA,Nigeria,,,,,BTSX,Both sexes,,GHE012,Childhood-cluster diseases,,,,,8.7,8.74936,,,,,
85,WHS2_131,Age-standardized NCD mortality rate  (per 100 000 population),https://www.who.int/data/gho/indicator-metadata-registry/imr-details/78,,,,PUBLISHED,Published,,2012.0,2012,,AFR,2012,2012,Africa,,NGA,Nigeria,,,,,BTSX,Both sexes,,GHE013,Whooping cough,,,,,3.0,3.04614,,,,,
86,WHS2_131,Age-standardized NCD mortality rate  (per 100 000 population),https://www.who.int/data/gho/indicator-metadata-registry/imr-details/78,,,,PUBLISHED,Published,,2012.0,2012,,AFR,2012,2012,Africa,,NGA,Nigeria,,,,,BTSX,Both sexes,,GHE014,Diphtheria,,,,,0.3,0.27103,,,,,
87,WHS2_131,Age-standardized NCD mortality rate  (per 100 000 population),https://www.who.int/data/gho/indicator-metadata-registry/imr-details/78,,,,PUBLISHED,Published,,2012.0,2012,,AFR,2012,2012,Africa,,NGA,Nigeria,,,,,BTSX,Both sexes,,GHE028,Onchocerciasis,,,,,0.0,0.00000,,,,,
88,WHS2_131,Age-standardized NCD mortality rate  (per 100 000 population),https://www.who.int/data/gho/indicator-metadata-registry/imr-details/78,,,,PUBLISHED,Published,,2012.0,2012,,AFR,2012,2012,Africa,,NGA,Nigeria,,,,,BTSX,Both sexes,,GHE029,Leprosy,,,,,0.0,0.00000,,,,,
89,WHS2_131,Age-standardized NCD mortality rate  (per 100 000 population),https://www.who.int/data/gho/indicator-metadata-registry/imr-details/78,,,,PUBLISHED,Published,,2012.0,2012,,AFR,2012,2012,Africa,,NGA,Nigeria,,,,,BTSX,Both sexes,,GHE030,Dengue,,,,,0.3,0.28756,,,,,
90,WHS2_131,Age-standardized NCD mortality rate  (per 100 000 population),https://www.who.int/data/gho/indicator-metadata-registry/imr-details/78,,,,PUBLISHED,Published,,2012.0,2012,,AFR,2012,2012,Africa,,NGA,Nigeria,,,,,BTSX,Both sexes,,GHE031,Trachoma,,,,,0.0,0.00000,,,,,
91,WHS2_131,Age-standardized NCD mortality rate  (per 100 000 population),https://www.who.int/data/gho/indicator-metadata-registry/imr-details/78,,,,PUBLISHED,Published,,2012.0,2012,,AFR,2012,2012,Africa,,NGA,Nigeria,,,,,BTSX,Both sexes,,GHE054,Nutritional deficiencies,,,,,49.1,49.13844,,,,,
92,WHS2_131,Age-standardized NCD mortality rate  (per 100 000 population),https://www.who.int/data/gho/indicator-metadata-registry/imr-details/78,,,,PUBLISHED,Published,,2012.0,2012,,AFR,2012,2012,Africa,,NGA,Nigeria,,,,,BTSX,Both sexes,,GHE055,Protein-energy malnutrition,,,,,35.6,35.58834,,,,,
93,WHS2_131,Age-standardized NCD mortality rate  (per 100 000 population),https://www.who.int/data/gho/indicator-metadata-registry/imr-details/78,,,,PUBLISHED,Published,,2012.0,2012,,AFR,2012,2012,Africa,,NGA,Nigeria,,,,,BTSX,Both sexes,,GHE061,Malignant neoplasms,,,,,106.7,106.70205,,,,,
94,WHS2_131,Age-standardized NCD mortality rate  (per 100 000 population),https://www.who.int/data/gho/indicator-metadata-registry/imr-details/78,,,,PUBLISHED,Published,,2012.0,2012,,AFR,2012,2012,Africa,,NGA,Nigeria,,,,,BTSX,Both sexes,,GHE062,Mouth and oropharynx cancers,,,,,2.1,2.09478,,,,,
95,WHS2_131,Age-standardized NCD mortality rate  (per 100 000 population),https://www.who.int/data/gho/indicator-metadata-registry/imr-details/78,,,,PUBLISHED,Published,,2012.0,2012,,AFR,2012,2012,Africa,,NGA,Nigeria,,,,,BTSX,Both sexes,,GHE075,Bladder cancer,,,,,1.0,1.02523,,,,,
96,WHS2_131,Age-standardized NCD mortality rate  (per 100 000 population),https://www.who.int/data/gho/indicator-metadata-registry/imr-details/78,,,,PUBLISHED,Published,,2012.0,2012,,AFR,2012,2012,Africa,,NGA,Nigeria,,,,,BTSX,Both sexes,,GHE076,"Lymphomas, multiple myeloma",,,,,4.6,4.58010,,,,,
97,WHS2_131,Age-standardized NCD mortality rate  (per 100 000 population),https://www.who.int/data/gho/indicator-metadata-registry/imr-details/78,,,,PUBLISHED,Published,,2012.0,2012,,AFR,2012,2012,Africa,,NGA,Nigeria,,,,,BTSX,Both sexes,,GHE077,Leukaemia,,,,,1.7,1.74697,,,,,
98,WHS2_131,Age-standardized NCD mortality rate  (per 100 000 population),https://www.who.int/data/gho/indicator-metadata-registry/imr-details/78,,,,PUBLISHED,Published,,2012.0,2012,,AFR,2012,2012,Africa,,NGA,Nigeria,,,,,BTSX,Both sexes,,GHE078,Other malignant neoplasms,,,,,10.7,10.74272,,,,,
99,WHS2_131,Age-standardized NCD mortality rate  (per 100 000 population),https://www.who.int/data/gho/indicator-metadata-registry/imr-details/78,,,,PUBLISHED,Published,,2012.0,2012,,AFR,2012,2012,Africa,,NGA,Nigeria,,,,,BTSX,Both sexes,,GHE113,Ischaemic heart disease,,,,,92.6,92.64012,,,,,
100,WHS2_131,Age-standardized NCD mortality rate  (per 100 000 population),https://www.who.int/data/gho/indicator-metadata-registry/imr-details/78,,,,PUBLISHED,Published,,2012.0,2012,,AFR,2012,2012,Africa,,NGA,Nigeria,,,,,BTSX,Both sexes,,GHE114,Stroke,,,,,124.2,124.17913,,,,,
101,WHS2_131,Age-standardized NCD mortality rate  (per 100 000 population),https://www.who.int/data/gho/indicator-metadata-registry/imr-details/78,,,,PUBLISHED,Published,,2012.0,2012,,AFR,2012,2012,Africa,,NGA,Nigeria,,,,,BTSX,Both sexes,,GHE115,"Cardiomyopathy, myocarditis, endocarditis",,,,,9.8,9.81388,,,,,
102,WHS2_131,Age-standardized NCD mortality rate  (per 100 000 population),https://www.who.int/data/gho/indicator-metadata-registry/imr-details/78,,,,PUBLISHED,Published,,2012.0,2012,,AFR,2012,2012,Africa,,NGA,Nigeria,,,,,BTSX,Both sexes,,GHE116,Other circulatory diseases,,,,,16.8,16.83259,,,,,
103,WHS2_131,Age-standardized NCD mortality rate  (per 100 000 population),https://www.who.int/data/gho/indicator-metadata-registry/imr-details/78,,,,PUBLISHED,Published,,2012.0,2012,,AFR,2012,2012,Africa,,NGA,Nigeria,,,,,BTSX,Both sexes,,GHE130,Other genitourinary diseases,,,,,10.8,10.83321,,,,,
104,WHS2_131,Age-standardized NCD mortality rate  (per 100 000 population),https://www.who.int/data/gho/indicator-metadata-registry/imr-details/78,,,,PUBLISHED,Published,,2012.0,2012,,AFR,2012,2012,Africa,,NGA,Nigeria,,,,,BTSX,Both sexes,,GHE132,Gynecological diseases,,,,,0.1,0.14386,,,,,
105,WHS2_131,Age-standardized NCD mortality rate  (per 100 000 population),https://www.who.int/data/gho/indicator-metadata-registry/imr-details/78,,,,PUBLISHED,Published,,2012.0,2012,,AFR,2012,2012,Africa,,NGA,Nigeria,,,,,BTSX,Both sexes,,GHE134,Musculoskeletal diseases,,,,,5.2,5.15714,,,,,
106,WHS2_131,Age-standardized NCD mortality rate  (per 100 000 population),https://www.who.int/data/gho/indicator-metadata-registry/imr-details/78,,,,PUBLISHED,Published,,2012.0,2012,,AFR,2012,2012,Africa,,NGA,Nigeria,,,,,BTSX,Both sexes,,GHE140,Congenital anomalies,,,,,9.0,8.95108,,,,,
107,WHS2_131,Age-standardized NCD mortality rate  (per 100 000 population),https://www.who.int/data/gho/indicator-metadata-registry/imr-details/78,,,,PUBLISHED,Published,,2012.0,2012,,AFR,2012,2012,Africa,,NGA,Nigeria,,,,,BTSX,Both sexes,,GHE157,Drowning,,,,,6.8,6.84111,,,,,
108,WHS2_131,Age-standardized NCD mortality rate  (per 100 000 population),https://www.who.int/data/gho/indicator-metadata-registry/imr-details/78,,,,PUBLISHED,Published,,2012.0,2012,,AFR,2012,2012,Africa,,NGA,Nigeria,,,,,BTSX,Both sexes,,GHE158,Exposure to forces of nature,,,,,0.0,0.00000,,,,,
109,WHS2_131,Age-standardized NCD mortality rate  (per 100 000 population),https://www.who.int/data/gho/indicator-metadata-registry/imr-details/78,,,,PUBLISHED,Published,,2012.0,2012,,AFR,2012,2012,Africa,,NGA,Nigeria,,,,,BTSX,Both sexes,,GHE159,Other unintentional injuries,,,,,22.0,21.99810,,,,,
110,WHS2_131,Age-standardized NCD mortality rate  (per 100 000 population),https://www.who.int/data/gho/indicator-metadata-registry/imr-details/78,,,,PUBLISHED,Published,,2012.0,2012,,AFR,2012,2012,Africa,,NGA,Nigeria,,,,,BTSX,Both sexes,,GHE160,Intentional injuries,,,,,29.1,29.08182,,,,,
111,WHS2_131,Age-standardized NCD mortality rate  (per 100 000 population),https://www.who.int/data/gho/indicator-metadata-registry/imr-details/78,,,,PUBLISHED,Published,,2012.0,2012,,AFR,2012,2012,Africa,,NGA,Nigeria,,,,,MLE,Male,,GHE015,Measles,,,,,1.8,1.77788,,,,,
112,WHS2_131,Age-standardized NCD mortality rate  (per 100 000 population),https://www.who.int/data/gho/indicator-metadata-registry/imr-details/78,,,,PUBLISHED,Published,,2012.0,2012,,AFR,2012,2012,Africa,,NGA,Nigeria,,,,,MLE,Male,,GHE016,Tetanus,,,,,1.4,1.43282,,,,,
113,WHS2_131,Age-standardized NCD mortality rate  (per 100 000 population),https://www.who.int/data/gho/indicator-metadata-registry/imr-details/78,,,,PUBLISHED,Published,,2012.0,2012,,AFR,2012,2012,Africa,,NGA,Nigeria,,,,,MLE,Male,,GHE017,Meningitis,,,,,45.5,45.50425,,,,,
114,WHS2_131,Age-standardized NCD mortality rate  (per 100 000 population),https://www.who.int/data/gho/indicator-metadata-registry/imr-details/78,,,,PUBLISHED,Published,,2012.0,2012,,AFR,2012,2012,Africa,,NGA,Nigeria,,,,,MLE,Male,,GHE018,Encephalitis,,,,,2.9,2.87462,,,,,
115,WHS2_131,Age-standardized NCD mortality rate  (per 100 000 population),https://www.who.int/data/gho/indicator-metadata-registry/imr-details/78,,,,PUBLISHED,Published,,2012.0,2012,,AFR,2012,2012,Africa,,NGA,Nigeria,,,,,MLE,Male,,GHE032,Rabies,,,,,1.9,1.86229,,,,,
116,WHS2_131,Age-standardized NCD mortality rate  (per 100 000 population),https://www.who.int/data/gho/indicator-metadata-registry/imr-details/78,,,,PUBLISHED,Published,,2012.0,2012,,AFR,2012,2012,Africa,,NGA,Nigeria,,,,,MLE,Male,,GHE033,Intestinal nematode infections,,,,,0.1,0.12913,,,,,
117,WHS2_131,Age-standardized NCD mortality rate  (per 100 000 population),https://www.who.int/data/gho/indicator-metadata-registry/imr-details/78,,,,PUBLISHED,Published,,2012.0,2012,,AFR,2012,2012,Africa,,NGA,Nigeria,,,,,MLE,Male,,GHE037,Other infectious diseases,,,,,30.5,30.45298,,,,,
118,WHS2_131,Age-standardized NCD mortality rate  (per 100 000 population),https://www.who.int/data/gho/indicator-metadata-registry/imr-details/78,,,,PUBLISHED,Published,,2012.0,2012,,AFR,2012,2012,Africa,,NGA,Nigeria,,,,,MLE,Male,,GHE038,Respiratory infections,,,,,308.8,308.79732,,,,,
119,WHS2_131,Age-standardized NCD mortality rate  (per 100 000 population),https://www.who.int/data/gho/indicator-metadata-registry/imr-details/78,,,,PUBLISHED,Published,,2012.0,2012,,AFR,2012,2012,Africa,,NGA,Nigeria,,,,,MLE,Male,,GHE062,Mouth and oropharynx cancers,,,,,2.6,2.55308,,,,,
120,WHS2_131,Age-standardized NCD mortality rate  (per 100 000 population),https://www.who.int/data/gho/indicator-metadata-registry/imr-details/78,,,,PUBLISHED,Published,,2012.0,2012,,AFR,2012,2012,Africa,,NGA,Nigeria,,,,,MLE,Male,,GHE063,Oesophagus cancer,,,,,0.4,0.43094,,,,,
121,WHS2_131,Age-standardized NCD mortality rate  (per 100 000 population),https://www.who.int/data/gho/indicator-metadata-registry/imr-details/78,,,,PUBLISHED,Published,,2012.0,2012,,AFR,2012,2012,Africa,,NGA,Nigeria,,,,,MLE,Male,,GHE064,Stomach cancer,,,,,2.5,2.54345,,,,,
122,WHS2_131,Age-standardized NCD mortality rate  (per 100 000 population),https://www.who.int/data/gho/indicator-metadata-registry/imr-details/78,,,,PUBLISHED,Published,,2012.0,2012,,AFR,2012,2012,Africa,,NGA,Nigeria,,,,,MLE,Male,,GHE065,Colon and rectum cancers,,,,,4.5,4.48747,,,,,
123,WHS2_131,Age-standardized NCD mortality rate  (per 100 000 population),https://www.who.int/data/gho/indicator-metadata-registry/imr-details/78,,,,PUBLISHED,Published,,2012.0,2012,,AFR,2012,2012,Africa,,NGA,Nigeria,,,,,MLE,Male,,GHE066,Liver cancer,,,,,17.3,17.30192,,,,,
124,WHS2_131,Age-standardized NCD mortality rate  (per 100 000 population),https://www.who.int/data/gho/indicator-metadata-registry/imr-details/78,,,,PUBLISHED,Published,,2012.0,2012,,AFR,2012,2012,Africa,,NGA,Nigeria,,,,,MLE,Male,,GHE079,Other neoplasms,,,,,4.9,4.86670,,,,,
125,WHS2_131,Age-standardized NCD mortality rate  (per 100 000 population),https://www.who.int/data/gho/indicator-metadata-registry/imr-details/78,,,,PUBLISHED,Published,,2012.0,2012,,AFR,2012,2012,Africa,,NGA,Nigeria,,,,,MLE,Male,,GHE080,Diabetes mellitus,,,,,41.9,41.93767,,,,,
126,WHS2_131,Age-standardized NCD mortality rate  (per 100 000 population),https://www.who.int/data/gho/indicator-metadata-registry/imr-details/78,,,,PUBLISHED,Published,,2012.0,2012,,AFR,2012,2012,Africa,,NGA,Nigeria,,,,,MLE,Male,,GHE081,"Endocrine, blood, immune disorders",,,,,14.5,14.53596,,,,,
127,WHS2_131,Age-standardized NCD mortality rate  (per 100 000 population),https://www.who.int/data/gho/indicator-metadata-registry/imr-details/78,,,,PUBLISHED,Published,,2012.0,2012,,AFR,2012,2012,Africa,,NGA,Nigeria,,,,,MLE,Male,,GHE082,Mental and behavioral disorders,,,,,3.5,3.53236,,,,,
128,WHS2_131,Age-standardized NCD mortality rate  (per 100 000 population),https://www.who.int/data/gho/indicator-metadata-registry/imr-details/78,,,,PUBLISHED,Published,,2012.0,2012,,AFR,2012,2012,Africa,,NGA,Nigeria,,,,,MLE,Male,,GHE117,Respiratory diseases,,,,,40.1,40.06187,,,,,
129,WHS2_131,Age-standardized NCD mortality rate  (per 100 000 population),https://www.who.int/data/gho/indicator-metadata-registry/imr-details/78,,,,PUBLISHED,Published,,2012.0,2012,,AFR,2012,2012,Africa,,NGA,Nigeria,,,,,MLE,Male,,GHE118,Chronic obstructive pulmonary disease,,,,,22.8,22.77779,,,,,
130,WHS2_131,Age-standardized NCD mortality rate  (per 100 000 population),https://www.who.int/data/gho/indicator-metadata-registry/imr-details/78,,,,PUBLISHED,Published,,2012.0,2012,,AFR,2012,2012,Africa,,NGA,Nigeria,,,,,MLE,Male,,GHE119,Asthma,,,,,9.0,8.97433,,,,,
131,WHS2_131,Age-standardized NCD mortality rate  (per 100 000 population),https://www.who.int/data/gho/indicator-metadata-registry/imr-details/78,,,,PUBLISHED,Published,,2012.0,2012,,AFR,2012,2012,Africa,,NGA,Nigeria,,,,,MLE,Male,,GHE120,Other respiratory diseases,,,,,8.3,8.30976,,,,,
132,WHS2_131,Age-standardized NCD mortality rate  (per 100 000 population),https://www.who.int/data/gho/indicator-metadata-registry/imr-details/78,,,,PUBLISHED,Published,,2012.0,2012,,AFR,2012,2012,Africa,,NGA,Nigeria,,,,,MLE,Male,,GHE141,Neural tube defects,,,,,1.5,1.46960,,,,,
133,WHS2_131,Age-standardized NCD mortality rate  (per 100 000 population),https://www.who.int/data/gho/indicator-metadata-registry/imr-details/78,,,,PUBLISHED,Published,,2012.0,2012,,AFR,2012,2012,Africa,,NGA,Nigeria,,,,,MLE,Male,,GHE142,Cleft lip and cleft palate,,,,,0.0,0.04819,,,,,
134,WHS2_131,Age-standardized NCD mortality rate  (per 100 000 population),https://www.who.int/data/gho/indicator-metadata-registry/imr-details/78,,,,PUBLISHED,Published,,2012.0,2012,,AFR,2012,2012,Africa,,NGA,Nigeria,,,,,MLE,Male,,GHE143,Down's syndrome,,,,,0.4,0.37037,,,,,
135,WHS2_131,Age-standardized NCD mortality rate  (per 100 000 population),https://www.who.int/data/gho/indicator-metadata-registry/imr-details/78,,,,PUBLISHED,Published,,2012.0,2012,,AFR,2012,2012,Africa,,NGA,Nigeria,,,,,MLE,Male,,GHE144,Congenital heart anomalies,,,,,3.1,3.13494,,,,,
136,WHS2_131,Age-standardized NCD mortality rate  (per 100 000 population),https://www.who.int/data/gho/indicator-metadata-registry/imr-details/78,,,,PUBLISHED,Published,,2012.0,2012,,AFR,2012,2012,Africa,,NGA,Nigeria,,,,,MLE,Male,,GHE161,Self-harm,,,,,10.3,10.25622,,,,,
137,WHS2_131,Age-standardized NCD mortality rate  (per 100 000 population),https://www.who.int/data/gho/indicator-metadata-registry/imr-details/78,,,,PUBLISHED,Published,,2012.0,2012,,AFR,2012,2012,Africa,,NGA,Nigeria,,,,,MLE,Male,,GHE162,Interpersonal violence,,,,,31.3,31.34612,,,,,
138,WHS2_131,Age-standardized NCD mortality rate  (per 100 000 population),https://www.who.int/data/gho/indicator-metadata-registry/imr-details/78,,,,PUBLISHED,Published,,2012.0,2012,,AFR,2012,2012,Africa,,NGA,Nigeria,,,,,MLE,Male,,GHE163,Collective violence and legal intervention,,,,,2.0,2.02752,,,,,
139,WHS2_131,Age-standardized NCD mortality rate  (per 100 000 population),https://www.who.int/data/gho/indicator-metadata-registry/imr-details/78,,,,PUBLISHED,Published,,2012.0,2012,,AFR,2012,2012,Africa,,NGA,Nigeria,,,,,FMLE,Female,,GHE000,All Causes,,,,,1624.1,1624.07903,,,,,
140,WHS2_131,Age-standardized NCD mortality rate  (per 100 000 population),https://www.who.int/data/gho/indicator-metadata-registry/imr-details/78,,,,PUBLISHED,Published,,2012.0,2012,,AFR,2012,2012,Africa,,NGA,Nigeria,,,,,FMLE,Female,,GHE019,Acute hepatitis B,,,,,4.8,4.75098,,,,,
141,WHS2_131,Age-standardized NCD mortality rate  (per 100 000 population),https://www.who.int/data/gho/indicator-metadata-registry/imr-details/78,,,,PUBLISHED,Published,,2012.0,2012,,AFR,2012,2012,Africa,,NGA,Nigeria,,,,,FMLE,Female,,GHE020,Acute hepatitis C,,,,,0.8,0.76891,,,,,
142,WHS2_131,Age-standardized NCD mortality rate  (per 100 000 population),https://www.who.int/data/gho/indicator-metadata-registry/imr-details/78,,,,PUBLISHED,Published,,2012.0,2012,,AFR,2012,2012,Africa,,NGA,Nigeria,,,,,FMLE,Female,,GHE021,Parasitic and vector diseases,,,,,67.8,67.75461,,,,,
143,WHS2_131,Age-standardized NCD mortality rate  (per 100 000 population),https://www.who.int/data/gho/indicator-metadata-registry/imr-details/78,,,,PUBLISHED,Published,,2012.0,2012,,AFR,2012,2012,Africa,,NGA,Nigeria,,,,,FMLE,Female,,GHE022,Malaria,,,,,61.4,61.39519,,,,,
144,WHS2_131,Age-standardized NCD mortality rate  (per 100 000 population),https://www.who.int/data/gho/indicator-metadata-registry/imr-details/78,,,,PUBLISHED,Published,,2012.0,2012,,AFR,2012,2012,Africa,,NGA,Nigeria,,,,,FMLE,Female,,GHE039,Lower respiratory infections,,,,,270.5,270.54222,,,,,
145,WHS2_131,Age-standardized NCD mortality rate  (per 100 000 population),https://www.who.int/data/gho/indicator-metadata-registry/imr-details/78,,,,PUBLISHED,Published,,2012.0,2012,,AFR,2012,2012,Africa,,NGA,Nigeria,,,,,FMLE,Female,,GHE040,Upper respiratory infections,,,,,0.6,0.62968,,,,,
146,WHS2_131,Age-standardized NCD mortality rate  (per 100 000 population),https://www.who.int/data/gho/indicator-metadata-registry/imr-details/78,,,,PUBLISHED,Published,,2012.0,2012,,AFR,2012,2012,Africa,,NGA,Nigeria,,,,,FMLE,Female,,GHE042,Maternal conditions,,,,,57.1,57.08258,,,,,
147,WHS2_131,Age-standardized NCD mortality rate  (per 100 000 population),https://www.who.int/data/gho/indicator-metadata-registry/imr-details/78,,,,PUBLISHED,Published,,2012.0,2012,,AFR,2012,2012,Africa,,NGA,Nigeria,,,,,FMLE,Female,,GHE049,Neonatal conditions,,,,,59.1,59.08087,,,,,
148,WHS2_131,Age-standardized NCD mortality rate  (per 100 000 population),https://www.who.int/data/gho/indicator-metadata-registry/imr-details/78,,,,PUBLISHED,Published,,2012.0,2012,,AFR,2012,2012,Africa,,NGA,Nigeria,,,,,FMLE,Female,,GHE066,Liver cancer,,,,,10.0,10.04188,,,,,
149,WHS2_131,Age-standardized NCD mortality rate  (per 100 000 population),https://www.who.int/data/gho/indicator-metadata-registry/imr-details/78,,,,PUBLISHED,Published,,2012.0,2012,,AFR,2012,2012,Africa,,NGA,Nigeria,,,,,FMLE,Female,,GHE067,Pancreas cancer,,,,,1.6,1.64765,,,,,
150,WHS2_131,Age-standardized NCD mortality rate  (per 100 000 population),https://www.who.int/data/gho/indicator-metadata-registry/imr-details/78,,,,PUBLISHED,Published,,2012.0,2012,,AFR,2012,2012,Africa,,NGA,Nigeria,,,,,FMLE,Female,,GHE068,"Trachea, bronchus, lung cancers",,,,,1.1,1.08741,,,,,
151,WHS2_131,Age-standardized NCD mortality rate  (per 100 000 population),https://www.who.int/data/gho/indicator-metadata-registry/imr-details/78,,,,PUBLISHED,Published,,2012.0,2012,,AFR,2012,2012,Africa,,NGA,Nigeria,,,,,FMLE,Female,,GHE069,Melanoma and other skin cancers,,,,,0.7,0.74402,,,,,
152,WHS2_131,Age-standardized NCD mortality rate  (per 100 000 population),https://www.who.int/data/gho/indicator-metadata-registry/imr-details/78,,,,PUBLISHED,Published,,2012.0,2012,,AFR,2012,2012,Africa,,NGA,Nigeria,,,,,FMLE,Female,,GHE070,Breast cancer,,,,,30.1,30.05634,,,,,
153,WHS2_131,Age-standardized NCD mortality rate  (per 100 000 population),https://www.who.int/data/gho/indicator-metadata-registry/imr-details/78,,,,PUBLISHED,Published,,2012.0,2012,,AFR,2012,2012,Africa,,NGA,Nigeria,,,,,FMLE,Female,,GHE094,Neurological conditions,,,,,26.1,26.09871,,,,,
154,WHS2_131,Age-standardized NCD mortality rate  (per 100 000 population),https://www.who.int/data/gho/indicator-metadata-registry/imr-details/78,,,,PUBLISHED,Published,,2012.0,2012,,AFR,2012,2012,Africa,,NGA,Nigeria,,,,,FMLE,Female,,GHE095,Alzheimer's disease and other dementias,,,,,5.4,5.38299,,,,,
155,WHS2_131,Age-standardized NCD mortality rate  (per 100 000 population),https://www.who.int/data/gho/indicator-metadata-registry/imr-details/78,,,,PUBLISHED,Published,,2012.0,2012,,AFR,2012,2012,Africa,,NGA,Nigeria,,,,,FMLE,Female,,GHE096,Parkinson's disease,,,,,3.1,3.12110,,,,,
156,WHS2_131,Age-standardized NCD mortality rate  (per 100 000 population),https://www.who.int/data/gho/indicator-metadata-registry/imr-details/78,,,,PUBLISHED,Published,,2012.0,2012,,AFR,2012,2012,Africa,,NGA,Nigeria,,,,,FMLE,Female,,GHE097,Epilepsy,,,,,13.9,13.91258,,,,,
157,WHS2_131,Age-standardized NCD mortality rate  (per 100 000 population),https://www.who.int/data/gho/indicator-metadata-registry/imr-details/78,,,,PUBLISHED,Published,,2012.0,2012,,AFR,2012,2012,Africa,,NGA,Nigeria,,,,,FMLE,Female,,GHE121,Digestive diseases,,,,,83.4,83.35002,,,,,
158,WHS2_131,Age-standardized NCD mortality rate  (per 100 000 population),https://www.who.int/data/gho/indicator-metadata-registry/imr-details/78,,,,PUBLISHED,Published,,2012.0,2012,,AFR,2012,2012,Africa,,NGA,Nigeria,,,,,FMLE,Female,,GHE122,Peptic ulcer disease,,,,,12.7,12.74002,,,,,
159,WHS2_131,Age-standardized NCD mortality rate  (per 100 000 population),https://www.who.int/data/gho/indicator-metadata-registry/imr-details/78,,,,PUBLISHED,Published,,2012.0,2012,,AFR,2012,2012,Africa,,NGA,Nigeria,,,,,FMLE,Female,,GHE123,Cirrhosis of the liver,,,,,22.4,22.41315,,,,,
160,WHS2_131,Age-standardized NCD mortality rate  (per 100 000 population),https://www.who.int/data/gho/indicator-metadata-registry/imr-details/78,,,,PUBLISHED,Published,,2012.0,2012,,AFR,2012,2012,Africa,,NGA,Nigeria,,,,,FMLE,Female,,GHE124,Appendicitis,,,,,6.9,6.88830,,,,,
161,WHS2_131,Age-standardized NCD mortality rate  (per 100 000 population),https://www.who.int/data/gho/indicator-metadata-registry/imr-details/78,,,,PUBLISHED,Published,,2012.0,2012,,AFR,2012,2012,Africa,,NGA,Nigeria,,,,,FMLE,Female,,GHE144,Congenital heart anomalies,,,,,2.6,2.63836,,,,,
162,WHS2_131,Age-standardized NCD mortality rate  (per 100 000 population),https://www.who.int/data/gho/indicator-metadata-registry/imr-details/78,,,,PUBLISHED,Published,,2012.0,2012,,AFR,2012,2012,Africa,,NGA,Nigeria,,,,,FMLE,Female,,GHE145,Other chromosomal anomalies,,,,,0.4,0.42320,,,,,
163,WHS2_131,Age-standardized NCD mortality rate  (per 100 000 population),https://www.who.int/data/gho/indicator-metadata-registry/imr-details/78,,,,PUBLISHED,Published,,2012.0,2012,,AFR,2012,2012,Africa,,NGA,Nigeria,,,,,FMLE,Female,,GHE146,Other congenital anomalies,,,,,3.6,3.59378,,,,,
164,WHS2_131,Age-standardized NCD mortality rate  (per 100 000 population),https://www.who.int/data/gho/indicator-metadata-registry/imr-details/78,,,,PUBLISHED,Published,,2012.0,2012,,AFR,2012,2012,Africa,,NGA,Nigeria,,,,,FMLE,Female,,GHE151,Injuries,,,,,104.6,104.60013,,,,,
165,WHS2_131,Age-standardized NCD mortality rate  (per 100 000 population),https://www.who.int/data/gho/indicator-metadata-registry/imr-details/78,,,,PUBLISHED,Published,,2012.0,2012,,AFR,2012,2012,Africa,,NGA,Nigeria,,,,,FMLE,Female,,GHE152,Unintentional injuries,,,,,90.2,90.24543,,,,,
166,GBD_DALYRTAGE,"Age-standardized DALYs (per 100,000)",https://www.who.int/data/gho/indicator-metadata-registry/imr-details/157,,,,PUBLISHED,Published,,2012.0,2012,,AFR,2012,2012,Africa,,NGA,Nigeria,,,,,,,,GHE001,Communicable & other Group I,,,,,"48,537",48536.53906,,,,,
167,GBD_DALYRTAGE,"Age-standardized DALYs (per 100,000)",https://www.who.int/data/gho/indicator-metadata-registry/imr-details/157,,,,PUBLISHED,Published,,2012.0,2012,,AFR,2012,2012,Africa,,NGA,Nigeria,,,,,,,,GHE060,Noncommunicable diseases,,,,,"28,039",28038.52930,,,,,
168,GBD_DALYRTAGE,"Age-standardized DALYs (per 100,000)",https://www.who.int/data/gho/indicator-metadata-registry/imr-details/157,,,,PUBLISHED,Published,,2012.0,2012,,AFR,2012,2012,Africa,,NGA,Nigeria,,,,,,,,GHE151,Injuries,,,,,"8,189",8189.17285,,,,,
169,WHS2_126,Distribution of years of life lost by major cause group,https://www.who.int/data/gho/indicator-metadata-registry/imr-details/90,,,,PUBLISHED,Published,,2000.0,2000,,AFR,2000,2000,Africa,,NGA,Nigeria,,,,,,,,GHE151,Injuries,,,,,7,7.00000,,,,,
170,WHS2_126,Distribution of years of life lost by major cause group,https://www.who.int/data/gho/indicator-metadata-registry/imr-details/90,,,,PUBLISHED,Published,,2012.0,2012,,AFR,2012,2012,Africa,,NGA,Nigeria,,,,,,,,GHE001,Communicable & other Group I,,,,,73,73.00000,,,,,
171,WHS2_126,Distribution of years of life lost by major cause group,https://www.who.int/data/gho/indicator-metadata-registry/imr-details/90,,,,PUBLISHED,Published,,2012.0,2012,,AFR,2012,2012,Africa,,NGA,Nigeria,,,,,,,,GHE060,Noncommunicable diseases,,,,,16,16.00000,,,,,
172,WHS2_126,Distribution of years of life lost by major cause group,https://www.who.int/data/gho/indicator-metadata-registry/imr-details/90,,,,PUBLISHED,Published,,2012.0,2012,,AFR,2012,2012,Africa,,NGA,Nigeria,,,,,,,,GHE151,Injuries,,,,,10,10.00000,,,,,
173,WHS2_131,Age-standardized NCD mortality rate  (per 100 000 population),https://www.who.int/data/gho/indicator-metadata-registry/imr-details/78,,,,PUBLISHED,Published,,2000.0,2000,,AFR,2000,2000,Africa,,NGA,Nigeria,,,,,BTSX,Both sexes,,GHE002,Infectious and parasitic diseases,,,,,666.8,666.84978,,,,,
174,WHS2_131,Age-standardized NCD mortality rate  (per 100 000 population),https://www.who.int/data/gho/indicator-metadata-registry/imr-details/78,,,,PUBLISHED,Published,,2000.0,2000,,AFR,2000,2000,Africa,,NGA,Nigeria,,,,,BTSX,Both sexes,,GHE003,Tuberculosis,,,,,73.3,73.33734,,,,,
175,WHS2_131,Age-standardized NCD mortality rate  (per 100 000 population),https://www.who.int/data/gho/indicator-metadata-registry/imr-details/78,,,,PUBLISHED,Published,,2000.0,2000,,AFR,2000,2000,Africa,,NGA,Nigeria,,,,,BTSX,Both sexes,,GHE004,STDs excluding HIV,,,,,5.1,5.10382,,,,,
176,WHS2_131,Age-standardized NCD mortality rate  (per 100 000 population),https://www.who.int/data/gho/indicator-metadata-registry/imr-details/78,,,,PUBLISHED,Published,,2000.0,2000,,AFR,2000,2000,Africa,,NGA,Nigeria,,,,,BTSX,Both sexes,,GHE010,HIV/AIDS,,,,,134.3,134.28393,,,,,
177,WHS2_131,Age-standardized NCD mortality rate  (per 100 000 population),https://www.who.int/data/gho/indicator-metadata-registry/imr-details/78,,,,PUBLISHED,Published,,2000.0,2000,,AFR,2000,2000,Africa,,NGA,Nigeria,,,,,BTSX,Both sexes,,GHE011,Diarrhoeal diseases,,,,,128.4,128.43703,,,,,
178,WHS2_131,Age-standardized NCD mortality rate  (per 100 000 population),https://www.who.int/data/gho/indicator-metadata-registry/imr-details/78,,,,PUBLISHED,Published,,2000.0,2000,,AFR,2000,2000,Africa,,NGA,Nigeria,,,,,BTSX,Both sexes,,GHE024,Chagas disease,,,,,0.0,0.00000,,,,,
179,WHS2_131,Age-standardized NCD mortality rate  (per 100 000 population),https://www.who.int/data/gho/indicator-metadata-registry/imr-details/78,,,,PUBLISHED,Published,,2000.0,2000,,AFR,2000,2000,Africa,,NGA,Nigeria,,,,,BTSX,Both sexes,,GHE025,Schistosomiasis,,,,,4.5,4.52533,,,,,
180,WHS2_131,Age-standardized NCD mortality rate  (per 100 000 population),https://www.who.int/data/gho/indicator-metadata-registry/imr-details/78,,,,PUBLISHED,Published,,2000.0,2000,,AFR,2000,2000,Africa,,NGA,Nigeria,,,,,BTSX,Both sexes,,GHE026,Leishmaniasis,,,,,1.2,1.17874,,,,,
181,WHS2_131,Age-standardized NCD mortality rate  (per 100 000 population),https://www.who.int/data/gho/indicator-metadata-registry/imr-details/78,,,,PUBLISHED,Published,,2000.0,2000,,AFR,2000,2000,Africa,,NGA,Nigeria,,,,,BTSX,Both sexes,,GHE027,Lymphatic filariasis,,,,,0.0,0.00000,,,,,
182,WHS2_131,Age-standardized NCD mortality rate  (per 100 000 population),https://www.who.int/data/gho/indicator-metadata-registry/imr-details/78,,,,PUBLISHED,Published,,2000.0,2000,,AFR,2000,2000,Africa,,NGA,Nigeria,,,,,BTSX,Both sexes,,GHE051,Birth asphyxia and birth trauma,,,,,33.1,33.10766,,,,,
183,WHS2_131,Age-standardized NCD mortality rate  (per 100 000 population),https://www.who.int/data/gho/indicator-metadata-registry/imr-details/78,,,,PUBLISHED,Published,,2000.0,2000,,AFR,2000,2000,Africa,,NGA,Nigeria,,,,,BTSX,Both sexes,,GHE052,Neonatal sepsis and infections,,,,,12.4,12.37903,,,,,
184,WHS2_131,Age-standardized NCD mortality rate  (per 100 000 population),https://www.who.int/data/gho/indicator-metadata-registry/imr-details/78,,,,PUBLISHED,Published,,2000.0,2000,,AFR,2000,2000,Africa,,NGA,Nigeria,,,,,BTSX,Both sexes,,GHE053,Other neonatal conditions,,,,,2.0,1.95496,,,,,
185,WHS2_131,Age-standardized NCD mortality rate  (per 100 000 population),https://www.who.int/data/gho/indicator-metadata-registry/imr-details/78,,,,PUBLISHED,Published,,2000.0,2000,,AFR,2000,2000,Africa,,NGA,Nigeria,,,,,BTSX,Both sexes,,GHE054,Nutritional deficiencies,,,,,70.3,70.29391,,,,,
186,WHS2_131,Age-standardized NCD mortality rate  (per 100 000 population),https://www.who.int/data/gho/indicator-metadata-registry/imr-details/78,,,,PUBLISHED,Published,,2000.0,2000,,AFR,2000,2000,Africa,,NGA,Nigeria,,,,,BTSX,Both sexes,,GHE071,Cervix uteri cancer,,,,,15.2,15.24365,,,,,
187,WHS2_131,Age-standardized NCD mortality rate  (per 100 000 population),https://www.who.int/data/gho/indicator-metadata-registry/imr-details/78,,,,PUBLISHED,Published,,2000.0,2000,,AFR,2000,2000,Africa,,NGA,Nigeria,,,,,BTSX,Both sexes,,GHE072,Corpus uteri cancer,,,,,1.3,1.26270,,,,,
188,WHS2_131,Age-standardized NCD mortality rate  (per 100 000 population),https://www.who.int/data/gho/indicator-metadata-registry/imr-details/78,,,,PUBLISHED,Published,,2000.0,2000,,AFR,2000,2000,Africa,,NGA,Nigeria,,,,,BTSX,Both sexes,,GHE073,Ovary cancer,,,,,1.7,1.69798,,,,,
189,WHS2_131,Age-standardized NCD mortality rate  (per 100 000 population),https://www.who.int/data/gho/indicator-metadata-registry/imr-details/78,,,,PUBLISHED,Published,,2000.0,2000,,AFR,2000,2000,Africa,,NGA,Nigeria,,,,,BTSX,Both sexes,,GHE074,Prostate cancer,,,,,30.4,30.35173,,,,,
190,WHS2_131,Age-standardized NCD mortality rate  (per 100 000 population),https://www.who.int/data/gho/indicator-metadata-registry/imr-details/78,,,,PUBLISHED,Published,,2000.0,2000,,AFR,2000,2000,Africa,,NGA,Nigeria,,,,,BTSX,Both sexes,,GHE075,Bladder cancer,,,,,1.3,1.33356,,,,,
191,WHS2_131,Age-standardized NCD mortality rate  (per 100 000 population),https://www.who.int/data/gho/indicator-metadata-registry/imr-details/78,,,,PUBLISHED,Published,,2000.0,2000,,AFR,2000,2000,Africa,,NGA,Nigeria,,,,,BTSX,Both sexes,,GHE101,Other neurological conditions,,,,,4.9,4.91166,,,,,
192,WHS2_131,Age-standardized NCD mortality rate  (per 100 000 population),https://www.who.int/data/gho/indicator-metadata-registry/imr-details/78,,,,PUBLISHED,Published,,2000.0,2000,,AFR,2000,2000,Africa,,NGA,Nigeria,,,,,BTSX,Both sexes,,GHE110,Cardiovascular diseases,,,,,277.6,277.60642,,,,,
193,WHS2_131,Age-standardized NCD mortality rate  (per 100 000 population),https://www.who.int/data/gho/indicator-metadata-registry/imr-details/78,,,,PUBLISHED,Published,,2000.0,2000,,AFR,2000,2000,Africa,,NGA,Nigeria,,,,,BTSX,Both sexes,,GHE111,Rheumatic heart disease,,,,,8.5,8.52287,,,,,
194,WHS2_131,Age-standardized NCD mortality rate  (per 100 000 population),https://www.who.int/data/gho/indicator-metadata-registry/imr-details/78,,,,PUBLISHED,Published,,2000.0,2000,,AFR,2000,2000,Africa,,NGA,Nigeria,,,,,BTSX,Both sexes,,GHE112,Hypertensive heart disease,,,,,17.5,17.45559,,,,,
195,WHS2_131,Age-standardized NCD mortality rate  (per 100 000 population),https://www.who.int/data/gho/indicator-metadata-registry/imr-details/78,,,,PUBLISHED,Published,,2000.0,2000,,AFR,2000,2000,Africa,,NGA,Nigeria,,,,,BTSX,Both sexes,,GHE126,Genitourinary diseases,,,,,28.9,28.91375,,,,,
196,WHS2_131,Age-standardized NCD mortality rate  (per 100 000 population),https://www.who.int/data/gho/indicator-metadata-registry/imr-details/78,,,,PUBLISHED,Published,,2000.0,2000,,AFR,2000,2000,Africa,,NGA,Nigeria,,,,,BTSX,Both sexes,,GHE127,Kidney diseases,,,,,19.6,19.57303,,,,,
197,WHS2_131,Age-standardized NCD mortality rate  (per 100 000 population),https://www.who.int/data/gho/indicator-metadata-registry/imr-details/78,,,,PUBLISHED,Published,,2000.0,2000,,AFR,2000,2000,Africa,,NGA,Nigeria,,,,,BTSX,Both sexes,,GHE128,Hyperplasia of prostate,,,,,0.0,0.00000,,,,,
198,WHS2_131,Age-standardized NCD mortality rate  (per 100 000 population),https://www.who.int/data/gho/indicator-metadata-registry/imr-details/78,,,,PUBLISHED,Published,,2000.0,2000,,AFR,2000,2000,Africa,,NGA,Nigeria,,,,,BTSX,Both sexes,,GHE129,Urolithiasis,,,,,0.4,0.44122,,,,,
199,WHS2_131,Age-standardized NCD mortality rate  (per 100 000 population),https://www.who.int/data/gho/indicator-metadata-registry/imr-details/78,,,,PUBLISHED,Published,,2000.0,2000,,AFR,2000,2000,Africa,,NGA,Nigeria,,,,,BTSX,Both sexes,,GHE154,Poisonings,,,,,3.1,3.13246,,,,,
200,WHS2_131,Age-standardized NCD mortality rate  (per 100 000 population),https://www.who.int/data/gho/indicator-metadata-registry/imr-details/78,,,,PUBLISHED,Published,,2000.0,2000,,AFR,2000,2000,Africa,,NGA,Nigeria,,,,,BTSX,Both sexes,,GHE155,Falls,,,,,27.9,27.92631,,,,,
201,WHS2_131,Age-standardized NCD mortality rate  (per 100 000 population),https://www.who.int/data/gho/indicator-metadata-registry/imr-details/78,,,,PUBLISHED,Published,,2000.0,2000,,AFR,2000,2000,Africa,,NGA,Nigeria,,,,,BTSX,Both sexes,,GHE156,"Fire, heat and hot substances",,,,,19.8,19.77645,,,,,
202,WHS2_131,Age-standardized NCD mortality rate  (per 100 000 population),https://www.who.int/data/gho/indicator-metadata-registry/imr-details/78,,,,PUBLISHED,Published,,2000.0,2000,,AFR,2000,2000,Africa,,NGA,Nigeria,,,,,MLE,Male,,GHE011,Diarrhoeal diseases,,,,,131.5,131.45554,,,,,
203,WHS2_131,Age-standardized NCD mortality rate  (per 100 000 population),https://www.who.int/data/gho/indicator-metadata-registry/imr-details/78,,,,PUBLISHED,Published,,2000.0,2000,,AFR,2000,2000,Africa,,NGA,Nigeria,,,,,MLE,Male,,GHE012,Childhood-cluster diseases,,,,,97.9,97.86202,,,,,
204,WHS2_131,Age-standardized NCD mortality rate  (per 100 000 population),https://www.who.int/data/gho/indicator-metadata-registry/imr-details/78,,,,PUBLISHED,Published,,2000.0,2000,,AFR,2000,2000,Africa,,NGA,Nigeria,,,,,MLE,Male,,GHE013,Whooping cough,,,,,3.8,3.82398,,,,,
205,WHS2_131,Age-standardized NCD mortality rate  (per 100 000 population),https://www.who.int/data/gho/indicator-metadata-registry/imr-details/78,,,,PUBLISHED,Published,,2000.0,2000,,AFR,2000,2000,Africa,,NGA,Nigeria,,,,,MLE,Male,,GHE014,Diphtheria,,,,,0.8,0.82307,,,,,
206,WHS2_131,Age-standardized NCD mortality rate  (per 100 000 population),https://www.who.int/data/gho/indicator-metadata-registry/imr-details/78,,,,PUBLISHED,Published,,2000.0,2000,,AFR,2000,2000,Africa,,NGA,Nigeria,,,,,MLE,Male,,GHE015,Measles,,,,,89.4,89.40493,,,,,
207,WHS2_131,Age-standardized NCD mortality rate  (per 100 000 population),https://www.who.int/data/gho/indicator-metadata-registry/imr-details/78,,,,PUBLISHED,Published,,2000.0,2000,,AFR,2000,2000,Africa,,NGA,Nigeria,,,,,MLE,Male,,GHE028,Onchocerciasis,,,,,0.0,0.00000,,,,,
208,WHS2_131,Age-standardized NCD mortality rate  (per 100 000 population),https://www.who.int/data/gho/indicator-metadata-registry/imr-details/78,,,,PUBLISHED,Published,,2000.0,2000,,AFR,2000,2000,Africa,,NGA,Nigeria,,,,,MLE,Male,,GHE029,Leprosy,,,,,0.0,0.00000,,,,,
209,WHS2_131,Age-standardized NCD mortality rate  (per 100 000 population),https://www.who.int/data/gho/indicator-metadata-registry/imr-details/78,,,,PUBLISHED,Published,,2000.0,2000,,AFR,2000,2000,Africa,,NGA,Nigeria,,,,,MLE,Male,,GHE030,Dengue,,,,,0.4,0.39226,,,,,
210,WHS2_131,Age-standardized NCD mortality rate  (per 100 000 population),https://www.who.int/data/gho/indicator-metadata-registry/imr-details/78,,,,PUBLISHED,Published,,2000.0,2000,,AFR,2000,2000,Africa,,NGA,Nigeria,,,,,MLE,Male,,GHE031,Trachoma,,,,,0.0,0.00000,,,,,
211,WHS2_131,Age-standardized NCD mortality rate  (per 100 000 population),https://www.who.int/data/gho/indicator-metadata-registry/imr-details/78,,,,PUBLISHED,Published,,2000.0,2000,,AFR,2000,2000,Africa,,NGA,Nigeria,,,,,MLE,Male,,GHE055,Protein-energy malnutrition,,,,,51.4,51.43973,,,,,
212,WHS2_131,Age-standardized NCD mortality rate  (per 100 000 population),https://www.who.int/data/gho/indicator-metadata-registry/imr-details/78,,,,PUBLISHED,Published,,2000.0,2000,,AFR,2000,2000,Africa,,NGA,Nigeria,,,,,MLE,Male,,GHE061,Malignant neoplasms,,,,,131.3,131.34788,,,,,
213,WHS2_131,Age-standardized NCD mortality rate  (per 100 000 population),https://www.who.int/data/gho/indicator-metadata-registry/imr-details/78,,,,PUBLISHED,Published,,2000.0,2000,,AFR,2000,2000,Africa,,NGA,Nigeria,,,,,MLE,Male,,GHE062,Mouth and oropharynx cancers,,,,,2.7,2.72058,,,,,
214,WHS2_131,Age-standardized NCD mortality rate  (per 100 000 population),https://www.who.int/data/gho/indicator-metadata-registry/imr-details/78,,,,PUBLISHED,Published,,2000.0,2000,,AFR,2000,2000,Africa,,NGA,Nigeria,,,,,MLE,Male,,GHE075,Bladder cancer,,,,,1.7,1.74671,,,,,
215,WHS2_131,Age-standardized NCD mortality rate  (per 100 000 population),https://www.who.int/data/gho/indicator-metadata-registry/imr-details/78,,,,PUBLISHED,Published,,2000.0,2000,,AFR,2000,2000,Africa,,NGA,Nigeria,,,,,MLE,Male,,GHE076,"Lymphomas, multiple myeloma",,,,,5.1,5.06917,,,,,
216,WHS2_131,Age-standardized NCD mortality rate  (per 100 000 population),https://www.who.int/data/gho/indicator-metadata-registry/imr-details/78,,,,PUBLISHED,Published,,2000.0,2000,,AFR,2000,2000,Africa,,NGA,Nigeria,,,,,MLE,Male,,GHE077,Leukaemia,,,,,2.1,2.10600,,,,,
217,WHS2_131,Age-standardized NCD mortality rate  (per 100 000 population),https://www.who.int/data/gho/indicator-metadata-registry/imr-details/78,,,,PUBLISHED,Published,,2000.0,2000,,AFR,2000,2000,Africa,,NGA,Nigeria,,,,,MLE,Male,,GHE078,Other malignant neoplasms,,,,,13.8,13.82631,,,,,
218,WHS2_131,Age-standardized NCD mortality rate  (per 100 000 population),https://www.who.int/data/gho/indicator-metadata-registry/imr-details/78,,,,PUBLISHED,Published,,2000.0,2000,,AFR,2000,2000,Africa,,NGA,Nigeria,,,,,MLE,Male,,GHE079,Other neoplasms,,,,,4.5,4.51168,,,,,
219,WHS2_131,Age-standardized NCD mortality rate  (per 100 000 population),https://www.who.int/data/gho/indicator-metadata-registry/imr-details/78,,,,PUBLISHED,Published,,2000.0,2000,,AFR,2000,2000,Africa,,NGA,Nigeria,,,,,MLE,Male,,GHE113,Ischaemic heart disease,,,,,95.6,95.59543,,,,,
220,WHS2_131,Age-standardized NCD mortality rate  (per 100 000 population),https://www.who.int/data/gho/indicator-metadata-registry/imr-details/78,,,,PUBLISHED,Published,,2000.0,2000,,AFR,2000,2000,Africa,,NGA,Nigeria,,,,,MLE,Male,,GHE114,Stroke,,,,,125.9,125.85670,,,,,
221,WHS2_131,Age-standardized NCD mortality rate  (per 100 000 population),https://www.who.int/data/gho/indicator-metadata-registry/imr-details/78,,,,PUBLISHED,Published,,2000.0,2000,,AFR,2000,2000,Africa,,NGA,Nigeria,,,,,MLE,Male,,GHE115,"Cardiomyopathy, myocarditis, endocarditis",,,,,10.1,10.08680,,,,,
222,WHS2_131,Age-standardized NCD mortality rate  (per 100 000 population),https://www.who.int/data/gho/indicator-metadata-registry/imr-details/78,,,,PUBLISHED,Published,,2000.0,2000,,AFR,2000,2000,Africa,,NGA,Nigeria,,,,,MLE,Male,,GHE130,Other genitourinary diseases,,,,,12.0,12.02113,,,,,
223,WHS2_131,Age-standardized NCD mortality rate  (per 100 000 population),https://www.who.int/data/gho/indicator-metadata-registry/imr-details/78,,,,PUBLISHED,Published,,2000.0,2000,,AFR,2000,2000,Africa,,NGA,Nigeria,,,,,MLE,Male,,GHE132,Gynecological diseases,,,,,0.0,0.00000,,,,,
224,WHS2_131,Age-standardized NCD mortality rate  (per 100 000 population),https://www.who.int/data/gho/indicator-metadata-registry/imr-details/78,,,,PUBLISHED,Published,,2000.0,2000,,AFR,2000,2000,Africa,,NGA,Nigeria,,,,,MLE,Male,,GHE134,Musculoskeletal diseases,,,,,3.6,3.63359,,,,,
225,WHS2_131,Age-standardized NCD mortality rate  (per 100 000 population),https://www.who.int/data/gho/indicator-metadata-registry/imr-details/78,,,,PUBLISHED,Published,,2000.0,2000,,AFR,2000,2000,Africa,,NGA,Nigeria,,,,,MLE,Male,,GHE140,Congenital anomalies,,,,,10.5,10.52369,,,,,
226,WHS2_131,Age-standardized NCD mortality rate  (per 100 000 population),https://www.who.int/data/gho/indicator-metadata-registry/imr-details/78,,,,PUBLISHED,Published,,2000.0,2000,,AFR,2000,2000,Africa,,NGA,Nigeria,,,,,MLE,Male,,GHE158,Exposure to forces of nature,,,,,0.0,0.00000,,,,,
227,WHS2_131,Age-standardized NCD mortality rate  (per 100 000 population),https://www.who.int/data/gho/indicator-metadata-registry/imr-details/78,,,,PUBLISHED,Published,,2000.0,2000,,AFR,2000,2000,Africa,,NGA,Nigeria,,,,,MLE,Male,,GHE159,Other unintentional injuries,,,,,30.0,30.04745,,,,,
228,WHS2_131,Age-standardized NCD mortality rate  (per 100 000 population),https://www.who.int/data/gho/indicator-metadata-registry/imr-details/78,,,,PUBLISHED,Published,,2000.0,2000,,AFR,2000,2000,Africa,,NGA,Nigeria,,,,,MLE,Male,,GHE160,Intentional injuries,,,,,52.4,52.41738,,,,,
229,WHS2_131,Age-standardized NCD mortality rate  (per 100 000 population),https://www.who.int/data/gho/indicator-metadata-registry/imr-details/78,,,,PUBLISHED,Published,,2000.0,2000,,AFR,2000,2000,Africa,,NGA,Nigeria,,,,,MLE,Male,,GHE161,Self-harm,,,,,10.3,10.32863,,,,,
230,WHS2_131,Age-standardized NCD mortality rate  (per 100 000 population),https://www.who.int/data/gho/indicator-metadata-registry/imr-details/78,,,,PUBLISHED,Published,,2000.0,2000,,AFR,2000,2000,Africa,,NGA,Nigeria,,,,,FMLE,Female,,GHE015,Measles,,,,,90.4,90.44118,,,,,
231,WHS2_131,Age-standardized NCD mortality rate  (per 100 000 population),https://www.who.int/data/gho/indicator-metadata-registry/imr-details/78,,,,PUBLISHED,Published,,2000.0,2000,,AFR,2000,2000,Africa,,NGA,Nigeria,,,,,FMLE,Female,,GHE016,Tetanus,,,,,12.6,12.61665,,,,,
232,WHS2_131,Age-standardized NCD mortality rate  (per 100 000 population),https://www.who.int/data/gho/indicator-metadata-registry/imr-details/78,,,,PUBLISHED,Published,,2000.0,2000,,AFR,2000,2000,Africa,,NGA,Nigeria,,,,,FMLE,Female,,GHE017,Meningitis,,,,,52.0,51.98569,,,,,
233,WHS2_131,Age-standardized NCD mortality rate  (per 100 000 population),https://www.who.int/data/gho/indicator-metadata-registry/imr-details/78,,,,PUBLISHED,Published,,2000.0,2000,,AFR,2000,2000,Africa,,NGA,Nigeria,,,,,FMLE,Female,,GHE018,Encephalitis,,,,,3.2,3.18577,,,,,
234,WHS2_131,Age-standardized NCD mortality rate  (per 100 000 population),https://www.who.int/data/gho/indicator-metadata-registry/imr-details/78,,,,PUBLISHED,Published,,2000.0,2000,,AFR,2000,2000,Africa,,NGA,Nigeria,,,,,FMLE,Female,,GHE019,Acute hepatitis B,,,,,4.0,4.00419,,,,,
235,WHS2_131,Age-standardized NCD mortality rate  (per 100 000 population),https://www.who.int/data/gho/indicator-metadata-registry/imr-details/78,,,,PUBLISHED,Published,,2000.0,2000,,AFR,2000,2000,Africa,,NGA,Nigeria,,,,,FMLE,Female,,GHE032,Rabies,,,,,3.3,3.25659,,,,,
236,WHS2_131,Age-standardized NCD mortality rate  (per 100 000 population),https://www.who.int/data/gho/indicator-metadata-registry/imr-details/78,,,,PUBLISHED,Published,,2000.0,2000,,AFR,2000,2000,Africa,,NGA,Nigeria,,,,,FMLE,Female,,GHE033,Intestinal nematode infections,,,,,0.1,0.08586,,,,,
237,WHS2_131,Age-standardized NCD mortality rate  (per 100 000 population),https://www.who.int/data/gho/indicator-metadata-registry/imr-details/78,,,,PUBLISHED,Published,,2000.0,2000,,AFR,2000,2000,Africa,,NGA,Nigeria,,,,,FMLE,Female,,GHE037,Other infectious diseases,,,,,26.2,26.19956,,,,,
238,WHS2_131,Age-standardized NCD mortality rate  (per 100 000 population),https://www.who.int/data/gho/indicator-metadata-registry/imr-details/78,,,,PUBLISHED,Published,,2000.0,2000,,AFR,2000,2000,Africa,,NGA,Nigeria,,,,,FMLE,Female,,GHE038,Respiratory infections,,,,,328.6,328.60461,,,,,
239,WHS2_131,Age-standardized NCD mortality rate  (per 100 000 population),https://www.who.int/data/gho/indicator-metadata-registry/imr-details/78,,,,PUBLISHED,Published,,2000.0,2000,,AFR,2000,2000,Africa,,NGA,Nigeria,,,,,FMLE,Female,,GHE063,Oesophagus cancer,,,,,0.8,0.75407,,,,,
240,WHS2_131,Age-standardized NCD mortality rate  (per 100 000 population),https://www.who.int/data/gho/indicator-metadata-registry/imr-details/78,,,,PUBLISHED,Published,,2000.0,2000,,AFR,2000,2000,Africa,,NGA,Nigeria,,,,,FMLE,Female,,GHE064,Stomach cancer,,,,,3.7,3.74475,,,,,
241,WHS2_131,Age-standardized NCD mortality rate  (per 100 000 population),https://www.who.int/data/gho/indicator-metadata-registry/imr-details/78,,,,PUBLISHED,Published,,2000.0,2000,,AFR,2000,2000,Africa,,NGA,Nigeria,,,,,FMLE,Female,,GHE065,Colon and rectum cancers,,,,,3.7,3.70866,,,,,
242,WHS2_131,Age-standardized NCD mortality rate  (per 100 000 population),https://www.who.int/data/gho/indicator-metadata-registry/imr-details/78,,,,PUBLISHED,Published,,2000.0,2000,,AFR,2000,2000,Africa,,NGA,Nigeria,,,,,FMLE,Female,,GHE066,Liver cancer,,,,,12.3,12.28603,,,,,
243,WHS2_131,Age-standardized NCD mortality rate  (per 100 000 population),https://www.who.int/data/gho/indicator-metadata-registry/imr-details/78,,,,PUBLISHED,Published,,2000.0,2000,,AFR,2000,2000,Africa,,NGA,Nigeria,,,,,FMLE,Female,,GHE079,Other neoplasms,,,,,3.9,3.92341,,,,,
244,WHS2_131,Age-standardized NCD mortality rate  (per 100 000 population),https://www.who.int/data/gho/indicator-metadata-registry/imr-details/78,,,,PUBLISHED,Published,,2000.0,2000,,AFR,2000,2000,Africa,,NGA,Nigeria,,,,,FMLE,Female,,GHE080,Diabetes mellitus,,,,,52.0,51.95392,,,,,
245,WHS2_131,Age-standardized NCD mortality rate  (per 100 000 population),https://www.who.int/data/gho/indicator-metadata-registry/imr-details/78,,,,PUBLISHED,Published,,2000.0,2000,,AFR,2000,2000,Africa,,NGA,Nigeria,,,,,FMLE,Female,,GHE081,"Endocrine, blood, immune disorders",,,,,16.8,16.79608,,,,,
246,WHS2_131,Age-standardized NCD mortality rate  (per 100 000 population),https://www.who.int/data/gho/indicator-metadata-registry/imr-details/78,,,,PUBLISHED,Published,,2000.0,2000,,AFR,2000,2000,Africa,,NGA,Nigeria,,,,,FMLE,Female,,GHE082,Mental and behavioral disorders,,,,,1.2,1.18361,,,,,
247,WHS2_131,Age-standardized NCD mortality rate  (per 100 000 population),https://www.who.int/data/gho/indicator-metadata-registry/imr-details/78,,,,PUBLISHED,Published,,2000.0,2000,,AFR,2000,2000,Africa,,NGA,Nigeria,,,,,FMLE,Female,,GHE094,Neurological conditions,,,,,25.8,25.78335,,,,,
248,WHS2_131,Age-standardized NCD mortality rate  (per 100 000 population),https://www.who.int/data/gho/indicator-metadata-registry/imr-details/78,,,,PUBLISHED,Published,,2000.0,2000,,AFR,2000,2000,Africa,,NGA,Nigeria,,,,,FMLE,Female,,GHE117,Respiratory diseases,,,,,43.2,43.15136,,,,,
249,WHS2_131,Age-standardized NCD mortality rate  (per 100 000 population),https://www.who.int/data/gho/indicator-metadata-registry/imr-details/78,,,,PUBLISHED,Published,,2000.0,2000,,AFR,2000,2000,Africa,,NGA,Nigeria,,,,,FMLE,Female,,GHE118,Chronic obstructive pulmonary disease,,,,,19.2,19.18809,,,,,
250,WHS2_131,Age-standardized NCD mortality rate  (per 100 000 population),https://www.who.int/data/gho/indicator-metadata-registry/imr-details/78,,,,PUBLISHED,Published,,2000.0,2000,,AFR,2000,2000,Africa,,NGA,Nigeria,,,,,FMLE,Female,,GHE119,Asthma,,,,,13.6,13.62988,,,,,
251,WHS2_131,Age-standardized NCD mortality rate  (per 100 000 population),https://www.who.int/data/gho/indicator-metadata-registry/imr-details/78,,,,PUBLISHED,Published,,2000.0,2000,,AFR,2000,2000,Africa,,NGA,Nigeria,,,,,FMLE,Female,,GHE120,Other respiratory diseases,,,,,10.3,10.33339,,,,,
252,WHS2_131,Age-standardized NCD mortality rate  (per 100 000 population),https://www.who.int/data/gho/indicator-metadata-registry/imr-details/78,,,,PUBLISHED,Published,,2000.0,2000,,AFR,2000,2000,Africa,,NGA,Nigeria,,,,,FMLE,Female,,GHE141,Neural tube defects,,,,,1.7,1.68536,,,,,
253,WHS2_131,Age-standardized NCD mortality rate  (per 100 000 population),https://www.who.int/data/gho/indicator-metadata-registry/imr-details/78,,,,PUBLISHED,Published,,2000.0,2000,,AFR,2000,2000,Africa,,NGA,Nigeria,,,,,FMLE,Female,,GHE142,Cleft lip and cleft palate,,,,,0.0,0.04467,,,,,
254,WHS2_131,Age-standardized NCD mortality rate  (per 100 000 population),https://www.who.int/data/gho/indicator-metadata-registry/imr-details/78,,,,PUBLISHED,Published,,2000.0,2000,,AFR,2000,2000,Africa,,NGA,Nigeria,,,,,FMLE,Female,,GHE143,Down's syndrome,,,,,0.6,0.55852,,,,,
255,WHS2_131,Age-standardized NCD mortality rate  (per 100 000 population),https://www.who.int/data/gho/indicator-metadata-registry/imr-details/78,,,,PUBLISHED,Published,,2000.0,2000,,AFR,2000,2000,Africa,,NGA,Nigeria,,,,,FMLE,Female,,GHE144,Congenital heart anomalies,,,,,2.8,2.77030,,,,,
256,WHS2_131,Age-standardized NCD mortality rate  (per 100 000 population),https://www.who.int/data/gho/indicator-metadata-registry/imr-details/78,,,,PUBLISHED,Published,,2000.0,2000,,AFR,2000,2000,Africa,,NGA,Nigeria,,,,,FMLE,Female,,GHE162,Interpersonal violence,,,,,10.8,10.77379,,,,,
257,WHS2_131,Age-standardized NCD mortality rate  (per 100 000 population),https://www.who.int/data/gho/indicator-metadata-registry/imr-details/78,,,,PUBLISHED,Published,,2000.0,2000,,AFR,2000,2000,Africa,,NGA,Nigeria,,,,,FMLE,Female,,GHE163,Collective violence and legal intervention,,,,,0.4,0.44816,,,,,
258,WHS2_131,Age-standardized NCD mortality rate  (per 100 000 population),https://www.who.int/data/gho/indicator-metadata-registry/imr-details/78,,,,PUBLISHED,Published,,2012.0,2012,,AFR,2012,2012,Africa,,NGA,Nigeria,,,,,BTSX,Both sexes,,GHE000,All Causes,,,,,1685.6,1685.56837,,,,,
259,WHS2_131,Age-standardized NCD mortality rate  (per 100 000 population),https://www.who.int/data/gho/indicator-metadata-registry/imr-details/78,,,,PUBLISHED,Published,,2012.0,2012,,AFR,2012,2012,Africa,,NGA,Nigeria,,,,,BTSX,Both sexes,,GHE001,Communicable & other Group I,,,,,866.2,866.19223,,,,,
260,WHS2_131,Age-standardized NCD mortality rate  (per 100 000 population),https://www.who.int/data/gho/indicator-metadata-registry/imr-details/78,,,,PUBLISHED,Published,,2012.0,2012,,AFR,2012,2012,Africa,,NGA,Nigeria,,,,,BTSX,Both sexes,,GHE019,Acute hepatitis B,,,,,6.5,6.48752,,,,,
261,WHS2_131,Age-standardized NCD mortality rate  (per 100 000 population),https://www.who.int/data/gho/indicator-metadata-registry/imr-details/78,,,,PUBLISHED,Published,,2012.0,2012,,AFR,2012,2012,Africa,,NGA,Nigeria,,,,,BTSX,Both sexes,,GHE020,Acute hepatitis C,,,,,0.9,0.90031,,,,,
262,WHS2_131,Age-standardized NCD mortality rate  (per 100 000 population),https://www.who.int/data/gho/indicator-metadata-registry/imr-details/78,,,,PUBLISHED,Published,,2012.0,2012,,AFR,2012,2012,Africa,,NGA,Nigeria,,,,,BTSX,Both sexes,,GHE021,Parasitic and vector diseases,,,,,67.5,67.50679,,,,,
263,WHS2_131,Age-standardized NCD mortality rate  (per 100 000 population),https://www.who.int/data/gho/indicator-metadata-registry/imr-details/78,,,,PUBLISHED,Published,,2012.0,2012,,AFR,2012,2012,Africa,,NGA,Nigeria,,,,,BTSX,Both sexes,,GHE022,Malaria,,,,,60.8,60.78032,,,,,
264,WHS2_131,Age-standardized NCD mortality rate  (per 100 000 population),https://www.who.int/data/gho/indicator-metadata-registry/imr-details/78,,,,PUBLISHED,Published,,2012.0,2012,,AFR,2012,2012,Africa,,NGA,Nigeria,,,,,BTSX,Both sexes,,GHE039,Lower respiratory infections,,,,,289.2,289.22355,,,,,
265,WHS2_131,Age-standardized NCD mortality rate  (per 100 000 population),https://www.who.int/data/gho/indicator-metadata-registry/imr-details/78,,,,PUBLISHED,Published,,2012.0,2012,,AFR,2012,2012,Africa,,NGA,Nigeria,,,,,BTSX,Both sexes,,GHE040,Upper respiratory infections,,,,,0.7,0.66607,,,,,
266,WHS2_131,Age-standardized NCD mortality rate  (per 100 000 population),https://www.who.int/data/gho/indicator-metadata-registry/imr-details/78,,,,PUBLISHED,Published,,2012.0,2012,,AFR,2012,2012,Africa,,NGA,Nigeria,,,,,BTSX,Both sexes,,GHE042,Maternal conditions,,,,,28.0,27.99922,,,,,
267,WHS2_131,Age-standardized NCD mortality rate  (per 100 000 population),https://www.who.int/data/gho/indicator-metadata-registry/imr-details/78,,,,PUBLISHED,Published,,2012.0,2012,,AFR,2012,2012,Africa,,NGA,Nigeria,,,,,BTSX,Both sexes,,GHE049,Neonatal conditions,,,,,68.9,68.91916,,,,,
268,WHS2_131,Age-standardized NCD mortality rate  (per 100 000 population),https://www.who.int/data/gho/indicator-metadata-registry/imr-details/78,,,,PUBLISHED,Published,,2012.0,2012,,AFR,2012,2012,Africa,,NGA,Nigeria,,,,,BTSX,Both sexes,,GHE067,Pancreas cancer,,,,,2.2,2.19484,,,,,
269,WHS2_131,Age-standardized NCD mortality rate  (per 100 000 population),https://www.who.int/data/gho/indicator-metadata-registry/imr-details/78,,,,PUBLISHED,Published,,2012.0,2012,,AFR,2012,2012,Africa,,NGA,Nigeria,,,,,BTSX,Both sexes,,GHE068,"Trachea, bronchus, lung cancers",,,,,1.2,1.15132,,,,,
270,WHS2_131,Age-standardized NCD mortality rate  (per 100 000 population),https://www.who.int/data/gho/indicator-metadata-registry/imr-details/78,,,,PUBLISHED,Published,,2012.0,2012,,AFR,2012,2012,Africa,,NGA,Nigeria,,,,,BTSX,Both sexes,,GHE069,Melanoma and other skin cancers,,,,,1.1,1.13318,,,,,
271,WHS2_131,Age-standardized NCD mortality rate  (per 100 000 population),https://www.who.int/data/gho/indicator-metadata-registry/imr-details/78,,,,PUBLISHED,Published,,2012.0,2012,,AFR,2012,2012,Africa,,NGA,Nigeria,,,,,BTSX,Both sexes,,GHE070,Breast cancer,,,,,15.3,15.30771,,,,,
272,WHS2_131,Age-standardized NCD mortality rate  (per 100 000 population),https://www.who.int/data/gho/indicator-metadata-registry/imr-details/78,,,,PUBLISHED,Published,,2012.0,2012,,AFR,2012,2012,Africa,,NGA,Nigeria,,,,,BTSX,Both sexes,,GHE094,Neurological conditions,,,,,30.2,30.23657,,,,,
273,WHS2_131,Age-standardized NCD mortality rate  (per 100 000 population),https://www.who.int/data/gho/indicator-metadata-registry/imr-details/78,,,,PUBLISHED,Published,,2012.0,2012,,AFR,2012,2012,Africa,,NGA,Nigeria,,,,,BTSX,Both sexes,,GHE095,Alzheimer's disease and other dementias,,,,,5.0,5.03251,,,,,
274,WHS2_131,Age-standardized NCD mortality rate  (per 100 000 population),https://www.who.int/data/gho/indicator-metadata-registry/imr-details/78,,,,PUBLISHED,Published,,2012.0,2012,,AFR,2012,2012,Africa,,NGA,Nigeria,,,,,BTSX,Both sexes,,GHE096,Parkinson's disease,,,,,4.3,4.27725,,,,,
275,WHS2_131,Age-standardized NCD mortality rate  (per 100 000 population),https://www.who.int/data/gho/indicator-metadata-registry/imr-details/78,,,,PUBLISHED,Published,,2012.0,2012,,AFR,2012,2012,Africa,,NGA,Nigeria,,,,,BTSX,Both sexes,,GHE097,Epilepsy,,,,,15.0,15.03004,,,,,
276,WHS2_131,Age-standardized NCD mortality rate  (per 100 000 population),https://www.who.int/data/gho/indicator-metadata-registry/imr-details/78,,,,PUBLISHED,Published,,2012.0,2012,,AFR,2012,2012,Africa,,NGA,Nigeria,,,,,BTSX,Both sexes,,GHE098,Multiple sclerosis,,,,,0.2,0.24203,,,,,
277,WHS2_131,Age-standardized NCD mortality rate  (per 100 000 population),https://www.who.int/data/gho/indicator-metadata-registry/imr-details/78,,,,PUBLISHED,Published,,2012.0,2012,,AFR,2012,2012,Africa,,NGA,Nigeria,,,,,BTSX,Both sexes,,GHE121,Digestive diseases,,,,,114.0,113.98588,,,,,
278,WHS2_131,Age-standardized NCD mortality rate  (per 100 000 population),https://www.who.int/data/gho/indicator-metadata-registry/imr-details/78,,,,PUBLISHED,Published,,2012.0,2012,,AFR,2012,2012,Africa,,NGA,Nigeria,,,,,BTSX,Both sexes,,GHE123,Cirrhosis of the liver,,,,,40.8,40.78808,,,,,
279,WHS2_131,Age-standardized NCD mortality rate  (per 100 000 population),https://www.who.int/data/gho/indicator-metadata-registry/imr-details/78,,,,PUBLISHED,Published,,2012.0,2012,,AFR,2012,2012,Africa,,NGA,Nigeria,,,,,BTSX,Both sexes,,GHE124,Appendicitis,,,,,7.7,7.71771,,,,,
280,WHS2_131,Age-standardized NCD mortality rate  (per 100 000 population),https://www.who.int/data/gho/indicator-metadata-registry/imr-details/78,,,,PUBLISHED,Published,,2012.0,2012,,AFR,2012,2012,Africa,,NGA,Nigeria,,,,,BTSX,Both sexes,,GHE145,Other chromosomal anomalies,,,,,0.4,0.39628,,,,,
281,WHS2_131,Age-standardized NCD mortality rate  (per 100 000 population),https://www.who.int/data/gho/indicator-metadata-registry/imr-details/78,,,,PUBLISHED,Published,,2012.0,2012,,AFR,2012,2012,Africa,,NGA,Nigeria,,,,,BTSX,Both sexes,,GHE146,Other congenital anomalies,,,,,3.8,3.82055,,,,,
282,WHS2_131,Age-standardized NCD mortality rate  (per 100 000 population),https://www.who.int/data/gho/indicator-metadata-registry/imr-details/78,,,,PUBLISHED,Published,,2012.0,2012,,AFR,2012,2012,Africa,,NGA,Nigeria,,,,,BTSX,Both sexes,,GHE151,Injuries,,,,,145.6,145.63293,,,,,
283,WHS2_131,Age-standardized NCD mortality rate  (per 100 000 population),https://www.who.int/data/gho/indicator-metadata-registry/imr-details/78,,,,PUBLISHED,Published,,2012.0,2012,,AFR,2012,2012,Africa,,NGA,Nigeria,,,,,BTSX,Both sexes,,GHE152,Unintentional injuries,,,,,116.6,116.55111,,,,,
284,WHS2_131,Age-standardized NCD mortality rate  (per 100 000 population),https://www.who.int/data/gho/indicator-metadata-registry/imr-details/78,,,,PUBLISHED,Published,,2012.0,2012,,AFR,2012,2012,Africa,,NGA,Nigeria,,,,,MLE,Male,,GHE002,Infectious and parasitic diseases,,,,,419.6,419.58984,,,,,
285,WHS2_131,Age-standardized NCD mortality rate  (per 100 000 population),https://www.who.int/data/gho/indicator-metadata-registry/imr-details/78,,,,PUBLISHED,Published,,2012.0,2012,,AFR,2012,2012,Africa,,NGA,Nigeria,,,,,MLE,Male,,GHE003,Tuberculosis,,,,,26.2,26.17147,,,,,
286,WHS2_131,Age-standardized NCD mortality rate  (per 100 000 population),https://www.who.int/data/gho/indicator-metadata-registry/imr-details/78,,,,PUBLISHED,Published,,2012.0,2012,,AFR,2012,2012,Africa,,NGA,Nigeria,,,,,MLE,Male,,GHE004,STDs excluding HIV,,,,,3.6,3.57058,,,,,
287,WHS2_131,Age-standardized NCD mortality rate  (per 100 000 population),https://www.who.int/data/gho/indicator-metadata-registry/imr-details/78,,,,PUBLISHED,Published,,2012.0,2012,,AFR,2012,2012,Africa,,NGA,Nigeria,,,,,MLE,Male,,GHE010,HIV/AIDS,,,,,156.5,156.52146,,,,,
288,WHS2_131,Age-standardized NCD mortality rate  (per 100 000 population),https://www.who.int/data/gho/indicator-metadata-registry/imr-details/78,,,,PUBLISHED,Published,,2012.0,2012,,AFR,2012,2012,Africa,,NGA,Nigeria,,,,,MLE,Male,,GHE023,Trypanosomiasis,,,,,0.0,0.00000,,,,,
289,WHS2_131,Age-standardized NCD mortality rate  (per 100 000 population),https://www.who.int/data/gho/indicator-metadata-registry/imr-details/78,,,,PUBLISHED,Published,,2012.0,2012,,AFR,2012,2012,Africa,,NGA,Nigeria,,,,,MLE,Male,,GHE024,Chagas disease,,,,,0.0,0.00000,,,,,
290,WHS2_131,Age-standardized NCD mortality rate  (per 100 000 population),https://www.who.int/data/gho/indicator-metadata-registry/imr-details/78,,,,PUBLISHED,Published,,2012.0,2012,,AFR,2012,2012,Africa,,NGA,Nigeria,,,,,MLE,Male,,GHE025,Schistosomiasis,,,,,3.7,3.67510,,,,,
291,WHS2_131,Age-standardized NCD mortality rate  (per 100 000 population),https://www.who.int/data/gho/indicator-metadata-registry/imr-details/78,,,,PUBLISHED,Published,,2012.0,2012,,AFR,2012,2012,Africa,,NGA,Nigeria,,,,,MLE,Male,,GHE026,Leishmaniasis,,,,,1.2,1.19817,,,,,
292,WHS2_131,Age-standardized NCD mortality rate  (per 100 000 population),https://www.who.int/data/gho/indicator-metadata-registry/imr-details/78,,,,PUBLISHED,Published,,2012.0,2012,,AFR,2012,2012,Africa,,NGA,Nigeria,,,,,MLE,Male,,GHE050,Preterm birth complications,,,,,32.7,32.73039,,,,,
293,WHS2_131,Age-standardized NCD mortality rate  (per 100 000 population),https://www.who.int/data/gho/indicator-metadata-registry/imr-details/78,,,,PUBLISHED,Published,,2012.0,2012,,AFR,2012,2012,Africa,,NGA,Nigeria,,,,,MLE,Male,,GHE051,Birth asphyxia and birth trauma,,,,,30.6,30.62844,,,,,
294,WHS2_131,Age-standardized NCD mortality rate  (per 100 000 population),https://www.who.int/data/gho/indicator-metadata-registry/imr-details/78,,,,PUBLISHED,Published,,2012.0,2012,,AFR,2012,2012,Africa,,NGA,Nigeria,,,,,MLE,Male,,GHE052,Neonatal sepsis and infections,,,,,13.0,12.97145,,,,,
295,WHS2_131,Age-standardized NCD mortality rate  (per 100 000 population),https://www.who.int/data/gho/indicator-metadata-registry/imr-details/78,,,,PUBLISHED,Published,,2012.0,2012,,AFR,2012,2012,Africa,,NGA,Nigeria,,,,,MLE,Male,,GHE053,Other neonatal conditions,,,,,2.0,1.97752,,,,,
296,WHS2_131,Age-standardized NCD mortality rate  (per 100 000 population),https://www.who.int/data/gho/indicator-metadata-registry/imr-details/78,,,,PUBLISHED,Published,,2012.0,2012,,AFR,2012,2012,Africa,,NGA,Nigeria,,,,,MLE,Male,,GHE071,Cervix uteri cancer,,,,,0.0,0.00000,,,,,
297,WHS2_131,Age-standardized NCD mortality rate  (per 100 000 population),https://www.who.int/data/gho/indicator-metadata-registry/imr-details/78,,,,PUBLISHED,Published,,2012.0,2012,,AFR,2012,2012,Africa,,NGA,Nigeria,,,,,MLE,Male,,GHE072,Corpus uteri cancer,,,,,0.0,0.00000,,,,,
298,WHS2_131,Age-standardized NCD mortality rate  (per 100 000 population),https://www.who.int/data/gho/indicator-metadata-registry/imr-details/78,,,,PUBLISHED,Published,,2012.0,2012,,AFR,2012,2012,Africa,,NGA,Nigeria,,,,,MLE,Male,,GHE073,Ovary cancer,,,,,0.0,0.00000,,,,,
299,WHS2_131,Age-standardized NCD mortality rate  (per 100 000 population),https://www.who.int/data/gho/indicator-metadata-registry/imr-details/78,,,,PUBLISHED,Published,,2012.0,2012,,AFR,2012,2012,Africa,,NGA,Nigeria,,,,,MLE,Male,,GHE074,Prostate cancer,,,,,68.4,68.41487,,,,,
300,WHS2_131,Age-standardized NCD mortality rate  (per 100 000 population),https://www.who.int/data/gho/indicator-metadata-registry/imr-details/78,,,,PUBLISHED,Published,,2012.0,2012,,AFR,2012,2012,Africa,,NGA,Nigeria,,,,,MLE,Male,,GHE098,Multiple sclerosis,,,,,0.2,0.20883,,,,,
301,WHS2_131,Age-standardized NCD mortality rate  (per 100 000 population),https://www.who.int/data/gho/indicator-metadata-registry/imr-details/78,,,,PUBLISHED,Published,,2012.0,2012,,AFR,2012,2012,Africa,,NGA,Nigeria,,,,,MLE,Male,,GHE101,Other neurological conditions,,,,,8.0,7.98085,,,,,
302,WHS2_131,Age-standardized NCD mortality rate  (per 100 000 population),https://www.who.int/data/gho/indicator-metadata-registry/imr-details/78,,,,PUBLISHED,Published,,2012.0,2012,,AFR,2012,2012,Africa,,NGA,Nigeria,,,,,MLE,Male,,GHE110,Cardiovascular diseases,,,,,258.9,258.86738,,,,,
303,WHS2_131,Age-standardized NCD mortality rate  (per 100 000 population),https://www.who.int/data/gho/indicator-metadata-registry/imr-details/78,,,,PUBLISHED,Published,,2012.0,2012,,AFR,2012,2012,Africa,,NGA,Nigeria,,,,,MLE,Male,,GHE111,Rheumatic heart disease,,,,,6.4,6.37948,,,,,
304,WHS2_131,Age-standardized NCD mortality rate  (per 100 000 population),https://www.who.int/data/gho/indicator-metadata-registry/imr-details/78,,,,PUBLISHED,Published,,2012.0,2012,,AFR,2012,2012,Africa,,NGA,Nigeria,,,,,MLE,Male,,GHE112,Hypertensive heart disease,,,,,8.5,8.48918,,,,,
305,WHS2_131,Age-standardized NCD mortality rate  (per 100 000 population),https://www.who.int/data/gho/indicator-metadata-registry/imr-details/78,,,,PUBLISHED,Published,,2012.0,2012,,AFR,2012,2012,Africa,,NGA,Nigeria,,,,,MLE,Male,,GHE125,Other digestive diseases,,,,,56.6,56.55794,,,,,
306,WHS2_131,Age-standardized NCD mortality rate  (per 100 000 population),https://www.who.int/data/gho/indicator-metadata-registry/imr-details/78,,,,PUBLISHED,Published,,2012.0,2012,,AFR,2012,2012,Africa,,NGA,Nigeria,,,,,MLE,Male,,GHE126,Genitourinary diseases,,,,,27.7,27.67706,,,,,
307,WHS2_131,Age-standardized NCD mortality rate  (per 100 000 population),https://www.who.int/data/gho/indicator-metadata-registry/imr-details/78,,,,PUBLISHED,Published,,2012.0,2012,,AFR,2012,2012,Africa,,NGA,Nigeria,,,,,MLE,Male,,GHE127,Kidney diseases,,,,,12.5,12.53457,,,,,
308,WHS2_131,Age-standardized NCD mortality rate  (per 100 000 population),https://www.who.int/data/gho/indicator-metadata-registry/imr-details/78,,,,PUBLISHED,Published,,2012.0,2012,,AFR,2012,2012,Africa,,NGA,Nigeria,,,,,MLE,Male,,GHE128,Hyperplasia of prostate,,,,,0.0,0.00000,,,,,
309,WHS2_131,Age-standardized NCD mortality rate  (per 100 000 population),https://www.who.int/data/gho/indicator-metadata-registry/imr-details/78,,,,PUBLISHED,Published,,2012.0,2012,,AFR,2012,2012,Africa,,NGA,Nigeria,,,,,MLE,Male,,GHE153,Road injury,,,,,46.7,46.73223,,,,,
310,WHS2_131,Age-standardized NCD mortality rate  (per 100 000 population),https://www.who.int/data/gho/indicator-metadata-registry/imr-details/78,,,,PUBLISHED,Published,,2012.0,2012,,AFR,2012,2012,Africa,,NGA,Nigeria,,,,,MLE,Male,,GHE154,Poisonings,,,,,2.8,2.84873,,,,,
311,WHS2_131,Age-standardized NCD mortality rate  (per 100 000 population),https://www.who.int/data/gho/indicator-metadata-registry/imr-details/78,,,,PUBLISHED,Published,,2012.0,2012,,AFR,2012,2012,Africa,,NGA,Nigeria,,,,,MLE,Male,,GHE155,Falls,,,,,34.3,34.27549,,,,,
312,WHS2_131,Age-standardized NCD mortality rate  (per 100 000 population),https://www.who.int/data/gho/indicator-metadata-registry/imr-details/78,,,,PUBLISHED,Published,,2012.0,2012,,AFR,2012,2012,Africa,,NGA,Nigeria,,,,,MLE,Male,,GHE156,"Fire, heat and hot substances",,,,,23.8,23.82842,,,,,
313,WHS2_131,Age-standardized NCD mortality rate  (per 100 000 population),https://www.who.int/data/gho/indicator-metadata-registry/imr-details/78,,,,PUBLISHED,Published,,2012.0,2012,,AFR,2012,2012,Africa,,NGA,Nigeria,,,,,FMLE,Female,,GHE011,Diarrhoeal diseases,,,,,70.0,69.98288,,,,,
314,WHS2_131,Age-standardized NCD mortality rate  (per 100 000 population),https://www.who.int/data/gho/indicator-metadata-registry/imr-details/78,,,,PUBLISHED,Published,,2012.0,2012,,AFR,2012,2012,Africa,,NGA,Nigeria,,,,,FMLE,Female,,GHE012,Childhood-cluster diseases,,,,,11.0,10.95291,,,,,
315,WHS2_131,Age-standardized NCD mortality rate  (per 100 000 population),https://www.who.int/data/gho/indicator-metadata-registry/imr-details/78,,,,PUBLISHED,Published,,2012.0,2012,,AFR,2012,2012,Africa,,NGA,Nigeria,,,,,FMLE,Female,,GHE013,Whooping cough,,,,,2.9,2.91782,,,,,
316,WHS2_131,Age-standardized NCD mortality rate  (per 100 000 population),https://www.who.int/data/gho/indicator-metadata-registry/imr-details/78,,,,PUBLISHED,Published,,2012.0,2012,,AFR,2012,2012,Africa,,NGA,Nigeria,,,,,FMLE,Female,,GHE014,Diphtheria,,,,,0.3,0.27429,,,,,
317,WHS2_131,Age-standardized NCD mortality rate  (per 100 000 population),https://www.who.int/data/gho/indicator-metadata-registry/imr-details/78,,,,PUBLISHED,Published,,2012.0,2012,,AFR,2012,2012,Africa,,NGA,Nigeria,,,,,FMLE,Female,,GHE027,Lymphatic filariasis,,,,,0.0,0.00000,,,,,
318,WHS2_131,Age-standardized NCD mortality rate  (per 100 000 population),https://www.who.int/data/gho/indicator-metadata-registry/imr-details/78,,,,PUBLISHED,Published,,2012.0,2012,,AFR,2012,2012,Africa,,NGA,Nigeria,,,,,FMLE,Female,,GHE028,Onchocerciasis,,,,,0.0,0.00000,,,,,
319,WHS2_131,Age-standardized NCD mortality rate  (per 100 000 population),https://www.who.int/data/gho/indicator-metadata-registry/imr-details/78,,,,PUBLISHED,Published,,2012.0,2012,,AFR,2012,2012,Africa,,NGA,Nigeria,,,,,FMLE,Female,,GHE029,Leprosy,,,,,0.0,0.00000,,,,,
320,WHS2_131,Age-standardized NCD mortality rate  (per 100 000 population),https://www.who.int/data/gho/indicator-metadata-registry/imr-details/78,,,,PUBLISHED,Published,,2012.0,2012,,AFR,2012,2012,Africa,,NGA,Nigeria,,,,,FMLE,Female,,GHE030,Dengue,,,,,0.3,0.25454,,,,,
321,WHS2_131,Age-standardized NCD mortality rate  (per 100 000 population),https://www.who.int/data/gho/indicator-metadata-registry/imr-details/78,,,,PUBLISHED,Published,,2012.0,2012,,AFR,2012,2012,Africa,,NGA,Nigeria,,,,,FMLE,Female,,GHE055,Protein-energy malnutrition,,,,,37.6,37.61449,,,,,
322,WHS2_131,Age-standardized NCD mortality rate  (per 100 000 population),https://www.who.int/data/gho/indicator-metadata-registry/imr-details/78,,,,PUBLISHED,Published,,2012.0,2012,,AFR,2012,2012,Africa,,NGA,Nigeria,,,,,FMLE,Female,,GHE061,Malignant neoplasms,,,,,97.0,96.97032,,,,,
323,WHS2_131,Age-standardized NCD mortality rate  (per 100 000 population),https://www.who.int/data/gho/indicator-metadata-registry/imr-details/78,,,,PUBLISHED,Published,,2012.0,2012,,AFR,2012,2012,Africa,,NGA,Nigeria,,,,,FMLE,Female,,GHE075,Bladder cancer,,,,,0.8,0.75741,,,,,
324,WHS2_131,Age-standardized NCD mortality rate  (per 100 000 population),https://www.who.int/data/gho/indicator-metadata-registry/imr-details/78,,,,PUBLISHED,Published,,2012.0,2012,,AFR,2012,2012,Africa,,NGA,Nigeria,,,,,FMLE,Female,,GHE076,"Lymphomas, multiple myeloma",,,,,4.4,4.38963,,,,,
325,WHS2_131,Age-standardized NCD mortality rate  (per 100 000 population),https://www.who.int/data/gho/indicator-metadata-registry/imr-details/78,,,,PUBLISHED,Published,,2012.0,2012,,AFR,2012,2012,Africa,,NGA,Nigeria,,,,,FMLE,Female,,GHE077,Leukaemia,,,,,1.6,1.62074,,,,,
326,WHS2_131,Age-standardized NCD mortality rate  (per 100 000 population),https://www.who.int/data/gho/indicator-metadata-registry/imr-details/78,,,,PUBLISHED,Published,,2012.0,2012,,AFR,2012,2012,Africa,,NGA,Nigeria,,,,,FMLE,Female,,GHE078,Other malignant neoplasms,,,,,10.0,10.02113,,,,,
327,WHS2_131,Age-standardized NCD mortality rate  (per 100 000 population),https://www.who.int/data/gho/indicator-metadata-registry/imr-details/78,,,,PUBLISHED,Published,,2012.0,2012,,AFR,2012,2012,Africa,,NGA,Nigeria,,,,,FMLE,Female,,GHE112,Hypertensive heart disease,,,,,24.4,24.38050,,,,,
328,WHS2_131,Age-standardized NCD mortality rate  (per 100 000 population),https://www.who.int/data/gho/indicator-metadata-registry/imr-details/78,,,,PUBLISHED,Published,,2012.0,2012,,AFR,2012,2012,Africa,,NGA,Nigeria,,,,,FMLE,Female,,GHE113,Ischaemic heart disease,,,,,88.9,88.90043,,,,,
329,WHS2_131,Age-standardized NCD mortality rate  (per 100 000 population),https://www.who.int/data/gho/indicator-metadata-registry/imr-details/78,,,,PUBLISHED,Published,,2012.0,2012,,AFR,2012,2012,Africa,,NGA,Nigeria,,,,,FMLE,Female,,GHE114,Stroke,,,,,128.3,128.25015,,,,,
330,WHS2_131,Age-standardized NCD mortality rate  (per 100 000 population),https://www.who.int/data/gho/indicator-metadata-registry/imr-details/78,,,,PUBLISHED,Published,,2012.0,2012,,AFR,2012,2012,Africa,,NGA,Nigeria,,,,,FMLE,Female,,GHE115,"Cardiomyopathy, myocarditis, endocarditis",,,,,9.3,9.34619,,,,,
331,WHS2_131,Age-standardized NCD mortality rate  (per 100 000 population),https://www.who.int/data/gho/indicator-metadata-registry/imr-details/78,,,,PUBLISHED,Published,,2012.0,2012,,AFR,2012,2012,Africa,,NGA,Nigeria,,,,,FMLE,Female,,GHE116,Other circulatory diseases,,,,,15.0,15.02693,,,,,
332,WHS2_131,Age-standardized NCD mortality rate  (per 100 000 population),https://www.who.int/data/gho/indicator-metadata-registry/imr-details/78,,,,PUBLISHED,Published,,2012.0,2012,,AFR,2012,2012,Africa,,NGA,Nigeria,,,,,FMLE,Female,,GHE129,Urolithiasis,,,,,0.2,0.23239,,,,,
333,WHS2_131,Age-standardized NCD mortality rate  (per 100 000 population),https://www.who.int/data/gho/indicator-metadata-registry/imr-details/78,,,,PUBLISHED,Published,,2012.0,2012,,AFR,2012,2012,Africa,,NGA,Nigeria,,,,,FMLE,Female,,GHE130,Other genitourinary diseases,,,,,7.4,7.35736,,,,,
334,WHS2_131,Age-standardized NCD mortality rate  (per 100 000 population),https://www.who.int/data/gho/indicator-metadata-registry/imr-details/78,,,,PUBLISHED,Published,,2012.0,2012,,AFR,2012,2012,Africa,,NGA,Nigeria,,,,,FMLE,Female,,GHE132,Gynecological diseases,,,,,0.3,0.28428,,,,,
335,WHS2_131,Age-standardized NCD mortality rate  (per 100 000 population),https://www.who.int/data/gho/indicator-metadata-registry/imr-details/78,,,,PUBLISHED,Published,,2012.0,2012,,AFR,2012,2012,Africa,,NGA,Nigeria,,,,,FMLE,Female,,GHE134,Musculoskeletal diseases,,,,,5.4,5.43704,,,,,
336,WHS2_131,Age-standardized NCD mortality rate  (per 100 000 population),https://www.who.int/data/gho/indicator-metadata-registry/imr-details/78,,,,PUBLISHED,Published,,2012.0,2012,,AFR,2012,2012,Africa,,NGA,Nigeria,,,,,FMLE,Female,,GHE157,Drowning,,,,,4.3,4.29414,,,,,
337,WHS2_131,Age-standardized NCD mortality rate  (per 100 000 population),https://www.who.int/data/gho/indicator-metadata-registry/imr-details/78,,,,PUBLISHED,Published,,2012.0,2012,,AFR,2012,2012,Africa,,NGA,Nigeria,,,,,FMLE,Female,,GHE158,Exposure to forces of nature,,,,,0.0,0.00000,,,,,
338,WHS2_131,Age-standardized NCD mortality rate  (per 100 000 population),https://www.who.int/data/gho/indicator-metadata-registry/imr-details/78,,,,PUBLISHED,Published,,2012.0,2012,,AFR,2012,2012,Africa,,NGA,Nigeria,,,,,FMLE,Female,,GHE159,Other unintentional injuries,,,,,18.8,18.75985,,,,,
339,WHS2_131,Age-standardized NCD mortality rate  (per 100 000 population),https://www.who.int/data/gho/indicator-metadata-registry/imr-details/78,,,,PUBLISHED,Published,,2012.0,2012,,AFR,2012,2012,Africa,,NGA,Nigeria,,,,,FMLE,Female,,GHE160,Intentional injuries,,,,,14.4,14.35470,,,,,
340,GBD_DALYRTAGE,"Age-standardized DALYs (per 100,000)",https://www.who.int/data/gho/indicator-metadata-registry/imr-details/157,,,,PUBLISHED,Published,,2000.0,2000,,AFR,2000,2000,Africa,,NGA,Nigeria,,,,,,,,GHE060,Noncommunicable diseases,,,,,"30,224",30224.33008,,,,,
341,GBD_DALYRTAGE,"Age-standardized DALYs (per 100,000)",https://www.who.int/data/gho/indicator-metadata-registry/imr-details/157,,,,PUBLISHED,Published,,2012.0,2012,,AFR,2012,2012,Africa,,NGA,Nigeria,,,,,,,,GHE000,All Causes,,,,,"84,764",84764.25000,,,,,
342,WHS2_126,Distribution of years of life lost by major cause group,https://www.who.int/data/gho/indicator-metadata-registry/imr-details/90,,,,PUBLISHED,Published,,2000.0,2000,,AFR,2000,2000,Africa,,NGA,Nigeria,,,,,,,,GHE001,Communicable & other Group I,,,,,80,80.00000,,,,,
343,WHS2_131,Age-standardized NCD mortality rate  (per 100 000 population),https://www.who.int/data/gho/indicator-metadata-registry/imr-details/78,,,,PUBLISHED,Published,,2000.0,2000,,AFR,2000,2000,Africa,,NGA,Nigeria,,,,,BTSX,Both sexes,,GHE001,Communicable & other Group I,,,,,1226.2,1226.22553,,,,,
344,WHS2_131,Age-standardized NCD mortality rate  (per 100 000 population),https://www.who.int/data/gho/indicator-metadata-registry/imr-details/78,,,,PUBLISHED,Published,,2000.0,2000,,AFR,2000,2000,Africa,,NGA,Nigeria,,,,,BTSX,Both sexes,,GHE013,Whooping cough,,,,,3.7,3.66158,,,,,
345,WHS2_131,Age-standardized NCD mortality rate  (per 100 000 population),https://www.who.int/data/gho/indicator-metadata-registry/imr-details/78,,,,PUBLISHED,Published,,2000.0,2000,,AFR,2000,2000,Africa,,NGA,Nigeria,,,,,BTSX,Both sexes,,GHE015,Measles,,,,,89.9,89.91113,,,,,
346,WHS2_131,Age-standardized NCD mortality rate  (per 100 000 population),https://www.who.int/data/gho/indicator-metadata-registry/imr-details/78,,,,PUBLISHED,Published,,2000.0,2000,,AFR,2000,2000,Africa,,NGA,Nigeria,,,,,BTSX,Both sexes,,GHE020,Acute hepatitis C,,,,,0.8,0.77254,,,,,
347,WHS2_131,Age-standardized NCD mortality rate  (per 100 000 population),https://www.who.int/data/gho/indicator-metadata-registry/imr-details/78,,,,PUBLISHED,Published,,2000.0,2000,,AFR,2000,2000,Africa,,NGA,Nigeria,,,,,BTSX,Both sexes,,GHE022,Malaria,,,,,113.3,113.34328,,,,,
348,WHS2_131,Age-standardized NCD mortality rate  (per 100 000 population),https://www.who.int/data/gho/indicator-metadata-registry/imr-details/78,,,,PUBLISHED,Published,,2000.0,2000,,AFR,2000,2000,Africa,,NGA,Nigeria,,,,,BTSX,Both sexes,,GHE029,Leprosy,,,,,0.0,0.00000,,,,,
349,WHS2_131,Age-standardized NCD mortality rate  (per 100 000 population),https://www.who.int/data/gho/indicator-metadata-registry/imr-details/78,,,,PUBLISHED,Published,,2000.0,2000,,AFR,2000,2000,Africa,,NGA,Nigeria,,,,,BTSX,Both sexes,,GHE031,Trachoma,,,,,0.0,0.00000,,,,,
350,WHS2_131,Age-standardized NCD mortality rate  (per 100 000 population),https://www.who.int/data/gho/indicator-metadata-registry/imr-details/78,,,,PUBLISHED,Published,,2000.0,2000,,AFR,2000,2000,Africa,,NGA,Nigeria,,,,,BTSX,Both sexes,,GHE042,Maternal conditions,,,,,48.8,48.77910,,,,,
351,WHS2_131,Age-standardized NCD mortality rate  (per 100 000 population),https://www.who.int/data/gho/indicator-metadata-registry/imr-details/78,,,,PUBLISHED,Published,,2000.0,2000,,AFR,2000,2000,Africa,,NGA,Nigeria,,,,,BTSX,Both sexes,,GHE050,Preterm birth complications,,,,,33.9,33.94757,,,,,
352,WHS2_131,Age-standardized NCD mortality rate  (per 100 000 population),https://www.who.int/data/gho/indicator-metadata-registry/imr-details/78,,,,PUBLISHED,Published,,2000.0,2000,,AFR,2000,2000,Africa,,NGA,Nigeria,,,,,BTSX,Both sexes,,GHE055,Protein-energy malnutrition,,,,,52.9,52.86911,,,,,
353,WHS2_131,Age-standardized NCD mortality rate  (per 100 000 population),https://www.who.int/data/gho/indicator-metadata-registry/imr-details/78,,,,PUBLISHED,Published,,2000.0,2000,,AFR,2000,2000,Africa,,NGA,Nigeria,,,,,BTSX,Both sexes,,GHE061,Malignant neoplasms,,,,,118.5,118.46159,,,,,
354,WHS2_131,Age-standardized NCD mortality rate  (per 100 000 population),https://www.who.int/data/gho/indicator-metadata-registry/imr-details/78,,,,PUBLISHED,Published,,2000.0,2000,,AFR,2000,2000,Africa,,NGA,Nigeria,,,,,BTSX,Both sexes,,GHE068,"Trachea, bronchus, lung cancers",,,,,1.3,1.33750,,,,,
355,WHS2_131,Age-standardized NCD mortality rate  (per 100 000 population),https://www.who.int/data/gho/indicator-metadata-registry/imr-details/78,,,,PUBLISHED,Published,,2000.0,2000,,AFR,2000,2000,Africa,,NGA,Nigeria,,,,,BTSX,Both sexes,,GHE070,Breast cancer,,,,,16.6,16.58636,,,,,
356,WHS2_131,Age-standardized NCD mortality rate  (per 100 000 population),https://www.who.int/data/gho/indicator-metadata-registry/imr-details/78,,,,PUBLISHED,Published,,2000.0,2000,,AFR,2000,2000,Africa,,NGA,Nigeria,,,,,BTSX,Both sexes,,GHE077,Leukaemia,,,,,1.9,1.87263,,,,,
357,WHS2_131,Age-standardized NCD mortality rate  (per 100 000 population),https://www.who.int/data/gho/indicator-metadata-registry/imr-details/78,,,,PUBLISHED,Published,,2000.0,2000,,AFR,2000,2000,Africa,,NGA,Nigeria,,,,,BTSX,Both sexes,,GHE079,Other neoplasms,,,,,4.2,4.16740,,,,,
358,WHS2_131,Age-standardized NCD mortality rate  (per 100 000 population),https://www.who.int/data/gho/indicator-metadata-registry/imr-details/78,,,,PUBLISHED,Published,,2000.0,2000,,AFR,2000,2000,Africa,,NGA,Nigeria,,,,,BTSX,Both sexes,,GHE095,Alzheimer's disease and other dementias,,,,,4.3,4.33116,,,,,
359,WHS2_131,Age-standardized NCD mortality rate  (per 100 000 population),https://www.who.int/data/gho/indicator-metadata-registry/imr-details/78,,,,PUBLISHED,Published,,2000.0,2000,,AFR,2000,2000,Africa,,NGA,Nigeria,,,,,BTSX,Both sexes,,GHE097,Epilepsy,,,,,15.9,15.94556,,,,,
360,WHS2_131,Age-standardized NCD mortality rate  (per 100 000 population),https://www.who.int/data/gho/indicator-metadata-registry/imr-details/78,,,,PUBLISHED,Published,,2000.0,2000,,AFR,2000,2000,Africa,,NGA,Nigeria,,,,,BTSX,Both sexes,,GHE114,Stroke,,,,,129.4,129.42808,,,,,
361,WHS2_131,Age-standardized NCD mortality rate  (per 100 000 population),https://www.who.int/data/gho/indicator-metadata-registry/imr-details/78,,,,PUBLISHED,Published,,2000.0,2000,,AFR,2000,2000,Africa,,NGA,Nigeria,,,,,BTSX,Both sexes,,GHE116,Other circulatory diseases,,,,,17.4,17.43630,,,,,
362,WHS2_131,Age-standardized NCD mortality rate  (per 100 000 population),https://www.who.int/data/gho/indicator-metadata-registry/imr-details/78,,,,PUBLISHED,Published,,2000.0,2000,,AFR,2000,2000,Africa,,NGA,Nigeria,,,,,BTSX,Both sexes,,GHE123,Cirrhosis of the liver,,,,,40.0,40.00476,,,,,
363,WHS2_131,Age-standardized NCD mortality rate  (per 100 000 population),https://www.who.int/data/gho/indicator-metadata-registry/imr-details/78,,,,PUBLISHED,Published,,2000.0,2000,,AFR,2000,2000,Africa,,NGA,Nigeria,,,,,BTSX,Both sexes,,GHE125,Other digestive diseases,,,,,50.2,50.23292,,,,,
364,WHS2_131,Age-standardized NCD mortality rate  (per 100 000 population),https://www.who.int/data/gho/indicator-metadata-registry/imr-details/78,,,,PUBLISHED,Published,,2000.0,2000,,AFR,2000,2000,Africa,,NGA,Nigeria,,,,,BTSX,Both sexes,,GHE130,Other genitourinary diseases,,,,,8.8,8.76571,,,,,
365,WHS2_131,Age-standardized NCD mortality rate  (per 100 000 population),https://www.who.int/data/gho/indicator-metadata-registry/imr-details/78,,,,PUBLISHED,Published,,2000.0,2000,,AFR,2000,2000,Africa,,NGA,Nigeria,,,,,BTSX,Both sexes,,GHE134,Musculoskeletal diseases,,,,,4.0,3.96613,,,,,
366,WHS2_131,Age-standardized NCD mortality rate  (per 100 000 population),https://www.who.int/data/gho/indicator-metadata-registry/imr-details/78,,,,PUBLISHED,Published,,2000.0,2000,,AFR,2000,2000,Africa,,NGA,Nigeria,,,,,BTSX,Both sexes,,GHE146,Other congenital anomalies,,,,,4.0,3.97398,,,,,
367,WHS2_131,Age-standardized NCD mortality rate  (per 100 000 population),https://www.who.int/data/gho/indicator-metadata-registry/imr-details/78,,,,PUBLISHED,Published,,2000.0,2000,,AFR,2000,2000,Africa,,NGA,Nigeria,,,,,BTSX,Both sexes,,GHE152,Unintentional injuries,,,,,117.0,117.01390,,,,,
368,WHS2_131,Age-standardized NCD mortality rate  (per 100 000 population),https://www.who.int/data/gho/indicator-metadata-registry/imr-details/78,,,,PUBLISHED,Published,,2000.0,2000,,AFR,2000,2000,Africa,,NGA,Nigeria,,,,,BTSX,Both sexes,,GHE159,Other unintentional injuries,,,,,24.2,24.24873,,,,,
369,WHS2_131,Age-standardized NCD mortality rate  (per 100 000 population),https://www.who.int/data/gho/indicator-metadata-registry/imr-details/78,,,,PUBLISHED,Published,,2000.0,2000,,AFR,2000,2000,Africa,,NGA,Nigeria,,,,,BTSX,Both sexes,,GHE161,Self-harm,,,,,6.4,6.38414,,,,,
370,WHS2_131,Age-standardized NCD mortality rate  (per 100 000 population),https://www.who.int/data/gho/indicator-metadata-registry/imr-details/78,,,,PUBLISHED,Published,,2000.0,2000,,AFR,2000,2000,Africa,,NGA,Nigeria,,,,,MLE,Male,,GHE002,Infectious and parasitic diseases,,,,,664.4,664.35899,,,,,
371,WHS2_131,Age-standardized NCD mortality rate  (per 100 000 population),https://www.who.int/data/gho/indicator-metadata-registry/imr-details/78,,,,PUBLISHED,Published,,2000.0,2000,,AFR,2000,2000,Africa,,NGA,Nigeria,,,,,MLE,Male,,GHE004,STDs excluding HIV,,,,,5.1,5.07842,,,,,
372,WHS2_131,Age-standardized NCD mortality rate  (per 100 000 population),https://www.who.int/data/gho/indicator-metadata-registry/imr-details/78,,,,PUBLISHED,Published,,2000.0,2000,,AFR,2000,2000,Africa,,NGA,Nigeria,,,,,MLE,Male,,GHE016,Tetanus,,,,,3.8,3.81004,,,,,
373,WHS2_131,Age-standardized NCD mortality rate  (per 100 000 population),https://www.who.int/data/gho/indicator-metadata-registry/imr-details/78,,,,PUBLISHED,Published,,2000.0,2000,,AFR,2000,2000,Africa,,NGA,Nigeria,,,,,MLE,Male,,GHE018,Encephalitis,,,,,3.9,3.87836,,,,,
374,WHS2_131,Age-standardized NCD mortality rate  (per 100 000 population),https://www.who.int/data/gho/indicator-metadata-registry/imr-details/78,,,,PUBLISHED,Published,,2000.0,2000,,AFR,2000,2000,Africa,,NGA,Nigeria,,,,,MLE,Male,,GHE025,Schistosomiasis,,,,,5.2,5.19089,,,,,
375,WHS2_131,Age-standardized NCD mortality rate  (per 100 000 population),https://www.who.int/data/gho/indicator-metadata-registry/imr-details/78,,,,PUBLISHED,Published,,2000.0,2000,,AFR,2000,2000,Africa,,NGA,Nigeria,,,,,MLE,Male,,GHE027,Lymphatic filariasis,,,,,0.0,0.00000,,,,,
376,WHS2_131,Age-standardized NCD mortality rate  (per 100 000 population),https://www.who.int/data/gho/indicator-metadata-registry/imr-details/78,,,,PUBLISHED,Published,,2000.0,2000,,AFR,2000,2000,Africa,,NGA,Nigeria,,,,,MLE,Male,,GHE032,Rabies,,,,,3.7,3.70555,,,,,
377,WHS2_131,Age-standardized NCD mortality rate  (per 100 000 population),https://www.who.int/data/gho/indicator-metadata-registry/imr-details/78,,,,PUBLISHED,Published,,2000.0,2000,,AFR,2000,2000,Africa,,NGA,Nigeria,,,,,MLE,Male,,GHE037,Other infectious diseases,,,,,37.4,37.40625,,,,,
378,WHS2_131,Age-standardized NCD mortality rate  (per 100 000 population),https://www.who.int/data/gho/indicator-metadata-registry/imr-details/78,,,,PUBLISHED,Published,,2000.0,2000,,AFR,2000,2000,Africa,,NGA,Nigeria,,,,,MLE,Male,,GHE051,Birth asphyxia and birth trauma,,,,,39.1,39.08678,,,,,
379,WHS2_131,Age-standardized NCD mortality rate  (per 100 000 population),https://www.who.int/data/gho/indicator-metadata-registry/imr-details/78,,,,PUBLISHED,Published,,2000.0,2000,,AFR,2000,2000,Africa,,NGA,Nigeria,,,,,MLE,Male,,GHE053,Other neonatal conditions,,,,,2.3,2.26481,,,,,
380,WHS2_131,Age-standardized NCD mortality rate  (per 100 000 population),https://www.who.int/data/gho/indicator-metadata-registry/imr-details/78,,,,PUBLISHED,Published,,2000.0,2000,,AFR,2000,2000,Africa,,NGA,Nigeria,,,,,MLE,Male,,GHE064,Stomach cancer,,,,,3.7,3.73292,,,,,
381,WHS2_131,Age-standardized NCD mortality rate  (per 100 000 population),https://www.who.int/data/gho/indicator-metadata-registry/imr-details/78,,,,PUBLISHED,Published,,2000.0,2000,,AFR,2000,2000,Africa,,NGA,Nigeria,,,,,MLE,Male,,GHE066,Liver cancer,,,,,21.1,21.13922,,,,,
382,WHS2_131,Age-standardized NCD mortality rate  (per 100 000 population),https://www.who.int/data/gho/indicator-metadata-registry/imr-details/78,,,,PUBLISHED,Published,,2000.0,2000,,AFR,2000,2000,Africa,,NGA,Nigeria,,,,,MLE,Male,,GHE071,Cervix uteri cancer,,,,,0.0,0.00000,,,,,
383,WHS2_131,Age-standardized NCD mortality rate  (per 100 000 population),https://www.who.int/data/gho/indicator-metadata-registry/imr-details/78,,,,PUBLISHED,Published,,2000.0,2000,,AFR,2000,2000,Africa,,NGA,Nigeria,,,,,MLE,Male,,GHE073,Ovary cancer,,,,,0.0,0.00000,,,,,
384,WHS2_131,Age-standardized NCD mortality rate  (per 100 000 population),https://www.who.int/data/gho/indicator-metadata-registry/imr-details/78,,,,PUBLISHED,Published,,2000.0,2000,,AFR,2000,2000,Africa,,NGA,Nigeria,,,,,MLE,Male,,GHE080,Diabetes mellitus,,,,,40.7,40.74927,,,,,
385,WHS2_131,Age-standardized NCD mortality rate  (per 100 000 population),https://www.who.int/data/gho/indicator-metadata-registry/imr-details/78,,,,PUBLISHED,Published,,2000.0,2000,,AFR,2000,2000,Africa,,NGA,Nigeria,,,,,MLE,Male,,GHE082,Mental and behavioral disorders,,,,,3.0,2.97338,,,,,
386,WHS2_131,Age-standardized NCD mortality rate  (per 100 000 population),https://www.who.int/data/gho/indicator-metadata-registry/imr-details/78,,,,PUBLISHED,Published,,2000.0,2000,,AFR,2000,2000,Africa,,NGA,Nigeria,,,,,MLE,Male,,GHE110,Cardiovascular diseases,,,,,268.6,268.55214,,,,,
387,WHS2_131,Age-standardized NCD mortality rate  (per 100 000 population),https://www.who.int/data/gho/indicator-metadata-registry/imr-details/78,,,,PUBLISHED,Published,,2000.0,2000,,AFR,2000,2000,Africa,,NGA,Nigeria,,,,,MLE,Male,,GHE112,Hypertensive heart disease,,,,,8.3,8.31263,,,,,
388,WHS2_131,Age-standardized NCD mortality rate  (per 100 000 population),https://www.who.int/data/gho/indicator-metadata-registry/imr-details/78,,,,PUBLISHED,Published,,2000.0,2000,,AFR,2000,2000,Africa,,NGA,Nigeria,,,,,MLE,Male,,GHE117,Respiratory diseases,,,,,47.5,47.46558,,,,,
389,WHS2_131,Age-standardized NCD mortality rate  (per 100 000 population),https://www.who.int/data/gho/indicator-metadata-registry/imr-details/78,,,,PUBLISHED,Published,,2000.0,2000,,AFR,2000,2000,Africa,,NGA,Nigeria,,,,,MLE,Male,,GHE119,Asthma,,,,,11.9,11.93485,,,,,
390,WHS2_131,Age-standardized NCD mortality rate  (per 100 000 population),https://www.who.int/data/gho/indicator-metadata-registry/imr-details/78,,,,PUBLISHED,Published,,2000.0,2000,,AFR,2000,2000,Africa,,NGA,Nigeria,,,,,MLE,Male,,GHE121,Digestive diseases,,,,,173.1,173.05245,,,,,
391,WHS2_131,Age-standardized NCD mortality rate  (per 100 000 population),https://www.who.int/data/gho/indicator-metadata-registry/imr-details/78,,,,PUBLISHED,Published,,2000.0,2000,,AFR,2000,2000,Africa,,NGA,Nigeria,,,,,MLE,Male,,GHE126,Genitourinary diseases,,,,,26.9,26.90776,,,,,
392,WHS2_131,Age-standardized NCD mortality rate  (per 100 000 population),https://www.who.int/data/gho/indicator-metadata-registry/imr-details/78,,,,PUBLISHED,Published,,2000.0,2000,,AFR,2000,2000,Africa,,NGA,Nigeria,,,,,MLE,Male,,GHE128,Hyperplasia of prostate,,,,,0.0,0.00000,,,,,
393,WHS2_131,Age-standardized NCD mortality rate  (per 100 000 population),https://www.who.int/data/gho/indicator-metadata-registry/imr-details/78,,,,PUBLISHED,Published,,2000.0,2000,,AFR,2000,2000,Africa,,NGA,Nigeria,,,,,MLE,Male,,GHE142,Cleft lip and cleft palate,,,,,0.1,0.06393,,,,,
394,WHS2_131,Age-standardized NCD mortality rate  (per 100 000 population),https://www.who.int/data/gho/indicator-metadata-registry/imr-details/78,,,,PUBLISHED,Published,,2000.0,2000,,AFR,2000,2000,Africa,,NGA,Nigeria,,,,,MLE,Male,,GHE144,Congenital heart anomalies,,,,,3.3,3.32377,,,,,
395,WHS2_131,Age-standardized NCD mortality rate  (per 100 000 population),https://www.who.int/data/gho/indicator-metadata-registry/imr-details/78,,,,PUBLISHED,Published,,2000.0,2000,,AFR,2000,2000,Africa,,NGA,Nigeria,,,,,MLE,Male,,GHE153,Road injury,,,,,45.8,45.77626,,,,,
396,WHS2_131,Age-standardized NCD mortality rate  (per 100 000 population),https://www.who.int/data/gho/indicator-metadata-registry/imr-details/78,,,,PUBLISHED,Published,,2000.0,2000,,AFR,2000,2000,Africa,,NGA,Nigeria,,,,,MLE,Male,,GHE155,Falls,,,,,34.6,34.58724,,,,,
397,WHS2_131,Age-standardized NCD mortality rate  (per 100 000 population),https://www.who.int/data/gho/indicator-metadata-registry/imr-details/78,,,,PUBLISHED,Published,,2000.0,2000,,AFR,2000,2000,Africa,,NGA,Nigeria,,,,,MLE,Male,,GHE157,Drowning,,,,,10.4,10.44601,,,,,
398,WHS2_131,Age-standardized NCD mortality rate  (per 100 000 population),https://www.who.int/data/gho/indicator-metadata-registry/imr-details/78,,,,PUBLISHED,Published,,2000.0,2000,,AFR,2000,2000,Africa,,NGA,Nigeria,,,,,MLE,Male,,GHE162,Interpersonal violence,,,,,40.6,40.61471,,,,,
399,WHS2_131,Age-standardized NCD mortality rate  (per 100 000 population),https://www.who.int/data/gho/indicator-metadata-registry/imr-details/78,,,,PUBLISHED,Published,,2000.0,2000,,AFR,2000,2000,Africa,,NGA,Nigeria,,,,,FMLE,Female,,GHE000,All Causes,,,,,2010.4,2010.41003,,,,,
400,WHS2_131,Age-standardized NCD mortality rate  (per 100 000 population),https://www.who.int/data/gho/indicator-metadata-registry/imr-details/78,,,,PUBLISHED,Published,,2000.0,2000,,AFR,2000,2000,Africa,,NGA,Nigeria,,,,,FMLE,Female,,GHE012,Childhood-cluster diseases,,,,,107.4,107.37626,,,,,
401,WHS2_131,Age-standardized NCD mortality rate  (per 100 000 population),https://www.who.int/data/gho/indicator-metadata-registry/imr-details/78,,,,PUBLISHED,Published,,2000.0,2000,,AFR,2000,2000,Africa,,NGA,Nigeria,,,,,FMLE,Female,,GHE021,Parasitic and vector diseases,,,,,121.9,121.87712,,,,,
402,WHS2_131,Age-standardized NCD mortality rate  (per 100 000 population),https://www.who.int/data/gho/indicator-metadata-registry/imr-details/78,,,,PUBLISHED,Published,,2000.0,2000,,AFR,2000,2000,Africa,,NGA,Nigeria,,,,,FMLE,Female,,GHE023,Trypanosomiasis,,,,,0.2,0.18244,,,,,
403,WHS2_131,Age-standardized NCD mortality rate  (per 100 000 population),https://www.who.int/data/gho/indicator-metadata-registry/imr-details/78,,,,PUBLISHED,Published,,2000.0,2000,,AFR,2000,2000,Africa,,NGA,Nigeria,,,,,FMLE,Female,,GHE028,Onchocerciasis,,,,,0.0,0.00000,,,,,
404,WHS2_131,Age-standardized NCD mortality rate  (per 100 000 population),https://www.who.int/data/gho/indicator-metadata-registry/imr-details/78,,,,PUBLISHED,Published,,2000.0,2000,,AFR,2000,2000,Africa,,NGA,Nigeria,,,,,FMLE,Female,,GHE030,Dengue,,,,,0.3,0.30461,,,,,
405,WHS2_131,Age-standardized NCD mortality rate  (per 100 000 population),https://www.who.int/data/gho/indicator-metadata-registry/imr-details/78,,,,PUBLISHED,Published,,2000.0,2000,,AFR,2000,2000,Africa,,NGA,Nigeria,,,,,FMLE,Female,,GHE040,Upper respiratory infections,,,,,0.8,0.76983,,,,,
406,WHS2_131,Age-standardized NCD mortality rate  (per 100 000 population),https://www.who.int/data/gho/indicator-metadata-registry/imr-details/78,,,,PUBLISHED,Published,,2000.0,2000,,AFR,2000,2000,Africa,,NGA,Nigeria,,,,,FMLE,Female,,GHE049,Neonatal conditions,,,,,68.5,68.50266,,,,,
407,WHS2_131,Age-standardized NCD mortality rate  (per 100 000 population),https://www.who.int/data/gho/indicator-metadata-registry/imr-details/78,,,,PUBLISHED,Published,,2000.0,2000,,AFR,2000,2000,Africa,,NGA,Nigeria,,,,,FMLE,Female,,GHE062,Mouth and oropharynx cancers,,,,,1.9,1.87741,,,,,
408,WHS2_131,Age-standardized NCD mortality rate  (per 100 000 population),https://www.who.int/data/gho/indicator-metadata-registry/imr-details/78,,,,PUBLISHED,Published,,2000.0,2000,,AFR,2000,2000,Africa,,NGA,Nigeria,,,,,FMLE,Female,,GHE067,Pancreas cancer,,,,,1.6,1.64554,,,,,
409,WHS2_131,Age-standardized NCD mortality rate  (per 100 000 population),https://www.who.int/data/gho/indicator-metadata-registry/imr-details/78,,,,PUBLISHED,Published,,2000.0,2000,,AFR,2000,2000,Africa,,NGA,Nigeria,,,,,FMLE,Female,,GHE069,Melanoma and other skin cancers,,,,,0.9,0.85032,,,,,
410,WHS2_131,Age-standardized NCD mortality rate  (per 100 000 population),https://www.who.int/data/gho/indicator-metadata-registry/imr-details/78,,,,PUBLISHED,Published,,2000.0,2000,,AFR,2000,2000,Africa,,NGA,Nigeria,,,,,FMLE,Female,,GHE076,"Lymphomas, multiple myeloma",,,,,4.7,4.65994,,,,,
411,WHS2_131,Age-standardized NCD mortality rate  (per 100 000 population),https://www.who.int/data/gho/indicator-metadata-registry/imr-details/78,,,,PUBLISHED,Published,,2000.0,2000,,AFR,2000,2000,Africa,,NGA,Nigeria,,,,,FMLE,Female,,GHE078,Other malignant neoplasms,,,,,12.2,12.24291,,,,,
412,WHS2_131,Age-standardized NCD mortality rate  (per 100 000 population),https://www.who.int/data/gho/indicator-metadata-registry/imr-details/78,,,,PUBLISHED,Published,,2000.0,2000,,AFR,2000,2000,Africa,,NGA,Nigeria,,,,,FMLE,Female,,GHE096,Parkinson's disease,,,,,3.1,3.13438,,,,,
413,WHS2_131,Age-standardized NCD mortality rate  (per 100 000 population),https://www.who.int/data/gho/indicator-metadata-registry/imr-details/78,,,,PUBLISHED,Published,,2000.0,2000,,AFR,2000,2000,Africa,,NGA,Nigeria,,,,,FMLE,Female,,GHE098,Multiple sclerosis,,,,,0.3,0.29802,,,,,
414,WHS2_131,Age-standardized NCD mortality rate  (per 100 000 population),https://www.who.int/data/gho/indicator-metadata-registry/imr-details/78,,,,PUBLISHED,Published,,2000.0,2000,,AFR,2000,2000,Africa,,NGA,Nigeria,,,,,FMLE,Female,,GHE113,Ischaemic heart disease,,,,,92.1,92.12809,,,,,
415,WHS2_131,Age-standardized NCD mortality rate  (per 100 000 population),https://www.who.int/data/gho/indicator-metadata-registry/imr-details/78,,,,PUBLISHED,Published,,2000.0,2000,,AFR,2000,2000,Africa,,NGA,Nigeria,,,,,FMLE,Female,,GHE115,"Cardiomyopathy, myocarditis, endocarditis",,,,,10.4,10.39027,,,,,
416,WHS2_131,Age-standardized NCD mortality rate  (per 100 000 population),https://www.who.int/data/gho/indicator-metadata-registry/imr-details/78,,,,PUBLISHED,Published,,2000.0,2000,,AFR,2000,2000,Africa,,NGA,Nigeria,,,,,FMLE,Female,,GHE122,Peptic ulcer disease,,,,,15.2,15.23162,,,,,
417,WHS2_131,Age-standardized NCD mortality rate  (per 100 000 population),https://www.who.int/data/gho/indicator-metadata-registry/imr-details/78,,,,PUBLISHED,Published,,2000.0,2000,,AFR,2000,2000,Africa,,NGA,Nigeria,,,,,FMLE,Female,,GHE124,Appendicitis,,,,,8.0,8.00644,,,,,
418,WHS2_131,Age-standardized NCD mortality rate  (per 100 000 population),https://www.who.int/data/gho/indicator-metadata-registry/imr-details/78,,,,PUBLISHED,Published,,2000.0,2000,,AFR,2000,2000,Africa,,NGA,Nigeria,,,,,FMLE,Female,,GHE132,Gynecological diseases,,,,,0.3,0.26357,,,,,
419,WHS2_131,Age-standardized NCD mortality rate  (per 100 000 population),https://www.who.int/data/gho/indicator-metadata-registry/imr-details/78,,,,PUBLISHED,Published,,2000.0,2000,,AFR,2000,2000,Africa,,NGA,Nigeria,,,,,FMLE,Female,,GHE140,Congenital anomalies,,,,,9.2,9.16553,,,,,
420,WHS2_131,Age-standardized NCD mortality rate  (per 100 000 population),https://www.who.int/data/gho/indicator-metadata-registry/imr-details/78,,,,PUBLISHED,Published,,2000.0,2000,,AFR,2000,2000,Africa,,NGA,Nigeria,,,,,FMLE,Female,,GHE145,Other chromosomal anomalies,,,,,0.5,0.50332,,,,,
421,WHS2_131,Age-standardized NCD mortality rate  (per 100 000 population),https://www.who.int/data/gho/indicator-metadata-registry/imr-details/78,,,,PUBLISHED,Published,,2000.0,2000,,AFR,2000,2000,Africa,,NGA,Nigeria,,,,,FMLE,Female,,GHE151,Injuries,,,,,100.4,100.42463,,,,,
422,WHS2_131,Age-standardized NCD mortality rate  (per 100 000 population),https://www.who.int/data/gho/indicator-metadata-registry/imr-details/78,,,,PUBLISHED,Published,,2000.0,2000,,AFR,2000,2000,Africa,,NGA,Nigeria,,,,,FMLE,Female,,GHE158,Exposure to forces of nature,,,,,0.0,0.00000,,,,,
423,WHS2_131,Age-standardized NCD mortality rate  (per 100 000 population),https://www.who.int/data/gho/indicator-metadata-registry/imr-details/78,,,,PUBLISHED,Published,,2012.0,2012,,AFR,2012,2012,Africa,,NGA,Nigeria,,,,,BTSX,Both sexes,,GHE003,Tuberculosis,,,,,30.0,30.01346,,,,,
424,WHS2_131,Age-standardized NCD mortality rate  (per 100 000 population),https://www.who.int/data/gho/indicator-metadata-registry/imr-details/78,,,,PUBLISHED,Published,,2012.0,2012,,AFR,2012,2012,Africa,,NGA,Nigeria,,,,,BTSX,Both sexes,,GHE010,HIV/AIDS,,,,,169.7,169.65941,,,,,
425,WHS2_131,Age-standardized NCD mortality rate  (per 100 000 population),https://www.who.int/data/gho/indicator-metadata-registry/imr-details/78,,,,PUBLISHED,Published,,2012.0,2012,,AFR,2012,2012,Africa,,NGA,Nigeria,,,,,BTSX,Both sexes,,GHE015,Measles,,,,,1.9,1.85703,,,,,
426,WHS2_131,Age-standardized NCD mortality rate  (per 100 000 population),https://www.who.int/data/gho/indicator-metadata-registry/imr-details/78,,,,PUBLISHED,Published,,2012.0,2012,,AFR,2012,2012,Africa,,NGA,Nigeria,,,,,BTSX,Both sexes,,GHE017,Meningitis,,,,,42.5,42.49866,,,,,
427,WHS2_131,Age-standardized NCD mortality rate  (per 100 000 population),https://www.who.int/data/gho/indicator-metadata-registry/imr-details/78,,,,PUBLISHED,Published,,2012.0,2012,,AFR,2012,2012,Africa,,NGA,Nigeria,,,,,BTSX,Both sexes,,GHE026,Leishmaniasis,,,,,0.8,0.84408,,,,,
428,WHS2_131,Age-standardized NCD mortality rate  (per 100 000 population),https://www.who.int/data/gho/indicator-metadata-registry/imr-details/78,,,,PUBLISHED,Published,,2012.0,2012,,AFR,2012,2012,Africa,,NGA,Nigeria,,,,,BTSX,Both sexes,,GHE033,Intestinal nematode infections,,,,,0.1,0.12278,,,,,
429,WHS2_131,Age-standardized NCD mortality rate  (per 100 000 population),https://www.who.int/data/gho/indicator-metadata-registry/imr-details/78,,,,PUBLISHED,Published,,2012.0,2012,,AFR,2012,2012,Africa,,NGA,Nigeria,,,,,BTSX,Both sexes,,GHE038,Respiratory infections,,,,,290.0,289.97184,,,,,
430,WHS2_131,Age-standardized NCD mortality rate  (per 100 000 population),https://www.who.int/data/gho/indicator-metadata-registry/imr-details/78,,,,PUBLISHED,Published,,2012.0,2012,,AFR,2012,2012,Africa,,NGA,Nigeria,,,,,BTSX,Both sexes,,GHE050,Preterm birth complications,,,,,29.3,29.28882,,,,,
431,WHS2_131,Age-standardized NCD mortality rate  (per 100 000 population),https://www.who.int/data/gho/indicator-metadata-registry/imr-details/78,,,,PUBLISHED,Published,,2012.0,2012,,AFR,2012,2012,Africa,,NGA,Nigeria,,,,,BTSX,Both sexes,,GHE052,Neonatal sepsis and infections,,,,,11.4,11.38359,,,,,
432,WHS2_131,Age-standardized NCD mortality rate  (per 100 000 population),https://www.who.int/data/gho/indicator-metadata-registry/imr-details/78,,,,PUBLISHED,Published,,2012.0,2012,,AFR,2012,2012,Africa,,NGA,Nigeria,,,,,BTSX,Both sexes,,GHE063,Oesophagus cancer,,,,,0.5,0.46914,,,,,
433,WHS2_131,Age-standardized NCD mortality rate  (per 100 000 population),https://www.who.int/data/gho/indicator-metadata-registry/imr-details/78,,,,PUBLISHED,Published,,2012.0,2012,,AFR,2012,2012,Africa,,NGA,Nigeria,,,,,BTSX,Both sexes,,GHE065,Colon and rectum cancers,,,,,4.2,4.18566,,,,,
434,WHS2_131,Age-standardized NCD mortality rate  (per 100 000 population),https://www.who.int/data/gho/indicator-metadata-registry/imr-details/78,,,,PUBLISHED,Published,,2012.0,2012,,AFR,2012,2012,Africa,,NGA,Nigeria,,,,,BTSX,Both sexes,,GHE072,Corpus uteri cancer,,,,,1.0,0.99847,,,,,
435,WHS2_131,Age-standardized NCD mortality rate  (per 100 000 population),https://www.who.int/data/gho/indicator-metadata-registry/imr-details/78,,,,PUBLISHED,Published,,2012.0,2012,,AFR,2012,2012,Africa,,NGA,Nigeria,,,,,BTSX,Both sexes,,GHE074,Prostate cancer,,,,,31.4,31.35544,,,,,
436,WHS2_131,Age-standardized NCD mortality rate  (per 100 000 population),https://www.who.int/data/gho/indicator-metadata-registry/imr-details/78,,,,PUBLISHED,Published,,2012.0,2012,,AFR,2012,2012,Africa,,NGA,Nigeria,,,,,BTSX,Both sexes,,GHE079,Other neoplasms,,,,,4.4,4.44877,,,,,
437,WHS2_131,Age-standardized NCD mortality rate  (per 100 000 population),https://www.who.int/data/gho/indicator-metadata-registry/imr-details/78,,,,PUBLISHED,Published,,2012.0,2012,,AFR,2012,2012,Africa,,NGA,Nigeria,,,,,BTSX,Both sexes,,GHE081,"Endocrine, blood, immune disorders",,,,,16.3,16.31292,,,,,
438,WHS2_131,Age-standardized NCD mortality rate  (per 100 000 population),https://www.who.int/data/gho/indicator-metadata-registry/imr-details/78,,,,PUBLISHED,Published,,2012.0,2012,,AFR,2012,2012,Africa,,NGA,Nigeria,,,,,BTSX,Both sexes,,GHE101,Other neurological conditions,,,,,5.7,5.65474,,,,,
439,WHS2_131,Age-standardized NCD mortality rate  (per 100 000 population),https://www.who.int/data/gho/indicator-metadata-registry/imr-details/78,,,,PUBLISHED,Published,,2012.0,2012,,AFR,2012,2012,Africa,,NGA,Nigeria,,,,,BTSX,Both sexes,,GHE111,Rheumatic heart disease,,,,,6.1,6.10527,,,,,
440,WHS2_131,Age-standardized NCD mortality rate  (per 100 000 population),https://www.who.int/data/gho/indicator-metadata-registry/imr-details/78,,,,PUBLISHED,Published,,2012.0,2012,,AFR,2012,2012,Africa,,NGA,Nigeria,,,,,BTSX,Both sexes,,GHE118,Chronic obstructive pulmonary disease,,,,,18.8,18.82897,,,,,
441,WHS2_131,Age-standardized NCD mortality rate  (per 100 000 population),https://www.who.int/data/gho/indicator-metadata-registry/imr-details/78,,,,PUBLISHED,Published,,2012.0,2012,,AFR,2012,2012,Africa,,NGA,Nigeria,,,,,BTSX,Both sexes,,GHE120,Other respiratory diseases,,,,,8.1,8.13329,,,,,
442,WHS2_131,Age-standardized NCD mortality rate  (per 100 000 population),https://www.who.int/data/gho/indicator-metadata-registry/imr-details/78,,,,PUBLISHED,Published,,2012.0,2012,,AFR,2012,2012,Africa,,NGA,Nigeria,,,,,BTSX,Both sexes,,GHE125,Other digestive diseases,,,,,48.8,48.76961,,,,,
443,WHS2_131,Age-standardized NCD mortality rate  (per 100 000 population),https://www.who.int/data/gho/indicator-metadata-registry/imr-details/78,,,,PUBLISHED,Published,,2012.0,2012,,AFR,2012,2012,Africa,,NGA,Nigeria,,,,,BTSX,Both sexes,,GHE127,Kidney diseases,,,,,18.6,18.56830,,,,,
444,WHS2_131,Age-standardized NCD mortality rate  (per 100 000 population),https://www.who.int/data/gho/indicator-metadata-registry/imr-details/78,,,,PUBLISHED,Published,,2012.0,2012,,AFR,2012,2012,Africa,,NGA,Nigeria,,,,,BTSX,Both sexes,,GHE129,Urolithiasis,,,,,0.3,0.33912,,,,,
445,WHS2_131,Age-standardized NCD mortality rate  (per 100 000 population),https://www.who.int/data/gho/indicator-metadata-registry/imr-details/78,,,,PUBLISHED,Published,,2012.0,2012,,AFR,2012,2012,Africa,,NGA,Nigeria,,,,,BTSX,Both sexes,,GHE141,Neural tube defects,,,,,1.4,1.35431,,,,,
446,WHS2_131,Age-standardized NCD mortality rate  (per 100 000 population),https://www.who.int/data/gho/indicator-metadata-registry/imr-details/78,,,,PUBLISHED,Published,,2012.0,2012,,AFR,2012,2012,Africa,,NGA,Nigeria,,,,,BTSX,Both sexes,,GHE143,Down's syndrome,,,,,0.4,0.44673,,,,,
447,WHS2_131,Age-standardized NCD mortality rate  (per 100 000 population),https://www.who.int/data/gho/indicator-metadata-registry/imr-details/78,,,,PUBLISHED,Published,,2012.0,2012,,AFR,2012,2012,Africa,,NGA,Nigeria,,,,,BTSX,Both sexes,,GHE154,Poisonings,,,,,2.3,2.28176,,,,,
448,WHS2_131,Age-standardized NCD mortality rate  (per 100 000 population),https://www.who.int/data/gho/indicator-metadata-registry/imr-details/78,,,,PUBLISHED,Published,,2012.0,2012,,AFR,2012,2012,Africa,,NGA,Nigeria,,,,,BTSX,Both sexes,,GHE156,"Fire, heat and hot substances",,,,,21.6,21.60823,,,,,
449,WHS2_131,Age-standardized NCD mortality rate  (per 100 000 population),https://www.who.int/data/gho/indicator-metadata-registry/imr-details/78,,,,PUBLISHED,Published,,2012.0,2012,,AFR,2012,2012,Africa,,NGA,Nigeria,,,,,BTSX,Both sexes,,GHE161,Self-harm,,,,,6.5,6.50675,,,,,
450,WHS2_131,Age-standardized NCD mortality rate  (per 100 000 population),https://www.who.int/data/gho/indicator-metadata-registry/imr-details/78,,,,PUBLISHED,Published,,2012.0,2012,,AFR,2012,2012,Africa,,NGA,Nigeria,,,,,BTSX,Both sexes,,GHE163,Collective violence and legal intervention,,,,,1.2,1.18515,,,,,
451,WHS2_131,Age-standardized NCD mortality rate  (per 100 000 population),https://www.who.int/data/gho/indicator-metadata-registry/imr-details/78,,,,PUBLISHED,Published,,2012.0,2012,,AFR,2012,2012,Africa,,NGA,Nigeria,,,,,MLE,Male,,GHE001,Communicable & other Group I,,,,,852.1,852.08177,,,,,
452,WHS2_131,Age-standardized NCD mortality rate  (per 100 000 population),https://www.who.int/data/gho/indicator-metadata-registry/imr-details/78,,,,PUBLISHED,Published,,2012.0,2012,,AFR,2012,2012,Africa,,NGA,Nigeria,,,,,MLE,Male,,GHE013,Whooping cough,,,,,3.2,3.16904,,,,,
453,WHS2_131,Age-standardized NCD mortality rate  (per 100 000 population),https://www.who.int/data/gho/indicator-metadata-registry/imr-details/78,,,,PUBLISHED,Published,,2012.0,2012,,AFR,2012,2012,Africa,,NGA,Nigeria,,,,,MLE,Male,,GHE020,Acute hepatitis C,,,,,1.0,1.01881,,,,,
454,WHS2_131,Age-standardized NCD mortality rate  (per 100 000 population),https://www.who.int/data/gho/indicator-metadata-registry/imr-details/78,,,,PUBLISHED,Published,,2012.0,2012,,AFR,2012,2012,Africa,,NGA,Nigeria,,,,,MLE,Male,,GHE022,Malaria,,,,,60.3,60.25254,,,,,
455,WHS2_131,Age-standardized NCD mortality rate  (per 100 000 population),https://www.who.int/data/gho/indicator-metadata-registry/imr-details/78,,,,PUBLISHED,Published,,2012.0,2012,,AFR,2012,2012,Africa,,NGA,Nigeria,,,,,MLE,Male,,GHE027,Lymphatic filariasis,,,,,0.0,0.00000,,,,,
456,WHS2_131,Age-standardized NCD mortality rate  (per 100 000 population),https://www.who.int/data/gho/indicator-metadata-registry/imr-details/78,,,,PUBLISHED,Published,,2012.0,2012,,AFR,2012,2012,Africa,,NGA,Nigeria,,,,,MLE,Male,,GHE029,Leprosy,,,,,0.0,0.00000,,,,,
457,WHS2_131,Age-standardized NCD mortality rate  (per 100 000 population),https://www.who.int/data/gho/indicator-metadata-registry/imr-details/78,,,,PUBLISHED,Published,,2012.0,2012,,AFR,2012,2012,Africa,,NGA,Nigeria,,,,,MLE,Male,,GHE031,Trachoma,,,,,0.0,0.00000,,,,,
458,WHS2_131,Age-standardized NCD mortality rate  (per 100 000 population),https://www.who.int/data/gho/indicator-metadata-registry/imr-details/78,,,,PUBLISHED,Published,,2012.0,2012,,AFR,2012,2012,Africa,,NGA,Nigeria,,,,,MLE,Male,,GHE039,Lower respiratory infections,,,,,308.0,308.00667,,,,,
459,WHS2_131,Age-standardized NCD mortality rate  (per 100 000 population),https://www.who.int/data/gho/indicator-metadata-registry/imr-details/78,,,,PUBLISHED,Published,,2012.0,2012,,AFR,2012,2012,Africa,,NGA,Nigeria,,,,,MLE,Male,,GHE042,Maternal conditions,,,,,0.0,0.00000,,,,,
460,WHS2_131,Age-standardized NCD mortality rate  (per 100 000 population),https://www.who.int/data/gho/indicator-metadata-registry/imr-details/78,,,,PUBLISHED,Published,,2012.0,2012,,AFR,2012,2012,Africa,,NGA,Nigeria,,,,,MLE,Male,,GHE055,Protein-energy malnutrition,,,,,33.2,33.23586,,,,,
461,WHS2_131,Age-standardized NCD mortality rate  (per 100 000 population),https://www.who.int/data/gho/indicator-metadata-registry/imr-details/78,,,,PUBLISHED,Published,,2012.0,2012,,AFR,2012,2012,Africa,,NGA,Nigeria,,,,,MLE,Male,,GHE061,Malignant neoplasms,,,,,120.9,120.88054,,,,,
462,WHS2_131,Age-standardized NCD mortality rate  (per 100 000 population),https://www.who.int/data/gho/indicator-metadata-registry/imr-details/78,,,,PUBLISHED,Published,,2012.0,2012,,AFR,2012,2012,Africa,,NGA,Nigeria,,,,,MLE,Male,,GHE068,"Trachea, bronchus, lung cancers",,,,,1.2,1.22825,,,,,
463,WHS2_131,Age-standardized NCD mortality rate  (per 100 000 population),https://www.who.int/data/gho/indicator-metadata-registry/imr-details/78,,,,PUBLISHED,Published,,2012.0,2012,,AFR,2012,2012,Africa,,NGA,Nigeria,,,,,MLE,Male,,GHE070,Breast cancer,,,,,0.0,0.00000,,,,,
464,WHS2_131,Age-standardized NCD mortality rate  (per 100 000 population),https://www.who.int/data/gho/indicator-metadata-registry/imr-details/78,,,,PUBLISHED,Published,,2012.0,2012,,AFR,2012,2012,Africa,,NGA,Nigeria,,,,,MLE,Male,,GHE075,Bladder cancer,,,,,1.3,1.33010,,,,,
465,WHS2_131,Age-standardized NCD mortality rate  (per 100 000 population),https://www.who.int/data/gho/indicator-metadata-registry/imr-details/78,,,,PUBLISHED,Published,,2012.0,2012,,AFR,2012,2012,Africa,,NGA,Nigeria,,,,,MLE,Male,,GHE077,Leukaemia,,,,,1.9,1.89742,,,,,
466,WHS2_131,Age-standardized NCD mortality rate  (per 100 000 population),https://www.who.int/data/gho/indicator-metadata-registry/imr-details/78,,,,PUBLISHED,Published,,2012.0,2012,,AFR,2012,2012,Africa,,NGA,Nigeria,,,,,MLE,Male,,GHE095,Alzheimer's disease and other dementias,,,,,4.6,4.59163,,,,,
467,WHS2_131,Age-standardized NCD mortality rate  (per 100 000 population),https://www.who.int/data/gho/indicator-metadata-registry/imr-details/78,,,,PUBLISHED,Published,,2012.0,2012,,AFR,2012,2012,Africa,,NGA,Nigeria,,,,,MLE,Male,,GHE097,Epilepsy,,,,,16.1,16.13476,,,,,
468,WHS2_131,Age-standardized NCD mortality rate  (per 100 000 population),https://www.who.int/data/gho/indicator-metadata-registry/imr-details/78,,,,PUBLISHED,Published,,2012.0,2012,,AFR,2012,2012,Africa,,NGA,Nigeria,,,,,MLE,Male,,GHE114,Stroke,,,,,119.0,119.00702,,,,,
469,WHS2_131,Age-standardized NCD mortality rate  (per 100 000 population),https://www.who.int/data/gho/indicator-metadata-registry/imr-details/78,,,,PUBLISHED,Published,,2012.0,2012,,AFR,2012,2012,Africa,,NGA,Nigeria,,,,,MLE,Male,,GHE116,Other circulatory diseases,,,,,18.8,18.80404,,,,,
470,WHS2_131,Age-standardized NCD mortality rate  (per 100 000 population),https://www.who.int/data/gho/indicator-metadata-registry/imr-details/78,,,,PUBLISHED,Published,,2012.0,2012,,AFR,2012,2012,Africa,,NGA,Nigeria,,,,,MLE,Male,,GHE121,Digestive diseases,,,,,145.9,145.86478,,,,,
471,WHS2_131,Age-standardized NCD mortality rate  (per 100 000 population),https://www.who.int/data/gho/indicator-metadata-registry/imr-details/78,,,,PUBLISHED,Published,,2012.0,2012,,AFR,2012,2012,Africa,,NGA,Nigeria,,,,,MLE,Male,,GHE123,Cirrhosis of the liver,,,,,59.8,59.84674,,,,,
472,WHS2_131,Age-standardized NCD mortality rate  (per 100 000 population),https://www.who.int/data/gho/indicator-metadata-registry/imr-details/78,,,,PUBLISHED,Published,,2012.0,2012,,AFR,2012,2012,Africa,,NGA,Nigeria,,,,,MLE,Male,,GHE130,Other genitourinary diseases,,,,,14.7,14.68860,,,,,
473,WHS2_131,Age-standardized NCD mortality rate  (per 100 000 population),https://www.who.int/data/gho/indicator-metadata-registry/imr-details/78,,,,PUBLISHED,Published,,2012.0,2012,,AFR,2012,2012,Africa,,NGA,Nigeria,,,,,MLE,Male,,GHE134,Musculoskeletal diseases,,,,,4.8,4.83318,,,,,
474,WHS2_131,Age-standardized NCD mortality rate  (per 100 000 population),https://www.who.int/data/gho/indicator-metadata-registry/imr-details/78,,,,PUBLISHED,Published,,2012.0,2012,,AFR,2012,2012,Africa,,NGA,Nigeria,,,,,MLE,Male,,GHE146,Other congenital anomalies,,,,,4.0,4.04397,,,,,
475,WHS2_131,Age-standardized NCD mortality rate  (per 100 000 population),https://www.who.int/data/gho/indicator-metadata-registry/imr-details/78,,,,PUBLISHED,Published,,2012.0,2012,,AFR,2012,2012,Africa,,NGA,Nigeria,,,,,MLE,Male,,GHE152,Unintentional injuries,,,,,142.1,142.10674,,,,,
476,WHS2_131,Age-standardized NCD mortality rate  (per 100 000 population),https://www.who.int/data/gho/indicator-metadata-registry/imr-details/78,,,,PUBLISHED,Published,,2012.0,2012,,AFR,2012,2012,Africa,,NGA,Nigeria,,,,,MLE,Male,,GHE157,Drowning,,,,,9.3,9.29327,,,,,
477,WHS2_131,Age-standardized NCD mortality rate  (per 100 000 population),https://www.who.int/data/gho/indicator-metadata-registry/imr-details/78,,,,PUBLISHED,Published,,2012.0,2012,,AFR,2012,2012,Africa,,NGA,Nigeria,,,,,MLE,Male,,GHE159,Other unintentional injuries,,,,,25.1,25.12860,,,,,
478,WHS2_131,Age-standardized NCD mortality rate  (per 100 000 population),https://www.who.int/data/gho/indicator-metadata-registry/imr-details/78,,,,PUBLISHED,Published,,2012.0,2012,,AFR,2012,2012,Africa,,NGA,Nigeria,,,,,FMLE,Female,,GHE002,Infectious and parasitic diseases,,,,,441.2,441.17487,,,,,
479,WHS2_131,Age-standardized NCD mortality rate  (per 100 000 population),https://www.who.int/data/gho/indicator-metadata-registry/imr-details/78,,,,PUBLISHED,Published,,2012.0,2012,,AFR,2012,2012,Africa,,NGA,Nigeria,,,,,FMLE,Female,,GHE004,STDs excluding HIV,,,,,3.8,3.76373,,,,,
480,WHS2_131,Age-standardized NCD mortality rate  (per 100 000 population),https://www.who.int/data/gho/indicator-metadata-registry/imr-details/78,,,,PUBLISHED,Published,,2012.0,2012,,AFR,2012,2012,Africa,,NGA,Nigeria,,,,,FMLE,Female,,GHE016,Tetanus,,,,,5.8,5.82079,,,,,
481,WHS2_131,Age-standardized NCD mortality rate  (per 100 000 population),https://www.who.int/data/gho/indicator-metadata-registry/imr-details/78,,,,PUBLISHED,Published,,2012.0,2012,,AFR,2012,2012,Africa,,NGA,Nigeria,,,,,FMLE,Female,,GHE018,Encephalitis,,,,,2.5,2.53409,,,,,
482,WHS2_131,Age-standardized NCD mortality rate  (per 100 000 population),https://www.who.int/data/gho/indicator-metadata-registry/imr-details/78,,,,PUBLISHED,Published,,2012.0,2012,,AFR,2012,2012,Africa,,NGA,Nigeria,,,,,FMLE,Female,,GHE023,Trypanosomiasis,,,,,0.0,0.00000,,,,,
483,WHS2_131,Age-standardized NCD mortality rate  (per 100 000 population),https://www.who.int/data/gho/indicator-metadata-registry/imr-details/78,,,,PUBLISHED,Published,,2012.0,2012,,AFR,2012,2012,Africa,,NGA,Nigeria,,,,,FMLE,Female,,GHE025,Schistosomiasis,,,,,4.0,3.95278,,,,,
484,WHS2_131,Age-standardized NCD mortality rate  (per 100 000 population),https://www.who.int/data/gho/indicator-metadata-registry/imr-details/78,,,,PUBLISHED,Published,,2012.0,2012,,AFR,2012,2012,Africa,,NGA,Nigeria,,,,,FMLE,Female,,GHE032,Rabies,,,,,1.7,1.66806,,,,,
485,WHS2_131,Age-standardized NCD mortality rate  (per 100 000 population),https://www.who.int/data/gho/indicator-metadata-registry/imr-details/78,,,,PUBLISHED,Published,,2012.0,2012,,AFR,2012,2012,Africa,,NGA,Nigeria,,,,,FMLE,Female,,GHE037,Other infectious diseases,,,,,24.0,23.96204,,,,,
486,WHS2_131,Age-standardized NCD mortality rate  (per 100 000 population),https://www.who.int/data/gho/indicator-metadata-registry/imr-details/78,,,,PUBLISHED,Published,,2012.0,2012,,AFR,2012,2012,Africa,,NGA,Nigeria,,,,,FMLE,Female,,GHE051,Birth asphyxia and birth trauma,,,,,22.2,22.24952,,,,,
487,WHS2_131,Age-standardized NCD mortality rate  (per 100 000 population),https://www.who.int/data/gho/indicator-metadata-registry/imr-details/78,,,,PUBLISHED,Published,,2012.0,2012,,AFR,2012,2012,Africa,,NGA,Nigeria,,,,,FMLE,Female,,GHE053,Other neonatal conditions,,,,,1.4,1.42925,,,,,
488,WHS2_131,Age-standardized NCD mortality rate  (per 100 000 population),https://www.who.int/data/gho/indicator-metadata-registry/imr-details/78,,,,PUBLISHED,Published,,2012.0,2012,,AFR,2012,2012,Africa,,NGA,Nigeria,,,,,FMLE,Female,,GHE062,Mouth and oropharynx cancers,,,,,1.7,1.66545,,,,,
489,WHS2_131,Age-standardized NCD mortality rate  (per 100 000 population),https://www.who.int/data/gho/indicator-metadata-registry/imr-details/78,,,,PUBLISHED,Published,,2012.0,2012,,AFR,2012,2012,Africa,,NGA,Nigeria,,,,,FMLE,Female,,GHE064,Stomach cancer,,,,,2.7,2.70485,,,,,
490,WHS2_131,Age-standardized NCD mortality rate  (per 100 000 population),https://www.who.int/data/gho/indicator-metadata-registry/imr-details/78,,,,PUBLISHED,Published,,2012.0,2012,,AFR,2012,2012,Africa,,NGA,Nigeria,,,,,FMLE,Female,,GHE071,Cervix uteri cancer,,,,,22.8,22.76510,,,,,
491,WHS2_131,Age-standardized NCD mortality rate  (per 100 000 population),https://www.who.int/data/gho/indicator-metadata-registry/imr-details/78,,,,PUBLISHED,Published,,2012.0,2012,,AFR,2012,2012,Africa,,NGA,Nigeria,,,,,FMLE,Female,,GHE073,Ovary cancer,,,,,3.2,3.15468,,,,,
492,WHS2_131,Age-standardized NCD mortality rate  (per 100 000 population),https://www.who.int/data/gho/indicator-metadata-registry/imr-details/78,,,,PUBLISHED,Published,,2012.0,2012,,AFR,2012,2012,Africa,,NGA,Nigeria,,,,,FMLE,Female,,GHE080,Diabetes mellitus,,,,,51.4,51.37078,,,,,
493,WHS2_131,Age-standardized NCD mortality rate  (per 100 000 population),https://www.who.int/data/gho/indicator-metadata-registry/imr-details/78,,,,PUBLISHED,Published,,2012.0,2012,,AFR,2012,2012,Africa,,NGA,Nigeria,,,,,FMLE,Female,,GHE082,Mental and behavioral disorders,,,,,1.5,1.45253,,,,,
494,WHS2_131,Age-standardized NCD mortality rate  (per 100 000 population),https://www.who.int/data/gho/indicator-metadata-registry/imr-details/78,,,,PUBLISHED,Published,,2012.0,2012,,AFR,2012,2012,Africa,,NGA,Nigeria,,,,,FMLE,Female,,GHE098,Multiple sclerosis,,,,,0.3,0.27351,,,,,
495,WHS2_131,Age-standardized NCD mortality rate  (per 100 000 population),https://www.who.int/data/gho/indicator-metadata-registry/imr-details/78,,,,PUBLISHED,Published,,2012.0,2012,,AFR,2012,2012,Africa,,NGA,Nigeria,,,,,FMLE,Female,,GHE110,Cardiovascular diseases,,,,,271.8,271.80334,,,,,
496,WHS2_131,Age-standardized NCD mortality rate  (per 100 000 population),https://www.who.int/data/gho/indicator-metadata-registry/imr-details/78,,,,PUBLISHED,Published,,2012.0,2012,,AFR,2012,2012,Africa,,NGA,Nigeria,,,,,FMLE,Female,,GHE117,Respiratory diseases,,,,,34.0,34.01124,,,,,
497,WHS2_131,Age-standardized NCD mortality rate  (per 100 000 population),https://www.who.int/data/gho/indicator-metadata-registry/imr-details/78,,,,PUBLISHED,Published,,2012.0,2012,,AFR,2012,2012,Africa,,NGA,Nigeria,,,,,FMLE,Female,,GHE119,Asthma,,,,,10.7,10.72492,,,,,
498,WHS2_131,Age-standardized NCD mortality rate  (per 100 000 population),https://www.who.int/data/gho/indicator-metadata-registry/imr-details/78,,,,PUBLISHED,Published,,2012.0,2012,,AFR,2012,2012,Africa,,NGA,Nigeria,,,,,FMLE,Female,,GHE126,Genitourinary diseases,,,,,32.3,32.29474,,,,,
499,WHS2_131,Age-standardized NCD mortality rate  (per 100 000 population),https://www.who.int/data/gho/indicator-metadata-registry/imr-details/78,,,,PUBLISHED,Published,,2012.0,2012,,AFR,2012,2012,Africa,,NGA,Nigeria,,,,,FMLE,Female,,GHE128,Hyperplasia of prostate,,,,,0.0,0.00000,,,,,
500,WHS2_131,Age-standardized NCD mortality rate  (per 100 000 population),https://www.who.int/data/gho/indicator-metadata-registry/imr-details/78,,,,PUBLISHED,Published,,2012.0,2012,,AFR,2012,2012,Africa,,NGA,Nigeria,,,,,FMLE,Female,,GHE140,Congenital anomalies,,,,,8.5,8.45371,,,,,
501,WHS2_131,Age-standardized NCD mortality rate  (per 100 000 population),https://www.who.int/data/gho/indicator-metadata-registry/imr-details/78,,,,PUBLISHED,Published,,2012.0,2012,,AFR,2012,2012,Africa,,NGA,Nigeria,,,,,FMLE,Female,,GHE142,Cleft lip and cleft palate,,,,,0.0,0.03520,,,,,
502,WHS2_131,Age-standardized NCD mortality rate  (per 100 000 population),https://www.who.int/data/gho/indicator-metadata-registry/imr-details/78,,,,PUBLISHED,Published,,2012.0,2012,,AFR,2012,2012,Africa,,NGA,Nigeria,,,,,FMLE,Female,,GHE153,Road injury,,,,,24.0,23.97701,,,,,
503,WHS2_131,Age-standardized NCD mortality rate  (per 100 000 population),https://www.who.int/data/gho/indicator-metadata-registry/imr-details/78,,,,PUBLISHED,Published,,2012.0,2012,,AFR,2012,2012,Africa,,NGA,Nigeria,,,,,FMLE,Female,,GHE155,Falls,,,,,22.2,22.17299,,,,,
504,WHS2_131,Age-standardized NCD mortality rate  (per 100 000 population),https://www.who.int/data/gho/indicator-metadata-registry/imr-details/78,,,,PUBLISHED,Published,,2012.0,2012,,AFR,2012,2012,Africa,,NGA,Nigeria,,,,,FMLE,Female,,GHE162,Interpersonal violence,,,,,11.2,11.16687,,,,,
505,GBD_DALYRTAGE,"Age-standardized DALYs (per 100,000)",https://www.who.int/data/gho/indicator-metadata-registry/imr-details/157,,,,PUBLISHED,Published,,2000.0,2000,,AFR,2000,2000,Africa,,NGA,Nigeria,,,,,,,,GHE001,Communicable & other Group I,,,,,"72,681",72680.99219,,,,,
506,GBD_DALYRTAGE,"Age-standardized DALYs (per 100,000)",https://www.who.int/data/gho/indicator-metadata-registry/imr-details/157,,,,PUBLISHED,Published,,2000.0,2000,,AFR,2000,2000,Africa,,NGA,Nigeria,,,,,,,,GHE151,Injuries,,,,,"8,575",8574.50293,,,,,
507,WHS2_126,Distribution of years of life lost by major cause group,https://www.who.int/data/gho/indicator-metadata-registry/imr-details/90,,,,PUBLISHED,Published,,2000.0,2000,,AFR,2000,2000,Africa,,NGA,Nigeria,,,,,,,,GHE060,Noncommunicable diseases,,,,,12,12.00000,,,,,
508,WHS2_131,Age-standardized NCD mortality rate  (per 100 000 population),https://www.who.int/data/gho/indicator-metadata-registry/imr-details/78,,,,PUBLISHED,Published,,2000.0,2000,,AFR,2000,2000,Africa,,NGA,Nigeria,,,,,BTSX,Both sexes,,GHE000,All Causes,,,,,2090.7,2090.72175,,,,,
509,WHS2_131,Age-standardized NCD mortality rate  (per 100 000 population),https://www.who.int/data/gho/indicator-metadata-registry/imr-details/78,,,,PUBLISHED,Published,,2000.0,2000,,AFR,2000,2000,Africa,,NGA,Nigeria,,,,,BTSX,Both sexes,,GHE012,Childhood-cluster diseases,,,,,102.5,102.52153,,,,,
510,WHS2_131,Age-standardized NCD mortality rate  (per 100 000 population),https://www.who.int/data/gho/indicator-metadata-registry/imr-details/78,,,,PUBLISHED,Published,,2000.0,2000,,AFR,2000,2000,Africa,,NGA,Nigeria,,,,,BTSX,Both sexes,,GHE014,Diphtheria,,,,,0.8,0.82372,,,,,
511,WHS2_131,Age-standardized NCD mortality rate  (per 100 000 population),https://www.who.int/data/gho/indicator-metadata-registry/imr-details/78,,,,PUBLISHED,Published,,2000.0,2000,,AFR,2000,2000,Africa,,NGA,Nigeria,,,,,BTSX,Both sexes,,GHE021,Parasitic and vector diseases,,,,,123.1,123.08478,,,,,
512,WHS2_131,Age-standardized NCD mortality rate  (per 100 000 population),https://www.who.int/data/gho/indicator-metadata-registry/imr-details/78,,,,PUBLISHED,Published,,2000.0,2000,,AFR,2000,2000,Africa,,NGA,Nigeria,,,,,BTSX,Both sexes,,GHE023,Trypanosomiasis,,,,,0.2,0.21365,,,,,
513,WHS2_131,Age-standardized NCD mortality rate  (per 100 000 population),https://www.who.int/data/gho/indicator-metadata-registry/imr-details/78,,,,PUBLISHED,Published,,2000.0,2000,,AFR,2000,2000,Africa,,NGA,Nigeria,,,,,BTSX,Both sexes,,GHE028,Onchocerciasis,,,,,0.0,0.00000,,,,,
514,WHS2_131,Age-standardized NCD mortality rate  (per 100 000 population),https://www.who.int/data/gho/indicator-metadata-registry/imr-details/78,,,,PUBLISHED,Published,,2000.0,2000,,AFR,2000,2000,Africa,,NGA,Nigeria,,,,,BTSX,Both sexes,,GHE030,Dengue,,,,,0.3,0.34911,,,,,
515,WHS2_131,Age-standardized NCD mortality rate  (per 100 000 population),https://www.who.int/data/gho/indicator-metadata-registry/imr-details/78,,,,PUBLISHED,Published,,2000.0,2000,,AFR,2000,2000,Africa,,NGA,Nigeria,,,,,BTSX,Both sexes,,GHE040,Upper respiratory infections,,,,,0.8,0.82727,,,,,
516,WHS2_131,Age-standardized NCD mortality rate  (per 100 000 population),https://www.who.int/data/gho/indicator-metadata-registry/imr-details/78,,,,PUBLISHED,Published,,2000.0,2000,,AFR,2000,2000,Africa,,NGA,Nigeria,,,,,BTSX,Both sexes,,GHE049,Neonatal conditions,,,,,81.4,81.38922,,,,,
517,WHS2_131,Age-standardized NCD mortality rate  (per 100 000 population),https://www.who.int/data/gho/indicator-metadata-registry/imr-details/78,,,,PUBLISHED,Published,,2000.0,2000,,AFR,2000,2000,Africa,,NGA,Nigeria,,,,,BTSX,Both sexes,,GHE067,Pancreas cancer,,,,,2.3,2.26732,,,,,
518,WHS2_131,Age-standardized NCD mortality rate  (per 100 000 population),https://www.who.int/data/gho/indicator-metadata-registry/imr-details/78,,,,PUBLISHED,Published,,2000.0,2000,,AFR,2000,2000,Africa,,NGA,Nigeria,,,,,BTSX,Both sexes,,GHE069,Melanoma and other skin cancers,,,,,1.3,1.25148,,,,,
519,WHS2_131,Age-standardized NCD mortality rate  (per 100 000 population),https://www.who.int/data/gho/indicator-metadata-registry/imr-details/78,,,,PUBLISHED,Published,,2000.0,2000,,AFR,2000,2000,Africa,,NGA,Nigeria,,,,,BTSX,Both sexes,,GHE076,"Lymphomas, multiple myeloma",,,,,4.9,4.90298,,,,,
520,WHS2_131,Age-standardized NCD mortality rate  (per 100 000 population),https://www.who.int/data/gho/indicator-metadata-registry/imr-details/78,,,,PUBLISHED,Published,,2000.0,2000,,AFR,2000,2000,Africa,,NGA,Nigeria,,,,,BTSX,Both sexes,,GHE078,Other malignant neoplasms,,,,,12.9,12.92738,,,,,
521,WHS2_131,Age-standardized NCD mortality rate  (per 100 000 population),https://www.who.int/data/gho/indicator-metadata-registry/imr-details/78,,,,PUBLISHED,Published,,2000.0,2000,,AFR,2000,2000,Africa,,NGA,Nigeria,,,,,BTSX,Both sexes,,GHE096,Parkinson's disease,,,,,4.3,4.28804,,,,,
522,WHS2_131,Age-standardized NCD mortality rate  (per 100 000 population),https://www.who.int/data/gho/indicator-metadata-registry/imr-details/78,,,,PUBLISHED,Published,,2000.0,2000,,AFR,2000,2000,Africa,,NGA,Nigeria,,,,,BTSX,Both sexes,,GHE098,Multiple sclerosis,,,,,0.3,0.27309,,,,,
523,WHS2_131,Age-standardized NCD mortality rate  (per 100 000 population),https://www.who.int/data/gho/indicator-metadata-registry/imr-details/78,,,,PUBLISHED,Published,,2000.0,2000,,AFR,2000,2000,Africa,,NGA,Nigeria,,,,,BTSX,Both sexes,,GHE113,Ischaemic heart disease,,,,,94.4,94.40334,,,,,
524,WHS2_131,Age-standardized NCD mortality rate  (per 100 000 population),https://www.who.int/data/gho/indicator-metadata-registry/imr-details/78,,,,PUBLISHED,Published,,2000.0,2000,,AFR,2000,2000,Africa,,NGA,Nigeria,,,,,BTSX,Both sexes,,GHE115,"Cardiomyopathy, myocarditis, endocarditis",,,,,10.4,10.36023,,,,,
525,WHS2_131,Age-standardized NCD mortality rate  (per 100 000 population),https://www.who.int/data/gho/indicator-metadata-registry/imr-details/78,,,,PUBLISHED,Published,,2000.0,2000,,AFR,2000,2000,Africa,,NGA,Nigeria,,,,,BTSX,Both sexes,,GHE117,Respiratory diseases,,,,,45.1,45.14504,,,,,
526,WHS2_131,Age-standardized NCD mortality rate  (per 100 000 population),https://www.who.int/data/gho/indicator-metadata-registry/imr-details/78,,,,PUBLISHED,Published,,2000.0,2000,,AFR,2000,2000,Africa,,NGA,Nigeria,,,,,BTSX,Both sexes,,GHE122,Peptic ulcer disease,,,,,26.1,26.05178,,,,,
527,WHS2_131,Age-standardized NCD mortality rate  (per 100 000 population),https://www.who.int/data/gho/indicator-metadata-registry/imr-details/78,,,,PUBLISHED,Published,,2000.0,2000,,AFR,2000,2000,Africa,,NGA,Nigeria,,,,,BTSX,Both sexes,,GHE124,Appendicitis,,,,,10.6,10.57766,,,,,
528,WHS2_131,Age-standardized NCD mortality rate  (per 100 000 population),https://www.who.int/data/gho/indicator-metadata-registry/imr-details/78,,,,PUBLISHED,Published,,2000.0,2000,,AFR,2000,2000,Africa,,NGA,Nigeria,,,,,BTSX,Both sexes,,GHE132,Gynecological diseases,,,,,0.1,0.13379,,,,,
529,WHS2_131,Age-standardized NCD mortality rate  (per 100 000 population),https://www.who.int/data/gho/indicator-metadata-registry/imr-details/78,,,,PUBLISHED,Published,,2000.0,2000,,AFR,2000,2000,Africa,,NGA,Nigeria,,,,,BTSX,Both sexes,,GHE140,Congenital anomalies,,,,,9.8,9.84722,,,,,
530,WHS2_131,Age-standardized NCD mortality rate  (per 100 000 population),https://www.who.int/data/gho/indicator-metadata-registry/imr-details/78,,,,PUBLISHED,Published,,2000.0,2000,,AFR,2000,2000,Africa,,NGA,Nigeria,,,,,BTSX,Both sexes,,GHE145,Other chromosomal anomalies,,,,,0.5,0.46851,,,,,
531,WHS2_131,Age-standardized NCD mortality rate  (per 100 000 population),https://www.who.int/data/gho/indicator-metadata-registry/imr-details/78,,,,PUBLISHED,Published,,2000.0,2000,,AFR,2000,2000,Africa,,NGA,Nigeria,,,,,BTSX,Both sexes,,GHE151,Injuries,,,,,150.2,150.19038,,,,,
532,WHS2_131,Age-standardized NCD mortality rate  (per 100 000 population),https://www.who.int/data/gho/indicator-metadata-registry/imr-details/78,,,,PUBLISHED,Published,,2000.0,2000,,AFR,2000,2000,Africa,,NGA,Nigeria,,,,,BTSX,Both sexes,,GHE153,Road injury,,,,,34.5,34.48261,,,,,
533,WHS2_131,Age-standardized NCD mortality rate  (per 100 000 population),https://www.who.int/data/gho/indicator-metadata-registry/imr-details/78,,,,PUBLISHED,Published,,2000.0,2000,,AFR,2000,2000,Africa,,NGA,Nigeria,,,,,BTSX,Both sexes,,GHE158,Exposure to forces of nature,,,,,0.0,0.00000,,,,,
534,WHS2_131,Age-standardized NCD mortality rate  (per 100 000 population),https://www.who.int/data/gho/indicator-metadata-registry/imr-details/78,,,,PUBLISHED,Published,,2000.0,2000,,AFR,2000,2000,Africa,,NGA,Nigeria,,,,,BTSX,Both sexes,,GHE160,Intentional injuries,,,,,33.2,33.17648,,,,,
535,WHS2_131,Age-standardized NCD mortality rate  (per 100 000 population),https://www.who.int/data/gho/indicator-metadata-registry/imr-details/78,,,,PUBLISHED,Published,,2000.0,2000,,AFR,2000,2000,Africa,,NGA,Nigeria,,,,,MLE,Male,,GHE003,Tuberculosis,,,,,66.7,66.74592,,,,,
536,WHS2_131,Age-standardized NCD mortality rate  (per 100 000 population),https://www.who.int/data/gho/indicator-metadata-registry/imr-details/78,,,,PUBLISHED,Published,,2000.0,2000,,AFR,2000,2000,Africa,,NGA,Nigeria,,,,,MLE,Male,,GHE010,HIV/AIDS,,,,,124.7,124.74305,,,,,
537,WHS2_131,Age-standardized NCD mortality rate  (per 100 000 population),https://www.who.int/data/gho/indicator-metadata-registry/imr-details/78,,,,PUBLISHED,Published,,2000.0,2000,,AFR,2000,2000,Africa,,NGA,Nigeria,,,,,MLE,Male,,GHE017,Meningitis,,,,,64.2,64.16096,,,,,
538,WHS2_131,Age-standardized NCD mortality rate  (per 100 000 population),https://www.who.int/data/gho/indicator-metadata-registry/imr-details/78,,,,PUBLISHED,Published,,2000.0,2000,,AFR,2000,2000,Africa,,NGA,Nigeria,,,,,MLE,Male,,GHE019,Acute hepatitis B,,,,,7.5,7.53192,,,,,
539,WHS2_131,Age-standardized NCD mortality rate  (per 100 000 population),https://www.who.int/data/gho/indicator-metadata-registry/imr-details/78,,,,PUBLISHED,Published,,2000.0,2000,,AFR,2000,2000,Africa,,NGA,Nigeria,,,,,MLE,Male,,GHE024,Chagas disease,,,,,0.0,0.00000,,,,,
540,WHS2_131,Age-standardized NCD mortality rate  (per 100 000 population),https://www.who.int/data/gho/indicator-metadata-registry/imr-details/78,,,,PUBLISHED,Published,,2000.0,2000,,AFR,2000,2000,Africa,,NGA,Nigeria,,,,,MLE,Male,,GHE026,Leishmaniasis,,,,,1.7,1.71247,,,,,
541,WHS2_131,Age-standardized NCD mortality rate  (per 100 000 population),https://www.who.int/data/gho/indicator-metadata-registry/imr-details/78,,,,PUBLISHED,Published,,2000.0,2000,,AFR,2000,2000,Africa,,NGA,Nigeria,,,,,MLE,Male,,GHE033,Intestinal nematode infections,,,,,0.1,0.09927,,,,,
542,WHS2_131,Age-standardized NCD mortality rate  (per 100 000 population),https://www.who.int/data/gho/indicator-metadata-registry/imr-details/78,,,,PUBLISHED,Published,,2000.0,2000,,AFR,2000,2000,Africa,,NGA,Nigeria,,,,,MLE,Male,,GHE038,Respiratory infections,,,,,390.0,389.97661,,,,,
543,WHS2_131,Age-standardized NCD mortality rate  (per 100 000 population),https://www.who.int/data/gho/indicator-metadata-registry/imr-details/78,,,,PUBLISHED,Published,,2000.0,2000,,AFR,2000,2000,Africa,,NGA,Nigeria,,,,,MLE,Male,,GHE052,Neonatal sepsis and infections,,,,,14.1,14.11578,,,,,
544,WHS2_131,Age-standardized NCD mortality rate  (per 100 000 population),https://www.who.int/data/gho/indicator-metadata-registry/imr-details/78,,,,PUBLISHED,Published,,2000.0,2000,,AFR,2000,2000,Africa,,NGA,Nigeria,,,,,MLE,Male,,GHE054,Nutritional deficiencies,,,,,68.1,68.12018,,,,,
545,WHS2_131,Age-standardized NCD mortality rate  (per 100 000 population),https://www.who.int/data/gho/indicator-metadata-registry/imr-details/78,,,,PUBLISHED,Published,,2000.0,2000,,AFR,2000,2000,Africa,,NGA,Nigeria,,,,,MLE,Male,,GHE063,Oesophagus cancer,,,,,0.6,0.55711,,,,,
546,WHS2_131,Age-standardized NCD mortality rate  (per 100 000 population),https://www.who.int/data/gho/indicator-metadata-registry/imr-details/78,,,,PUBLISHED,Published,,2000.0,2000,,AFR,2000,2000,Africa,,NGA,Nigeria,,,,,MLE,Male,,GHE065,Colon and rectum cancers,,,,,4.5,4.46875,,,,,
547,WHS2_131,Age-standardized NCD mortality rate  (per 100 000 population),https://www.who.int/data/gho/indicator-metadata-registry/imr-details/78,,,,PUBLISHED,Published,,2000.0,2000,,AFR,2000,2000,Africa,,NGA,Nigeria,,,,,MLE,Male,,GHE072,Corpus uteri cancer,,,,,0.0,0.00000,,,,,
548,WHS2_131,Age-standardized NCD mortality rate  (per 100 000 population),https://www.who.int/data/gho/indicator-metadata-registry/imr-details/78,,,,PUBLISHED,Published,,2000.0,2000,,AFR,2000,2000,Africa,,NGA,Nigeria,,,,,MLE,Male,,GHE074,Prostate cancer,,,,,69.8,69.77546,,,,,
549,WHS2_131,Age-standardized NCD mortality rate  (per 100 000 population),https://www.who.int/data/gho/indicator-metadata-registry/imr-details/78,,,,PUBLISHED,Published,,2000.0,2000,,AFR,2000,2000,Africa,,NGA,Nigeria,,,,,MLE,Male,,GHE081,"Endocrine, blood, immune disorders",,,,,11.1,11.05031,,,,,
550,WHS2_131,Age-standardized NCD mortality rate  (per 100 000 population),https://www.who.int/data/gho/indicator-metadata-registry/imr-details/78,,,,PUBLISHED,Published,,2000.0,2000,,AFR,2000,2000,Africa,,NGA,Nigeria,,,,,MLE,Male,,GHE094,Neurological conditions,,,,,34.0,33.95068,,,,,
551,WHS2_131,Age-standardized NCD mortality rate  (per 100 000 population),https://www.who.int/data/gho/indicator-metadata-registry/imr-details/78,,,,PUBLISHED,Published,,2000.0,2000,,AFR,2000,2000,Africa,,NGA,Nigeria,,,,,MLE,Male,,GHE101,Other neurological conditions,,,,,7.1,7.12508,,,,,
552,WHS2_131,Age-standardized NCD mortality rate  (per 100 000 population),https://www.who.int/data/gho/indicator-metadata-registry/imr-details/78,,,,PUBLISHED,Published,,2000.0,2000,,AFR,2000,2000,Africa,,NGA,Nigeria,,,,,MLE,Male,,GHE111,Rheumatic heart disease,,,,,8.9,8.93825,,,,,
553,WHS2_131,Age-standardized NCD mortality rate  (per 100 000 population),https://www.who.int/data/gho/indicator-metadata-registry/imr-details/78,,,,PUBLISHED,Published,,2000.0,2000,,AFR,2000,2000,Africa,,NGA,Nigeria,,,,,MLE,Male,,GHE118,Chronic obstructive pulmonary disease,,,,,24.6,24.59552,,,,,
554,WHS2_131,Age-standardized NCD mortality rate  (per 100 000 population),https://www.who.int/data/gho/indicator-metadata-registry/imr-details/78,,,,PUBLISHED,Published,,2000.0,2000,,AFR,2000,2000,Africa,,NGA,Nigeria,,,,,MLE,Male,,GHE120,Other respiratory diseases,,,,,10.9,10.93521,,,,,
555,WHS2_131,Age-standardized NCD mortality rate  (per 100 000 population),https://www.who.int/data/gho/indicator-metadata-registry/imr-details/78,,,,PUBLISHED,Published,,2000.0,2000,,AFR,2000,2000,Africa,,NGA,Nigeria,,,,,MLE,Male,,GHE127,Kidney diseases,,,,,14.2,14.24938,,,,,
556,WHS2_131,Age-standardized NCD mortality rate  (per 100 000 population),https://www.who.int/data/gho/indicator-metadata-registry/imr-details/78,,,,PUBLISHED,Published,,2000.0,2000,,AFR,2000,2000,Africa,,NGA,Nigeria,,,,,MLE,Male,,GHE129,Urolithiasis,,,,,0.6,0.63725,,,,,
557,WHS2_131,Age-standardized NCD mortality rate  (per 100 000 population),https://www.who.int/data/gho/indicator-metadata-registry/imr-details/78,,,,PUBLISHED,Published,,2000.0,2000,,AFR,2000,2000,Africa,,NGA,Nigeria,,,,,MLE,Male,,GHE141,Neural tube defects,,,,,1.9,1.93941,,,,,
558,WHS2_131,Age-standardized NCD mortality rate  (per 100 000 population),https://www.who.int/data/gho/indicator-metadata-registry/imr-details/78,,,,PUBLISHED,Published,,2000.0,2000,,AFR,2000,2000,Africa,,NGA,Nigeria,,,,,MLE,Male,,GHE143,Down's syndrome,,,,,0.4,0.41799,,,,,
559,WHS2_131,Age-standardized NCD mortality rate  (per 100 000 population),https://www.who.int/data/gho/indicator-metadata-registry/imr-details/78,,,,PUBLISHED,Published,,2000.0,2000,,AFR,2000,2000,Africa,,NGA,Nigeria,,,,,MLE,Male,,GHE154,Poisonings,,,,,4.0,3.97263,,,,,
560,WHS2_131,Age-standardized NCD mortality rate  (per 100 000 population),https://www.who.int/data/gho/indicator-metadata-registry/imr-details/78,,,,PUBLISHED,Published,,2000.0,2000,,AFR,2000,2000,Africa,,NGA,Nigeria,,,,,MLE,Male,,GHE156,"Fire, heat and hot substances",,,,,22.1,22.11306,,,,,
561,WHS2_131,Age-standardized NCD mortality rate  (per 100 000 population),https://www.who.int/data/gho/indicator-metadata-registry/imr-details/78,,,,PUBLISHED,Published,,2000.0,2000,,AFR,2000,2000,Africa,,NGA,Nigeria,,,,,MLE,Male,,GHE163,Collective violence and legal intervention,,,,,1.5,1.47404,,,,,
562,WHS2_131,Age-standardized NCD mortality rate  (per 100 000 population),https://www.who.int/data/gho/indicator-metadata-registry/imr-details/78,,,,PUBLISHED,Published,,2000.0,2000,,AFR,2000,2000,Africa,,NGA,Nigeria,,,,,FMLE,Female,,GHE001,Communicable & other Group I,,,,,1237.7,1237.71078,,,,,
563,WHS2_131,Age-standardized NCD mortality rate  (per 100 000 population),https://www.who.int/data/gho/indicator-metadata-registry/imr-details/78,,,,PUBLISHED,Published,,2000.0,2000,,AFR,2000,2000,Africa,,NGA,Nigeria,,,,,FMLE,Female,,GHE011,Diarrhoeal diseases,,,,,125.3,125.29274,,,,,
564,WHS2_131,Age-standardized NCD mortality rate  (per 100 000 population),https://www.who.int/data/gho/indicator-metadata-registry/imr-details/78,,,,PUBLISHED,Published,,2000.0,2000,,AFR,2000,2000,Africa,,NGA,Nigeria,,,,,FMLE,Female,,GHE013,Whooping cough,,,,,3.5,3.49374,,,,,
565,WHS2_131,Age-standardized NCD mortality rate  (per 100 000 population),https://www.who.int/data/gho/indicator-metadata-registry/imr-details/78,,,,PUBLISHED,Published,,2000.0,2000,,AFR,2000,2000,Africa,,NGA,Nigeria,,,,,FMLE,Female,,GHE020,Acute hepatitis C,,,,,0.6,0.63883,,,,,
566,WHS2_131,Age-standardized NCD mortality rate  (per 100 000 population),https://www.who.int/data/gho/indicator-metadata-registry/imr-details/78,,,,PUBLISHED,Published,,2000.0,2000,,AFR,2000,2000,Africa,,NGA,Nigeria,,,,,FMLE,Female,,GHE022,Malaria,,,,,113.5,113.53097,,,,,
567,WHS2_131,Age-standardized NCD mortality rate  (per 100 000 population),https://www.who.int/data/gho/indicator-metadata-registry/imr-details/78,,,,PUBLISHED,Published,,2000.0,2000,,AFR,2000,2000,Africa,,NGA,Nigeria,,,,,FMLE,Female,,GHE029,Leprosy,,,,,0.0,0.00000,,,,,
568,WHS2_131,Age-standardized NCD mortality rate  (per 100 000 population),https://www.who.int/data/gho/indicator-metadata-registry/imr-details/78,,,,PUBLISHED,Published,,2000.0,2000,,AFR,2000,2000,Africa,,NGA,Nigeria,,,,,FMLE,Female,,GHE031,Trachoma,,,,,0.0,0.00000,,,,,
569,WHS2_131,Age-standardized NCD mortality rate  (per 100 000 population),https://www.who.int/data/gho/indicator-metadata-registry/imr-details/78,,,,PUBLISHED,Published,,2000.0,2000,,AFR,2000,2000,Africa,,NGA,Nigeria,,,,,FMLE,Female,,GHE039,Lower respiratory infections,,,,,327.7,327.72517,,,,,
570,WHS2_131,Age-standardized NCD mortality rate  (per 100 000 population),https://www.who.int/data/gho/indicator-metadata-registry/imr-details/78,,,,PUBLISHED,Published,,2000.0,2000,,AFR,2000,2000,Africa,,NGA,Nigeria,,,,,FMLE,Female,,GHE042,Maternal conditions,,,,,98.7,98.71871,,,,,
571,WHS2_131,Age-standardized NCD mortality rate  (per 100 000 population),https://www.who.int/data/gho/indicator-metadata-registry/imr-details/78,,,,PUBLISHED,Published,,2000.0,2000,,AFR,2000,2000,Africa,,NGA,Nigeria,,,,,FMLE,Female,,GHE055,Protein-energy malnutrition,,,,,53.8,53.79258,,,,,
572,WHS2_131,Age-standardized NCD mortality rate  (per 100 000 population),https://www.who.int/data/gho/indicator-metadata-registry/imr-details/78,,,,PUBLISHED,Published,,2000.0,2000,,AFR,2000,2000,Africa,,NGA,Nigeria,,,,,FMLE,Female,,GHE061,Malignant neoplasms,,,,,112.2,112.20781,,,,,
573,WHS2_131,Age-standardized NCD mortality rate  (per 100 000 population),https://www.who.int/data/gho/indicator-metadata-registry/imr-details/78,,,,PUBLISHED,Published,,2000.0,2000,,AFR,2000,2000,Africa,,NGA,Nigeria,,,,,FMLE,Female,,GHE068,"Trachea, bronchus, lung cancers",,,,,1.2,1.23385,,,,,
574,WHS2_131,Age-standardized NCD mortality rate  (per 100 000 population),https://www.who.int/data/gho/indicator-metadata-registry/imr-details/78,,,,PUBLISHED,Published,,2000.0,2000,,AFR,2000,2000,Africa,,NGA,Nigeria,,,,,FMLE,Female,,GHE070,Breast cancer,,,,,32.1,32.13782,,,,,
575,WHS2_131,Age-standardized NCD mortality rate  (per 100 000 population),https://www.who.int/data/gho/indicator-metadata-registry/imr-details/78,,,,PUBLISHED,Published,,2000.0,2000,,AFR,2000,2000,Africa,,NGA,Nigeria,,,,,FMLE,Female,,GHE075,Bladder cancer,,,,,1.0,0.99730,,,,,
576,WHS2_131,Age-standardized NCD mortality rate  (per 100 000 population),https://www.who.int/data/gho/indicator-metadata-registry/imr-details/78,,,,PUBLISHED,Published,,2000.0,2000,,AFR,2000,2000,Africa,,NGA,Nigeria,,,,,FMLE,Female,,GHE077,Leukaemia,,,,,1.7,1.68898,,,,,
577,WHS2_131,Age-standardized NCD mortality rate  (per 100 000 population),https://www.who.int/data/gho/indicator-metadata-registry/imr-details/78,,,,PUBLISHED,Published,,2000.0,2000,,AFR,2000,2000,Africa,,NGA,Nigeria,,,,,FMLE,Female,,GHE095,Alzheimer's disease and other dementias,,,,,4.8,4.81921,,,,,
578,WHS2_131,Age-standardized NCD mortality rate  (per 100 000 population),https://www.who.int/data/gho/indicator-metadata-registry/imr-details/78,,,,PUBLISHED,Published,,2000.0,2000,,AFR,2000,2000,Africa,,NGA,Nigeria,,,,,FMLE,Female,,GHE097,Epilepsy,,,,,14.7,14.69022,,,,,
579,WHS2_131,Age-standardized NCD mortality rate  (per 100 000 population),https://www.who.int/data/gho/indicator-metadata-registry/imr-details/78,,,,PUBLISHED,Published,,2000.0,2000,,AFR,2000,2000,Africa,,NGA,Nigeria,,,,,FMLE,Female,,GHE114,Stroke,,,,,131.6,131.61896,,,,,
580,WHS2_131,Age-standardized NCD mortality rate  (per 100 000 population),https://www.who.int/data/gho/indicator-metadata-registry/imr-details/78,,,,PUBLISHED,Published,,2000.0,2000,,AFR,2000,2000,Africa,,NGA,Nigeria,,,,,FMLE,Female,,GHE116,Other circulatory diseases,,,,,15.4,15.41067,,,,,
581,WHS2_131,Age-standardized NCD mortality rate  (per 100 000 population),https://www.who.int/data/gho/indicator-metadata-registry/imr-details/78,,,,PUBLISHED,Published,,2000.0,2000,,AFR,2000,2000,Africa,,NGA,Nigeria,,,,,FMLE,Female,,GHE121,Digestive diseases,,,,,84.1,84.08116,,,,,
582,WHS2_131,Age-standardized NCD mortality rate  (per 100 000 population),https://www.who.int/data/gho/indicator-metadata-registry/imr-details/78,,,,PUBLISHED,Published,,2000.0,2000,,AFR,2000,2000,Africa,,NGA,Nigeria,,,,,FMLE,Female,,GHE123,Cirrhosis of the liver,,,,,21.9,21.93369,,,,,
583,WHS2_131,Age-standardized NCD mortality rate  (per 100 000 population),https://www.who.int/data/gho/indicator-metadata-registry/imr-details/78,,,,PUBLISHED,Published,,2000.0,2000,,AFR,2000,2000,Africa,,NGA,Nigeria,,,,,FMLE,Female,,GHE125,Other digestive diseases,,,,,38.9,38.90941,,,,,
584,WHS2_131,Age-standardized NCD mortality rate  (per 100 000 population),https://www.who.int/data/gho/indicator-metadata-registry/imr-details/78,,,,PUBLISHED,Published,,2000.0,2000,,AFR,2000,2000,Africa,,NGA,Nigeria,,,,,FMLE,Female,,GHE130,Other genitourinary diseases,,,,,6.0,5.99202,,,,,
585,WHS2_131,Age-standardized NCD mortality rate  (per 100 000 population),https://www.who.int/data/gho/indicator-metadata-registry/imr-details/78,,,,PUBLISHED,Published,,2000.0,2000,,AFR,2000,2000,Africa,,NGA,Nigeria,,,,,FMLE,Female,,GHE134,Musculoskeletal diseases,,,,,4.2,4.23211,,,,,
586,WHS2_131,Age-standardized NCD mortality rate  (per 100 000 population),https://www.who.int/data/gho/indicator-metadata-registry/imr-details/78,,,,PUBLISHED,Published,,2000.0,2000,,AFR,2000,2000,Africa,,NGA,Nigeria,,,,,FMLE,Female,,GHE146,Other congenital anomalies,,,,,3.6,3.60336,,,,,
587,WHS2_131,Age-standardized NCD mortality rate  (per 100 000 population),https://www.who.int/data/gho/indicator-metadata-registry/imr-details/78,,,,PUBLISHED,Published,,2000.0,2000,,AFR,2000,2000,Africa,,NGA,Nigeria,,,,,FMLE,Female,,GHE152,Unintentional injuries,,,,,86.6,86.56267,,,,,
588,WHS2_131,Age-standardized NCD mortality rate  (per 100 000 population),https://www.who.int/data/gho/indicator-metadata-registry/imr-details/78,,,,PUBLISHED,Published,,2000.0,2000,,AFR,2000,2000,Africa,,NGA,Nigeria,,,,,FMLE,Female,,GHE157,Drowning,,,,,4.4,4.36067,,,,,
589,WHS2_131,Age-standardized NCD mortality rate  (per 100 000 population),https://www.who.int/data/gho/indicator-metadata-registry/imr-details/78,,,,PUBLISHED,Published,,2000.0,2000,,AFR,2000,2000,Africa,,NGA,Nigeria,,,,,FMLE,Female,,GHE159,Other unintentional injuries,,,,,18.4,18.40613,,,,,
590,WHS2_131,Age-standardized NCD mortality rate  (per 100 000 population),https://www.who.int/data/gho/indicator-metadata-registry/imr-details/78,,,,PUBLISHED,Published,,2000.0,2000,,AFR,2000,2000,Africa,,NGA,Nigeria,,,,,FMLE,Female,,GHE161,Self-harm,,,,,2.6,2.64001,,,,,
591,WHS2_131,Age-standardized NCD mortality rate  (per 100 000 population),https://www.who.int/data/gho/indicator-metadata-registry/imr-details/78,,,,PUBLISHED,Published,,2012.0,2012,,AFR,2012,2012,Africa,,NGA,Nigeria,,,,,BTSX,Both sexes,,GHE002,Infectious and parasitic diseases,,,,,430.2,430.16358,,,,,
592,WHS2_131,Age-standardized NCD mortality rate  (per 100 000 population),https://www.who.int/data/gho/indicator-metadata-registry/imr-details/78,,,,PUBLISHED,Published,,2012.0,2012,,AFR,2012,2012,Africa,,NGA,Nigeria,,,,,BTSX,Both sexes,,GHE004,STDs excluding HIV,,,,,3.7,3.66434,,,,,
593,WHS2_131,Age-standardized NCD mortality rate  (per 100 000 population),https://www.who.int/data/gho/indicator-metadata-registry/imr-details/78,,,,PUBLISHED,Published,,2012.0,2012,,AFR,2012,2012,Africa,,NGA,Nigeria,,,,,BTSX,Both sexes,,GHE016,Tetanus,,,,,3.6,3.57517,,,,,
594,WHS2_131,Age-standardized NCD mortality rate  (per 100 000 population),https://www.who.int/data/gho/indicator-metadata-registry/imr-details/78,,,,PUBLISHED,Published,,2012.0,2012,,AFR,2012,2012,Africa,,NGA,Nigeria,,,,,BTSX,Both sexes,,GHE018,Encephalitis,,,,,2.7,2.69912,,,,,
595,WHS2_131,Age-standardized NCD mortality rate  (per 100 000 population),https://www.who.int/data/gho/indicator-metadata-registry/imr-details/78,,,,PUBLISHED,Published,,2012.0,2012,,AFR,2012,2012,Africa,,NGA,Nigeria,,,,,BTSX,Both sexes,,GHE023,Trypanosomiasis,,,,,0.0,0.00000,,,,,
596,WHS2_131,Age-standardized NCD mortality rate  (per 100 000 population),https://www.who.int/data/gho/indicator-metadata-registry/imr-details/78,,,,PUBLISHED,Published,,2012.0,2012,,AFR,2012,2012,Africa,,NGA,Nigeria,,,,,BTSX,Both sexes,,GHE025,Schistosomiasis,,,,,3.8,3.83128,,,,,
597,WHS2_131,Age-standardized NCD mortality rate  (per 100 000 population),https://www.who.int/data/gho/indicator-metadata-registry/imr-details/78,,,,PUBLISHED,Published,,2012.0,2012,,AFR,2012,2012,Africa,,NGA,Nigeria,,,,,BTSX,Both sexes,,GHE027,Lymphatic filariasis,,,,,0.0,0.00000,,,,,
598,WHS2_131,Age-standardized NCD mortality rate  (per 100 000 population),https://www.who.int/data/gho/indicator-metadata-registry/imr-details/78,,,,PUBLISHED,Published,,2012.0,2012,,AFR,2012,2012,Africa,,NGA,Nigeria,,,,,BTSX,Both sexes,,GHE032,Rabies,,,,,1.8,1.76355,,,,,
599,WHS2_131,Age-standardized NCD mortality rate  (per 100 000 population),https://www.who.int/data/gho/indicator-metadata-registry/imr-details/78,,,,PUBLISHED,Published,,2012.0,2012,,AFR,2012,2012,Africa,,NGA,Nigeria,,,,,BTSX,Both sexes,,GHE037,Other infectious diseases,,,,,27.3,27.25903,,,,,
600,WHS2_131,Age-standardized NCD mortality rate  (per 100 000 population),https://www.who.int/data/gho/indicator-metadata-registry/imr-details/78,,,,PUBLISHED,Published,,2012.0,2012,,AFR,2012,2012,Africa,,NGA,Nigeria,,,,,BTSX,Both sexes,,GHE051,Birth asphyxia and birth trauma,,,,,26.5,26.53696,,,,,
601,WHS2_131,Age-standardized NCD mortality rate  (per 100 000 population),https://www.who.int/data/gho/indicator-metadata-registry/imr-details/78,,,,PUBLISHED,Published,,2012.0,2012,,AFR,2012,2012,Africa,,NGA,Nigeria,,,,,BTSX,Both sexes,,GHE053,Other neonatal conditions,,,,,1.7,1.70980,,,,,
602,WHS2_131,Age-standardized NCD mortality rate  (per 100 000 population),https://www.who.int/data/gho/indicator-metadata-registry/imr-details/78,,,,PUBLISHED,Published,,2012.0,2012,,AFR,2012,2012,Africa,,NGA,Nigeria,,,,,BTSX,Both sexes,,GHE064,Stomach cancer,,,,,2.6,2.62932,,,,,
603,WHS2_131,Age-standardized NCD mortality rate  (per 100 000 population),https://www.who.int/data/gho/indicator-metadata-registry/imr-details/78,,,,PUBLISHED,Published,,2012.0,2012,,AFR,2012,2012,Africa,,NGA,Nigeria,,,,,BTSX,Both sexes,,GHE066,Liver cancer,,,,,13.7,13.65855,,,,,
604,WHS2_131,Age-standardized NCD mortality rate  (per 100 000 population),https://www.who.int/data/gho/indicator-metadata-registry/imr-details/78,,,,PUBLISHED,Published,,2012.0,2012,,AFR,2012,2012,Africa,,NGA,Nigeria,,,,,BTSX,Both sexes,,GHE071,Cervix uteri cancer,,,,,11.8,11.80317,,,,,
605,WHS2_131,Age-standardized NCD mortality rate  (per 100 000 population),https://www.who.int/data/gho/indicator-metadata-registry/imr-details/78,,,,PUBLISHED,Published,,2012.0,2012,,AFR,2012,2012,Africa,,NGA,Nigeria,,,,,BTSX,Both sexes,,GHE073,Ovary cancer,,,,,1.6,1.62545,,,,,
606,WHS2_131,Age-standardized NCD mortality rate  (per 100 000 population),https://www.who.int/data/gho/indicator-metadata-registry/imr-details/78,,,,PUBLISHED,Published,,2012.0,2012,,AFR,2012,2012,Africa,,NGA,Nigeria,,,,,BTSX,Both sexes,,GHE080,Diabetes mellitus,,,,,47.0,46.95458,,,,,
607,WHS2_131,Age-standardized NCD mortality rate  (per 100 000 population),https://www.who.int/data/gho/indicator-metadata-registry/imr-details/78,,,,PUBLISHED,Published,,2012.0,2012,,AFR,2012,2012,Africa,,NGA,Nigeria,,,,,BTSX,Both sexes,,GHE082,Mental and behavioral disorders,,,,,2.5,2.48951,,,,,
608,WHS2_131,Age-standardized NCD mortality rate  (per 100 000 population),https://www.who.int/data/gho/indicator-metadata-registry/imr-details/78,,,,PUBLISHED,Published,,2012.0,2012,,AFR,2012,2012,Africa,,NGA,Nigeria,,,,,BTSX,Both sexes,,GHE110,Cardiovascular diseases,,,,,266.5,266.51999,,,,,
609,WHS2_131,Age-standardized NCD mortality rate  (per 100 000 population),https://www.who.int/data/gho/indicator-metadata-registry/imr-details/78,,,,PUBLISHED,Published,,2012.0,2012,,AFR,2012,2012,Africa,,NGA,Nigeria,,,,,BTSX,Both sexes,,GHE112,Hypertensive heart disease,,,,,16.9,16.94899,,,,,
610,WHS2_131,Age-standardized NCD mortality rate  (per 100 000 population),https://www.who.int/data/gho/indicator-metadata-registry/imr-details/78,,,,PUBLISHED,Published,,2012.0,2012,,AFR,2012,2012,Africa,,NGA,Nigeria,,,,,BTSX,Both sexes,,GHE117,Respiratory diseases,,,,,36.8,36.84763,,,,,
611,WHS2_131,Age-standardized NCD mortality rate  (per 100 000 population),https://www.who.int/data/gho/indicator-metadata-registry/imr-details/78,,,,PUBLISHED,Published,,2012.0,2012,,AFR,2012,2012,Africa,,NGA,Nigeria,,,,,BTSX,Both sexes,,GHE119,Asthma,,,,,9.9,9.88537,,,,,
612,WHS2_131,Age-standardized NCD mortality rate  (per 100 000 population),https://www.who.int/data/gho/indicator-metadata-registry/imr-details/78,,,,PUBLISHED,Published,,2012.0,2012,,AFR,2012,2012,Africa,,NGA,Nigeria,,,,,BTSX,Both sexes,,GHE126,Genitourinary diseases,,,,,29.9,29.88450,,,,,
613,WHS2_131,Age-standardized NCD mortality rate  (per 100 000 population),https://www.who.int/data/gho/indicator-metadata-registry/imr-details/78,,,,PUBLISHED,Published,,2012.0,2012,,AFR,2012,2012,Africa,,NGA,Nigeria,,,,,BTSX,Both sexes,,GHE128,Hyperplasia of prostate,,,,,0.0,0.00000,,,,,
614,WHS2_131,Age-standardized NCD mortality rate  (per 100 000 population),https://www.who.int/data/gho/indicator-metadata-registry/imr-details/78,,,,PUBLISHED,Published,,2012.0,2012,,AFR,2012,2012,Africa,,NGA,Nigeria,,,,,BTSX,Both sexes,,GHE142,Cleft lip and cleft palate,,,,,0.0,0.04185,,,,,
615,WHS2_131,Age-standardized NCD mortality rate  (per 100 000 population),https://www.who.int/data/gho/indicator-metadata-registry/imr-details/78,,,,PUBLISHED,Published,,2012.0,2012,,AFR,2012,2012,Africa,,NGA,Nigeria,,,,,BTSX,Both sexes,,GHE144,Congenital heart anomalies,,,,,2.9,2.89135,,,,,
616,WHS2_131,Age-standardized NCD mortality rate  (per 100 000 population),https://www.who.int/data/gho/indicator-metadata-registry/imr-details/78,,,,PUBLISHED,Published,,2012.0,2012,,AFR,2012,2012,Africa,,NGA,Nigeria,,,,,BTSX,Both sexes,,GHE153,Road injury,,,,,35.5,35.47166,,,,,
617,WHS2_131,Age-standardized NCD mortality rate  (per 100 000 population),https://www.who.int/data/gho/indicator-metadata-registry/imr-details/78,,,,PUBLISHED,Published,,2012.0,2012,,AFR,2012,2012,Africa,,NGA,Nigeria,,,,,BTSX,Both sexes,,GHE155,Falls,,,,,28.4,28.35024,,,,,
618,WHS2_131,Age-standardized NCD mortality rate  (per 100 000 population),https://www.who.int/data/gho/indicator-metadata-registry/imr-details/78,,,,PUBLISHED,Published,,2012.0,2012,,AFR,2012,2012,Africa,,NGA,Nigeria,,,,,BTSX,Both sexes,,GHE162,Interpersonal violence,,,,,21.4,21.38992,,,,,
619,WHS2_131,Age-standardized NCD mortality rate  (per 100 000 population),https://www.who.int/data/gho/indicator-metadata-registry/imr-details/78,,,,PUBLISHED,Published,,2012.0,2012,,AFR,2012,2012,Africa,,NGA,Nigeria,,,,,MLE,Male,,GHE000,All Causes,,,,,1750.6,1750.60441,,,,,
620,WHS2_131,Age-standardized NCD mortality rate  (per 100 000 population),https://www.who.int/data/gho/indicator-metadata-registry/imr-details/78,,,,PUBLISHED,Published,,2012.0,2012,,AFR,2012,2012,Africa,,NGA,Nigeria,,,,,MLE,Male,,GHE012,Childhood-cluster diseases,,,,,6.6,6.64769,,,,,
621,WHS2_131,Age-standardized NCD mortality rate  (per 100 000 population),https://www.who.int/data/gho/indicator-metadata-registry/imr-details/78,,,,PUBLISHED,Published,,2012.0,2012,,AFR,2012,2012,Africa,,NGA,Nigeria,,,,,MLE,Male,,GHE014,Diphtheria,,,,,0.3,0.26796,,,,,
622,WHS2_131,Age-standardized NCD mortality rate  (per 100 000 population),https://www.who.int/data/gho/indicator-metadata-registry/imr-details/78,,,,PUBLISHED,Published,,2012.0,2012,,AFR,2012,2012,Africa,,NGA,Nigeria,,,,,MLE,Male,,GHE019,Acute hepatitis B,,,,,8.2,8.19760,,,,,
623,WHS2_131,Age-standardized NCD mortality rate  (per 100 000 population),https://www.who.int/data/gho/indicator-metadata-registry/imr-details/78,,,,PUBLISHED,Published,,2012.0,2012,,AFR,2012,2012,Africa,,NGA,Nigeria,,,,,MLE,Male,,GHE021,Parasitic and vector diseases,,,,,67.3,67.30710,,,,,
624,WHS2_131,Age-standardized NCD mortality rate  (per 100 000 population),https://www.who.int/data/gho/indicator-metadata-registry/imr-details/78,,,,PUBLISHED,Published,,2012.0,2012,,AFR,2012,2012,Africa,,NGA,Nigeria,,,,,MLE,Male,,GHE028,Onchocerciasis,,,,,0.0,0.00000,,,,,
625,WHS2_131,Age-standardized NCD mortality rate  (per 100 000 population),https://www.who.int/data/gho/indicator-metadata-registry/imr-details/78,,,,PUBLISHED,Published,,2012.0,2012,,AFR,2012,2012,Africa,,NGA,Nigeria,,,,,MLE,Male,,GHE030,Dengue,,,,,0.3,0.31901,,,,,
626,WHS2_131,Age-standardized NCD mortality rate  (per 100 000 population),https://www.who.int/data/gho/indicator-metadata-registry/imr-details/78,,,,PUBLISHED,Published,,2012.0,2012,,AFR,2012,2012,Africa,,NGA,Nigeria,,,,,MLE,Male,,GHE040,Upper respiratory infections,,,,,0.7,0.70310,,,,,
627,WHS2_131,Age-standardized NCD mortality rate  (per 100 000 population),https://www.who.int/data/gho/indicator-metadata-registry/imr-details/78,,,,PUBLISHED,Published,,2012.0,2012,,AFR,2012,2012,Africa,,NGA,Nigeria,,,,,MLE,Male,,GHE049,Neonatal conditions,,,,,78.3,78.30781,,,,,
628,WHS2_131,Age-standardized NCD mortality rate  (per 100 000 population),https://www.who.int/data/gho/indicator-metadata-registry/imr-details/78,,,,PUBLISHED,Published,,2012.0,2012,,AFR,2012,2012,Africa,,NGA,Nigeria,,,,,MLE,Male,,GHE054,Nutritional deficiencies,,,,,45.4,45.38681,,,,,
629,WHS2_131,Age-standardized NCD mortality rate  (per 100 000 population),https://www.who.int/data/gho/indicator-metadata-registry/imr-details/78,,,,PUBLISHED,Published,,2012.0,2012,,AFR,2012,2012,Africa,,NGA,Nigeria,,,,,MLE,Male,,GHE067,Pancreas cancer,,,,,2.8,2.82261,,,,,
630,WHS2_131,Age-standardized NCD mortality rate  (per 100 000 population),https://www.who.int/data/gho/indicator-metadata-registry/imr-details/78,,,,PUBLISHED,Published,,2012.0,2012,,AFR,2012,2012,Africa,,NGA,Nigeria,,,,,MLE,Male,,GHE069,Melanoma and other skin cancers,,,,,1.6,1.56138,,,,,
631,WHS2_131,Age-standardized NCD mortality rate  (per 100 000 population),https://www.who.int/data/gho/indicator-metadata-registry/imr-details/78,,,,PUBLISHED,Published,,2012.0,2012,,AFR,2012,2012,Africa,,NGA,Nigeria,,,,,MLE,Male,,GHE076,"Lymphomas, multiple myeloma",,,,,4.7,4.72396,,,,,
632,WHS2_131,Age-standardized NCD mortality rate  (per 100 000 population),https://www.who.int/data/gho/indicator-metadata-registry/imr-details/78,,,,PUBLISHED,Published,,2012.0,2012,,AFR,2012,2012,Africa,,NGA,Nigeria,,,,,MLE,Male,,GHE078,Other malignant neoplasms,,,,,11.6,11.58509,,,,,
633,WHS2_131,Age-standardized NCD mortality rate  (per 100 000 population),https://www.who.int/data/gho/indicator-metadata-registry/imr-details/78,,,,PUBLISHED,Published,,2012.0,2012,,AFR,2012,2012,Africa,,NGA,Nigeria,,,,,MLE,Male,,GHE094,Neurological conditions,,,,,34.5,34.52051,,,,,
634,WHS2_131,Age-standardized NCD mortality rate  (per 100 000 population),https://www.who.int/data/gho/indicator-metadata-registry/imr-details/78,,,,PUBLISHED,Published,,2012.0,2012,,AFR,2012,2012,Africa,,NGA,Nigeria,,,,,MLE,Male,,GHE096,Parkinson's disease,,,,,5.6,5.60444,,,,,
635,WHS2_131,Age-standardized NCD mortality rate  (per 100 000 population),https://www.who.int/data/gho/indicator-metadata-registry/imr-details/78,,,,PUBLISHED,Published,,2012.0,2012,,AFR,2012,2012,Africa,,NGA,Nigeria,,,,,MLE,Male,,GHE113,Ischaemic heart disease,,,,,96.0,95.99662,,,,,
636,WHS2_131,Age-standardized NCD mortality rate  (per 100 000 population),https://www.who.int/data/gho/indicator-metadata-registry/imr-details/78,,,,PUBLISHED,Published,,2012.0,2012,,AFR,2012,2012,Africa,,NGA,Nigeria,,,,,MLE,Male,,GHE115,"Cardiomyopathy, myocarditis, endocarditis",,,,,10.2,10.19104,,,,,
637,WHS2_131,Age-standardized NCD mortality rate  (per 100 000 population),https://www.who.int/data/gho/indicator-metadata-registry/imr-details/78,,,,PUBLISHED,Published,,2012.0,2012,,AFR,2012,2012,Africa,,NGA,Nigeria,,,,,MLE,Male,,GHE122,Peptic ulcer disease,,,,,20.9,20.89107,,,,,
638,WHS2_131,Age-standardized NCD mortality rate  (per 100 000 population),https://www.who.int/data/gho/indicator-metadata-registry/imr-details/78,,,,PUBLISHED,Published,,2012.0,2012,,AFR,2012,2012,Africa,,NGA,Nigeria,,,,,MLE,Male,,GHE124,Appendicitis,,,,,8.6,8.56903,,,,,
639,WHS2_131,Age-standardized NCD mortality rate  (per 100 000 population),https://www.who.int/data/gho/indicator-metadata-registry/imr-details/78,,,,PUBLISHED,Published,,2012.0,2012,,AFR,2012,2012,Africa,,NGA,Nigeria,,,,,MLE,Male,,GHE129,Urolithiasis,,,,,0.5,0.45389,,,,,
640,WHS2_131,Age-standardized NCD mortality rate  (per 100 000 population),https://www.who.int/data/gho/indicator-metadata-registry/imr-details/78,,,,PUBLISHED,Published,,2012.0,2012,,AFR,2012,2012,Africa,,NGA,Nigeria,,,,,MLE,Male,,GHE132,Gynecological diseases,,,,,0.0,0.00000,,,,,
641,WHS2_131,Age-standardized NCD mortality rate  (per 100 000 population),https://www.who.int/data/gho/indicator-metadata-registry/imr-details/78,,,,PUBLISHED,Published,,2012.0,2012,,AFR,2012,2012,Africa,,NGA,Nigeria,,,,,MLE,Male,,GHE140,Congenital anomalies,,,,,9.4,9.43775,,,,,
642,WHS2_131,Age-standardized NCD mortality rate  (per 100 000 population),https://www.who.int/data/gho/indicator-metadata-registry/imr-details/78,,,,PUBLISHED,Published,,2012.0,2012,,AFR,2012,2012,Africa,,NGA,Nigeria,,,,,MLE,Male,,GHE145,Other chromosomal anomalies,,,,,0.4,0.37068,,,,,
643,WHS2_131,Age-standardized NCD mortality rate  (per 100 000 population),https://www.who.int/data/gho/indicator-metadata-registry/imr-details/78,,,,PUBLISHED,Published,,2012.0,2012,,AFR,2012,2012,Africa,,NGA,Nigeria,,,,,MLE,Male,,GHE151,Injuries,,,,,185.7,185.73660,,,,,
644,WHS2_131,Age-standardized NCD mortality rate  (per 100 000 population),https://www.who.int/data/gho/indicator-metadata-registry/imr-details/78,,,,PUBLISHED,Published,,2012.0,2012,,AFR,2012,2012,Africa,,NGA,Nigeria,,,,,MLE,Male,,GHE158,Exposure to forces of nature,,,,,0.0,0.00000,,,,,
645,WHS2_131,Age-standardized NCD mortality rate  (per 100 000 population),https://www.who.int/data/gho/indicator-metadata-registry/imr-details/78,,,,PUBLISHED,Published,,2012.0,2012,,AFR,2012,2012,Africa,,NGA,Nigeria,,,,,MLE,Male,,GHE160,Intentional injuries,,,,,43.6,43.62987,,,,,
646,WHS2_131,Age-standardized NCD mortality rate  (per 100 000 population),https://www.who.int/data/gho/indicator-metadata-registry/imr-details/78,,,,PUBLISHED,Published,,2012.0,2012,,AFR,2012,2012,Africa,,NGA,Nigeria,,,,,FMLE,Female,,GHE001,Communicable & other Group I,,,,,881.0,881.03357,,,,,
647,WHS2_131,Age-standardized NCD mortality rate  (per 100 000 population),https://www.who.int/data/gho/indicator-metadata-registry/imr-details/78,,,,PUBLISHED,Published,,2012.0,2012,,AFR,2012,2012,Africa,,NGA,Nigeria,,,,,FMLE,Female,,GHE003,Tuberculosis,,,,,33.9,33.85134,,,,,
648,WHS2_131,Age-standardized NCD mortality rate  (per 100 000 population),https://www.who.int/data/gho/indicator-metadata-registry/imr-details/78,,,,PUBLISHED,Published,,2012.0,2012,,AFR,2012,2012,Africa,,NGA,Nigeria,,,,,FMLE,Female,,GHE010,HIV/AIDS,,,,,183.4,183.36783,,,,,
649,WHS2_131,Age-standardized NCD mortality rate  (per 100 000 population),https://www.who.int/data/gho/indicator-metadata-registry/imr-details/78,,,,PUBLISHED,Published,,2012.0,2012,,AFR,2012,2012,Africa,,NGA,Nigeria,,,,,FMLE,Female,,GHE015,Measles,,,,,1.9,1.94001,,,,,
650,WHS2_131,Age-standardized NCD mortality rate  (per 100 000 population),https://www.who.int/data/gho/indicator-metadata-registry/imr-details/78,,,,PUBLISHED,Published,,2012.0,2012,,AFR,2012,2012,Africa,,NGA,Nigeria,,,,,FMLE,Female,,GHE017,Meningitis,,,,,39.4,39.36892,,,,,
651,WHS2_131,Age-standardized NCD mortality rate  (per 100 000 population),https://www.who.int/data/gho/indicator-metadata-registry/imr-details/78,,,,PUBLISHED,Published,,2012.0,2012,,AFR,2012,2012,Africa,,NGA,Nigeria,,,,,FMLE,Female,,GHE024,Chagas disease,,,,,0.0,0.00000,,,,,
652,WHS2_131,Age-standardized NCD mortality rate  (per 100 000 population),https://www.who.int/data/gho/indicator-metadata-registry/imr-details/78,,,,PUBLISHED,Published,,2012.0,2012,,AFR,2012,2012,Africa,,NGA,Nigeria,,,,,FMLE,Female,,GHE026,Leishmaniasis,,,,,0.5,0.48404,,,,,
653,WHS2_131,Age-standardized NCD mortality rate  (per 100 000 population),https://www.who.int/data/gho/indicator-metadata-registry/imr-details/78,,,,PUBLISHED,Published,,2012.0,2012,,AFR,2012,2012,Africa,,NGA,Nigeria,,,,,FMLE,Female,,GHE031,Trachoma,,,,,0.0,0.00000,,,,,
654,WHS2_131,Age-standardized NCD mortality rate  (per 100 000 population),https://www.who.int/data/gho/indicator-metadata-registry/imr-details/78,,,,PUBLISHED,Published,,2012.0,2012,,AFR,2012,2012,Africa,,NGA,Nigeria,,,,,FMLE,Female,,GHE033,Intestinal nematode infections,,,,,0.1,0.11662,,,,,
655,WHS2_131,Age-standardized NCD mortality rate  (per 100 000 population),https://www.who.int/data/gho/indicator-metadata-registry/imr-details/78,,,,PUBLISHED,Published,,2012.0,2012,,AFR,2012,2012,Africa,,NGA,Nigeria,,,,,FMLE,Female,,GHE038,Respiratory infections,,,,,271.2,271.24919,,,,,
656,WHS2_131,Age-standardized NCD mortality rate  (per 100 000 population),https://www.who.int/data/gho/indicator-metadata-registry/imr-details/78,,,,PUBLISHED,Published,,2012.0,2012,,AFR,2012,2012,Africa,,NGA,Nigeria,,,,,FMLE,Female,,GHE050,Preterm birth complications,,,,,25.7,25.68242,,,,,
657,WHS2_131,Age-standardized NCD mortality rate  (per 100 000 population),https://www.who.int/data/gho/indicator-metadata-registry/imr-details/78,,,,PUBLISHED,Published,,2012.0,2012,,AFR,2012,2012,Africa,,NGA,Nigeria,,,,,FMLE,Female,,GHE052,Neonatal sepsis and infections,,,,,9.7,9.71968,,,,,
658,WHS2_131,Age-standardized NCD mortality rate  (per 100 000 population),https://www.who.int/data/gho/indicator-metadata-registry/imr-details/78,,,,PUBLISHED,Published,,2012.0,2012,,AFR,2012,2012,Africa,,NGA,Nigeria,,,,,FMLE,Female,,GHE063,Oesophagus cancer,,,,,0.5,0.49685,,,,,
659,WHS2_131,Age-standardized NCD mortality rate  (per 100 000 population),https://www.who.int/data/gho/indicator-metadata-registry/imr-details/78,,,,PUBLISHED,Published,,2012.0,2012,,AFR,2012,2012,Africa,,NGA,Nigeria,,,,,FMLE,Female,,GHE065,Colon and rectum cancers,,,,,3.9,3.90912,,,,,
660,WHS2_131,Age-standardized NCD mortality rate  (per 100 000 population),https://www.who.int/data/gho/indicator-metadata-registry/imr-details/78,,,,PUBLISHED,Published,,2012.0,2012,,AFR,2012,2012,Africa,,NGA,Nigeria,,,,,FMLE,Female,,GHE072,Corpus uteri cancer,,,,,1.9,1.90808,,,,,
661,WHS2_131,Age-standardized NCD mortality rate  (per 100 000 population),https://www.who.int/data/gho/indicator-metadata-registry/imr-details/78,,,,PUBLISHED,Published,,2012.0,2012,,AFR,2012,2012,Africa,,NGA,Nigeria,,,,,FMLE,Female,,GHE074,Prostate cancer,,,,,0.0,0.00000,,,,,
662,WHS2_131,Age-standardized NCD mortality rate  (per 100 000 population),https://www.who.int/data/gho/indicator-metadata-registry/imr-details/78,,,,PUBLISHED,Published,,2012.0,2012,,AFR,2012,2012,Africa,,NGA,Nigeria,,,,,FMLE,Female,,GHE079,Other neoplasms,,,,,4.1,4.11041,,,,,
663,WHS2_131,Age-standardized NCD mortality rate  (per 100 000 population),https://www.who.int/data/gho/indicator-metadata-registry/imr-details/78,,,,PUBLISHED,Published,,2012.0,2012,,AFR,2012,2012,Africa,,NGA,Nigeria,,,,,FMLE,Female,,GHE081,"Endocrine, blood, immune disorders",,,,,18.3,18.33088,,,,,
664,WHS2_131,Age-standardized NCD mortality rate  (per 100 000 population),https://www.who.int/data/gho/indicator-metadata-registry/imr-details/78,,,,PUBLISHED,Published,,2012.0,2012,,AFR,2012,2012,Africa,,NGA,Nigeria,,,,,FMLE,Female,,GHE101,Other neurological conditions,,,,,3.4,3.40853,,,,,
665,WHS2_131,Age-standardized NCD mortality rate  (per 100 000 population),https://www.who.int/data/gho/indicator-metadata-registry/imr-details/78,,,,PUBLISHED,Published,,2012.0,2012,,AFR,2012,2012,Africa,,NGA,Nigeria,,,,,FMLE,Female,,GHE111,Rheumatic heart disease,,,,,5.9,5.89913,,,,,
666,WHS2_131,Age-standardized NCD mortality rate  (per 100 000 population),https://www.who.int/data/gho/indicator-metadata-registry/imr-details/78,,,,PUBLISHED,Published,,2012.0,2012,,AFR,2012,2012,Africa,,NGA,Nigeria,,,,,FMLE,Female,,GHE118,Chronic obstructive pulmonary disease,,,,,15.3,15.30396,,,,,
667,WHS2_131,Age-standardized NCD mortality rate  (per 100 000 population),https://www.who.int/data/gho/indicator-metadata-registry/imr-details/78,,,,PUBLISHED,Published,,2012.0,2012,,AFR,2012,2012,Africa,,NGA,Nigeria,,,,,FMLE,Female,,GHE120,Other respiratory diseases,,,,,8.0,7.98235,,,,,
668,WHS2_131,Age-standardized NCD mortality rate  (per 100 000 population),https://www.who.int/data/gho/indicator-metadata-registry/imr-details/78,,,,PUBLISHED,Published,,2012.0,2012,,AFR,2012,2012,Africa,,NGA,Nigeria,,,,,FMLE,Female,,GHE127,Kidney diseases,,,,,24.4,24.42072,,,,,
669,WHS2_131,Age-standardized NCD mortality rate  (per 100 000 population),https://www.who.int/data/gho/indicator-metadata-registry/imr-details/78,,,,PUBLISHED,Published,,2012.0,2012,,AFR,2012,2012,Africa,,NGA,Nigeria,,,,,FMLE,Female,,GHE141,Neural tube defects,,,,,1.2,1.23630,,,,,
670,WHS2_131,Age-standardized NCD mortality rate  (per 100 000 population),https://www.who.int/data/gho/indicator-metadata-registry/imr-details/78,,,,PUBLISHED,Published,,2012.0,2012,,AFR,2012,2012,Africa,,NGA,Nigeria,,,,,FMLE,Female,,GHE143,Down's syndrome,,,,,0.5,0.52688,,,,,
671,WHS2_131,Age-standardized NCD mortality rate  (per 100 000 population),https://www.who.int/data/gho/indicator-metadata-registry/imr-details/78,,,,PUBLISHED,Published,,2012.0,2012,,AFR,2012,2012,Africa,,NGA,Nigeria,,,,,FMLE,Female,,GHE154,Poisonings,,,,,1.7,1.70144,,,,,
672,WHS2_131,Age-standardized NCD mortality rate  (per 100 000 population),https://www.who.int/data/gho/indicator-metadata-registry/imr-details/78,,,,PUBLISHED,Published,,2012.0,2012,,AFR,2012,2012,Africa,,NGA,Nigeria,,,,,FMLE,Female,,GHE156,"Fire, heat and hot substances",,,,,19.3,19.34000,,,,,
673,WHS2_131,Age-standardized NCD mortality rate  (per 100 000 population),https://www.who.int/data/gho/indicator-metadata-registry/imr-details/78,,,,PUBLISHED,Published,,2012.0,2012,,AFR,2012,2012,Africa,,NGA,Nigeria,,,,,FMLE,Female,,GHE161,Self-harm,,,,,2.9,2.86798,,,,,
674,WHS2_131,Age-standardized NCD mortality rate  (per 100 000 population),https://www.who.int/data/gho/indicator-metadata-registry/imr-details/78,,,,PUBLISHED,Published,,2012.0,2012,,AFR,2012,2012,Africa,,NGA,Nigeria,,,,,FMLE,Female,,GHE163,Collective violence and legal intervention,,,,,0.3,0.31984,,,,,
675,WHOSIS_000015,Life expectancy at age 60 (years),https://www.who.int/data/gho/indicator-metadata-registry/imr-details/2977,,,,PUBLISHED,Published,,2000.0,2000,,AFR,2000,2000,Africa,,NGA,Nigeria,,,,,MLE,Male,,,,,,,,12.8,12.81541,,,,,WHO life table method: Other HIV countries
676,WHOSIS_000015,Life expectancy at age 60 (years),https://www.who.int/data/gho/indicator-metadata-registry/imr-details/2977,,,,PUBLISHED,Published,,2001.0,2001,,AFR,2001,2001,Africa,,NGA,Nigeria,,,,,MLE,Male,,,,,,,,12.8,12.76015,,,,,WHO life table method: Other HIV countries
677,WHOSIS_000015,Life expectancy at age 60 (years),https://www.who.int/data/gho/indicator-metadata-registry/imr-details/2977,,,,PUBLISHED,Published,,2002.0,2002,,AFR,2002,2002,Africa,,NGA,Nigeria,,,,,MLE,Male,,,,,,,,12.7,12.72192,,,,,WHO life table method: Other HIV countries
678,WHOSIS_000015,Life expectancy at age 60 (years),https://www.who.int/data/gho/indicator-metadata-registry/imr-details/2977,,,,PUBLISHED,Published,,2016.0,2016,,AFR,2016,2016,Africa,,NGA,Nigeria,,,,,MLE,Male,,,,,,,,13.7,13.67036,,,,,WHO life table method: Other HIV countries
679,WHOSIS_000015,Life expectancy at age 60 (years),https://www.who.int/data/gho/indicator-metadata-registry/imr-details/2977,,,,PUBLISHED,Published,,2000.0,2000,,AFR,2000,2000,Africa,,NGA,Nigeria,,,,,FMLE,Female,,,,,,,,13.2,13.24623,,,,,WHO life table method: Other HIV countries
680,WHOSIS_000015,Life expectancy at age 60 (years),https://www.who.int/data/gho/indicator-metadata-registry/imr-details/2977,,,,PUBLISHED,Published,,2001.0,2001,,AFR,2001,2001,Africa,,NGA,Nigeria,,,,,FMLE,Female,,,,,,,,13.2,13.16609,,,,,WHO life table method: Other HIV countries
681,WHOSIS_000015,Life expectancy at age 60 (years),https://www.who.int/data/gho/indicator-metadata-registry/imr-details/2977,,,,PUBLISHED,Published,,2014.0,2014,,AFR,2014,2014,Africa,,NGA,Nigeria,,,,,FMLE,Female,,,,,,,,14.0,14.02139,,,,,WHO life table method: Other HIV countries
682,WHOSIS_000015,Life expectancy at age 60 (years),https://www.who.int/data/gho/indicator-metadata-registry/imr-details/2977,,,,PUBLISHED,Published,,2015.0,2015,,AFR,2015,2015,Africa,,NGA,Nigeria,,,,,FMLE,Female,,,,,,,,14.1,14.10196,,,,,WHO life table method: Other HIV countries
683,WHOSIS_000015,Life expectancy at age 60 (years),https://www.who.int/data/gho/indicator-metadata-registry/imr-details/2977,,,,PUBLISHED,Published,,2016.0,2016,,AFR,2016,2016,Africa,,NGA,Nigeria,,,,,FMLE,Female,,,,,,,,14.2,14.18037,,,,,WHO life table method: Other HIV countries
684,WHOSIS_000015,Life expectancy at age 60 (years),https://www.who.int/data/gho/indicator-metadata-registry/imr-details/2977,,,,PUBLISHED,Published,,2000.0,2000,,AFR,2000,2000,Africa,,NGA,Nigeria,,,,,BTSX,Both sexes,,,,,,,,13.0,13.03923,,,,,WHO life table method: Other HIV countries
685,WHOSIS_000015,Life expectancy at age 60 (years),https://www.who.int/data/gho/indicator-metadata-registry/imr-details/2977,,,,PUBLISHED,Published,,2013.0,2013,,AFR,2013,2013,Africa,,NGA,Nigeria,,,,,BTSX,Both sexes,,,,,,,,13.7,13.71044,,,,,WHO life table method: Other HIV countries
686,WHOSIS_000015,Life expectancy at age 60 (years),https://www.who.int/data/gho/indicator-metadata-registry/imr-details/2977,,,,PUBLISHED,Published,,2014.0,2014,,AFR,2014,2014,Africa,,NGA,Nigeria,,,,,BTSX,Both sexes,,,,,,,,13.8,13.78640,,,,,WHO life table method: Other HIV countries
687,WHOSIS_000015,Life expectancy at age 60 (years),https://www.who.int/data/gho/indicator-metadata-registry/imr-details/2977,,,,PUBLISHED,Published,,2015.0,2015,,AFR,2015,2015,Africa,,NGA,Nigeria,,,,,BTSX,Both sexes,,,,,,,,13.9,13.86302,,,,,WHO life table method: Other HIV countries
688,WHOSIS_000015,Life expectancy at age 60 (years),https://www.who.int/data/gho/indicator-metadata-registry/imr-details/2977,,,,PUBLISHED,Published,,2016.0,2016,,AFR,2016,2016,Africa,,NGA,Nigeria,,,,,BTSX,Both sexes,,,,,,,,13.9,13.93325,,,,,WHO life table method: Other HIV countries
689,LIFE_0000000030,nqx - probability of dying between ages x and x+n,https://www.who.int/data/gho/indicator-metadata-registry/imr-details/30,,,,PUBLISHED,Published,,2000.0,2000,,AFR,2000,2000,Africa,,NGA,Nigeria,,AGELT1,<1 year,,MLE,Male,,,,,,,,0.121,0.12122,,,,,
690,LIFE_0000000031,lx - number of people left alive at age x,https://www.who.int/data/gho/indicator-metadata-registry/imr-details/31,,,,PUBLISHED,Published,,2000.0,2000,,AFR,2000,2000,Africa,,NGA,Nigeria,,AGELT1,<1 year,,MLE,Male,,,,,,,,100000,100000.00000,,,,,
691,LIFE_0000000032,ndx - number of people dying between ages x and x+n,https://www.who.int/data/gho/indicator-metadata-registry/imr-details/32,,,,PUBLISHED,Published,,2000.0,2000,,AFR,2000,2000,Africa,,NGA,Nigeria,,AGELT1,<1 year,,MLE,Male,,,,,,,,12122.2,12122.20000,,,,,
692,LIFE_0000000033,nLx - person-years lived between ages x and x+n,https://www.who.int/data/gho/indicator-metadata-registry/imr-details/33,,,,PUBLISHED,Published,,2000.0,2000,,AFR,2000,2000,Africa,,NGA,Nigeria,,AGELT1,<1 year,,MLE,Male,,,,,,,,91878.13,91878.13000,,,,,
693,LIFE_0000000032,ndx - number of people dying between ages x and x+n,https://www.who.int/data/gho/indicator-metadata-registry/imr-details/32,,,,PUBLISHED,Published,,2000.0,2000,,AFR,2000,2000,Africa,,NGA,Nigeria,,AGE5-9,5-9 years,,MLE,Male,,,,,,,,1884.148,1884.14800,,,,,
694,LIFE_0000000033,nLx - person-years lived between ages x and x+n,https://www.who.int/data/gho/indicator-metadata-registry/imr-details/33,,,,PUBLISHED,Published,,2000.0,2000,,AFR,2000,2000,Africa,,NGA,Nigeria,,AGE5-9,5-9 years,,MLE,Male,,,,,,,,398195.3,398195.30000,,,,,
695,LIFE_0000000034,Tx - person-years lived above age x,https://www.who.int/data/gho/indicator-metadata-registry/imr-details/34,,,,PUBLISHED,Published,,2000.0,2000,,AFR,2000,2000,Africa,,NGA,Nigeria,,AGE5-9,5-9 years,,MLE,Male,,,,,,,,4266457,4266457.00000,,,,,
696,LIFE_0000000035,ex - expectation of life at age x,https://www.who.int/data/gho/indicator-metadata-registry/imr-details/35,,,,PUBLISHED,Published,,2000.0,2000,,AFR,2000,2000,Africa,,NGA,Nigeria,,AGE5-9,5-9 years,,MLE,Male,,,,,,,,52.9,52.94610,,,,,
697,LIFE_0000000029,nMx - age-specific death rate between ages x and x+n,https://www.who.int/data/gho/indicator-metadata-registry/imr-details/29,,,,PUBLISHED,Published,,2000.0,2000,,AFR,2000,2000,Africa,,NGA,Nigeria,,AGE10-14,10-14 years,,MLE,Male,,,,,,,,0.002,0.00178,,,,,
698,LIFE_0000000035,ex - expectation of life at age x,https://www.who.int/data/gho/indicator-metadata-registry/imr-details/35,,,,PUBLISHED,Published,,2000.0,2000,,AFR,2000,2000,Africa,,NGA,Nigeria,,AGE15-19,15-19  years,,MLE,Male,,,,,,,,44.6,44.57144,,,,,
699,LIFE_0000000029,nMx - age-specific death rate between ages x and x+n,https://www.who.int/data/gho/indicator-metadata-registry/imr-details/29,,,,PUBLISHED,Published,,2000.0,2000,,AFR,2000,2000,Africa,,NGA,Nigeria,,AGE20-24,20-24 years,,MLE,Male,,,,,,,,0.007,0.00686,,,,,
700,LIFE_0000000030,nqx - probability of dying between ages x and x+n,https://www.who.int/data/gho/indicator-metadata-registry/imr-details/30,,,,PUBLISHED,Published,,2000.0,2000,,AFR,2000,2000,Africa,,NGA,Nigeria,,AGE20-24,20-24 years,,MLE,Male,,,,,,,,0.034,0.03371,,,,,
701,LIFE_0000000031,lx - number of people left alive at age x,https://www.who.int/data/gho/indicator-metadata-registry/imr-details/31,,,,PUBLISHED,Published,,2000.0,2000,,AFR,2000,2000,Africa,,NGA,Nigeria,,AGE20-24,20-24 years,,MLE,Male,,,,,,,,76365.25,76365.25000,,,,,
702,LIFE_0000000031,lx - number of people left alive at age x,https://www.who.int/data/gho/indicator-metadata-registry/imr-details/31,,,,PUBLISHED,Published,,2000.0,2000,,AFR,2000,2000,Africa,,NGA,Nigeria,,AGE30-34,30-34 years,,MLE,Male,,,,,,,,70869.98,70869.98000,,,,,
703,LIFE_0000000032,ndx - number of people dying between ages x and x+n,https://www.who.int/data/gho/indicator-metadata-registry/imr-details/32,,,,PUBLISHED,Published,,2000.0,2000,,AFR,2000,2000,Africa,,NGA,Nigeria,,AGE30-34,30-34 years,,MLE,Male,,,,,,,,3214.599,3214.59900,,,,,
704,LIFE_0000000033,nLx - person-years lived between ages x and x+n,https://www.who.int/data/gho/indicator-metadata-registry/imr-details/33,,,,PUBLISHED,Published,,2000.0,2000,,AFR,2000,2000,Africa,,NGA,Nigeria,,AGE30-34,30-34 years,,MLE,Male,,,,,,,,346358,346358.00000,,,,,
705,LIFE_0000000034,Tx - person-years lived above age x,https://www.who.int/data/gho/indicator-metadata-registry/imr-details/34,,,,PUBLISHED,Published,,2000.0,2000,,AFR,2000,2000,Africa,,NGA,Nigeria,,AGE30-34,30-34 years,,MLE,Male,,,,,,,,2353336,2353336.00000,,,,,
706,LIFE_0000000033,nLx - person-years lived between ages x and x+n,https://www.who.int/data/gho/indicator-metadata-registry/imr-details/33,,,,PUBLISHED,Published,,2000.0,2000,,AFR,2000,2000,Africa,,NGA,Nigeria,,AGE40-44,40-44 years,,MLE,Male,,,,,,,,310152.5,310152.50000,,,,,
707,LIFE_0000000034,Tx - person-years lived above age x,https://www.who.int/data/gho/indicator-metadata-registry/imr-details/34,,,,PUBLISHED,Published,,2000.0,2000,,AFR,2000,2000,Africa,,NGA,Nigeria,,AGE40-44,40-44 years,,MLE,Male,,,,,,,,1677716,1677716.00000,,,,,
708,LIFE_0000000035,ex - expectation of life at age x,https://www.who.int/data/gho/indicator-metadata-registry/imr-details/35,,,,PUBLISHED,Published,,2000.0,2000,,AFR,2000,2000,Africa,,NGA,Nigeria,,AGE40-44,40-44 years,,MLE,Male,,,,,,,,26.2,26.22173,,,,,
709,LIFE_0000000029,nMx - age-specific death rate between ages x and x+n,https://www.who.int/data/gho/indicator-metadata-registry/imr-details/29,,,,PUBLISHED,Published,,2000.0,2000,,AFR,2000,2000,Africa,,NGA,Nigeria,,AGE45-49,45-49 years,,MLE,Male,,,,,,,,0.015,0.01496,,,,,
710,LIFE_0000000030,nqx - probability of dying between ages x and x+n,https://www.who.int/data/gho/indicator-metadata-registry/imr-details/30,,,,PUBLISHED,Published,,2000.0,2000,,AFR,2000,2000,Africa,,NGA,Nigeria,,AGE45-49,45-49 years,,MLE,Male,,,,,,,,0.072,0.07216,,,,,
711,LIFE_0000000029,nMx - age-specific death rate between ages x and x+n,https://www.who.int/data/gho/indicator-metadata-registry/imr-details/29,,,,PUBLISHED,Published,,2000.0,2000,,AFR,2000,2000,Africa,,NGA,Nigeria,,AGE55-59,55-59 years,,MLE,Male,,,,,,,,0.025,0.02469,,,,,
712,LIFE_0000000030,nqx - probability of dying between ages x and x+n,https://www.who.int/data/gho/indicator-metadata-registry/imr-details/30,,,,PUBLISHED,Published,,2000.0,2000,,AFR,2000,2000,Africa,,NGA,Nigeria,,AGE55-59,55-59 years,,MLE,Male,,,,,,,,0.117,0.11652,,,,,
713,LIFE_0000000031,lx - number of people left alive at age x,https://www.who.int/data/gho/indicator-metadata-registry/imr-details/31,,,,PUBLISHED,Published,,2000.0,2000,,AFR,2000,2000,Africa,,NGA,Nigeria,,AGE55-59,55-59 years,,MLE,Male,,,,,,,,50618.98,50618.98000,,,,,
714,LIFE_0000000032,ndx - number of people dying between ages x and x+n,https://www.who.int/data/gho/indicator-metadata-registry/imr-details/32,,,,PUBLISHED,Published,,2000.0,2000,,AFR,2000,2000,Africa,,NGA,Nigeria,,AGE55-59,55-59 years,,MLE,Male,,,,,,,,5897.942,5897.94200,,,,,
715,LIFE_0000000032,ndx - number of people dying between ages x and x+n,https://www.who.int/data/gho/indicator-metadata-registry/imr-details/32,,,,PUBLISHED,Published,,2000.0,2000,,AFR,2000,2000,Africa,,NGA,Nigeria,,AGE65-69,65-69 years,,MLE,Male,,,,,,,,9276.519,9276.51900,,,,,
716,LIFE_0000000033,nLx - person-years lived between ages x and x+n,https://www.who.int/data/gho/indicator-metadata-registry/imr-details/33,,,,PUBLISHED,Published,,2000.0,2000,,AFR,2000,2000,Africa,,NGA,Nigeria,,AGE65-69,65-69 years,,MLE,Male,,,,,,,,161667.3,161667.30000,,,,,
717,LIFE_0000000034,Tx - person-years lived above age x,https://www.who.int/data/gho/indicator-metadata-registry/imr-details/34,,,,PUBLISHED,Published,,2000.0,2000,,AFR,2000,2000,Africa,,NGA,Nigeria,,AGE65-69,65-69 years,,MLE,Male,,,,,,,,368481,368481.00000,,,,,
718,LIFE_0000000035,ex - expectation of life at age x,https://www.who.int/data/gho/indicator-metadata-registry/imr-details/35,,,,PUBLISHED,Published,,2000.0,2000,,AFR,2000,2000,Africa,,NGA,Nigeria,,AGE65-69,65-69 years,,MLE,Male,,,,,,,,10,9.99713,,,,,
719,LIFE_0000000035,ex - expectation of life at age x,https://www.who.int/data/gho/indicator-metadata-registry/imr-details/35,,,,PUBLISHED,Published,,2000.0,2000,,AFR,2000,2000,Africa,,NGA,Nigeria,,AGE75-79,75-79 years,,MLE,Male,,,,,,,,5.5,5.45481,,,,,
720,LIFE_0000000029,nMx - age-specific death rate between ages x and x+n,https://www.who.int/data/gho/indicator-metadata-registry/imr-details/29,,,,PUBLISHED,Published,,2000.0,2000,,AFR,2000,2000,Africa,,NGA,Nigeria,,AGE80-84,80-84 years,,MLE,Male,,,,,,,,0.229,0.22853,,,,,
721,LIFE_0000000030,nqx - probability of dying between ages x and x+n,https://www.who.int/data/gho/indicator-metadata-registry/imr-details/30,,,,PUBLISHED,Published,,2000.0,2000,,AFR,2000,2000,Africa,,NGA,Nigeria,,AGE80-84,80-84 years,,MLE,Male,,,,,,,,0.697,0.69702,,,,,
722,LIFE_0000000031,lx - number of people left alive at age x,https://www.who.int/data/gho/indicator-metadata-registry/imr-details/31,,,,PUBLISHED,Published,,2000.0,2000,,AFR,2000,2000,Africa,,NGA,Nigeria,,AGE80-84,80-84 years,,MLE,Male,,,,,,,,8170.612,8170.61200,,,,,
723,LIFE_0000000030,nqx - probability of dying between ages x and x+n,https://www.who.int/data/gho/indicator-metadata-registry/imr-details/30,,,,PUBLISHED,Published,,2000.0,2000,,AFR,2000,2000,Africa,,NGA,Nigeria,,AGELT1,<1 year,,FMLE,Female,,,,,,,,0.107,0.10745,,,,,
724,LIFE_0000000031,lx - number of people left alive at age x,https://www.who.int/data/gho/indicator-metadata-registry/imr-details/31,,,,PUBLISHED,Published,,2000.0,2000,,AFR,2000,2000,Africa,,NGA,Nigeria,,AGELT1,<1 year,,FMLE,Female,,,,,,,,100000,100000.00000,,,,,
725,LIFE_0000000032,ndx - number of people dying between ages x and x+n,https://www.who.int/data/gho/indicator-metadata-registry/imr-details/32,,,,PUBLISHED,Published,,2000.0,2000,,AFR,2000,2000,Africa,,NGA,Nigeria,,AGELT1,<1 year,,FMLE,Female,,,,,,,,10744.9,10744.90000,,,,,
726,LIFE_0000000033,nLx - person-years lived between ages x and x+n,https://www.who.int/data/gho/indicator-metadata-registry/imr-details/33,,,,PUBLISHED,Published,,2000.0,2000,,AFR,2000,2000,Africa,,NGA,Nigeria,,AGELT1,<1 year,,FMLE,Female,,,,,,,,92996.61,92996.61000,,,,,
727,LIFE_0000000033,nLx - person-years lived between ages x and x+n,https://www.who.int/data/gho/indicator-metadata-registry/imr-details/33,,,,PUBLISHED,Published,,2000.0,2000,,AFR,2000,2000,Africa,,NGA,Nigeria,,AGE5-9,5-9 years,,FMLE,Female,,,,,,,,402269.1,402269.10000,,,,,
728,LIFE_0000000034,Tx - person-years lived above age x,https://www.who.int/data/gho/indicator-metadata-registry/imr-details/34,,,,PUBLISHED,Published,,2000.0,2000,,AFR,2000,2000,Africa,,NGA,Nigeria,,AGE5-9,5-9 years,,FMLE,Female,,,,,,,,4350052,4350052.00000,,,,,
729,LIFE_0000000035,ex - expectation of life at age x,https://www.who.int/data/gho/indicator-metadata-registry/imr-details/35,,,,PUBLISHED,Published,,2000.0,2000,,AFR,2000,2000,Africa,,NGA,Nigeria,,AGE5-9,5-9 years,,FMLE,Female,,,,,,,,53.3,53.30023,,,,,
730,LIFE_0000000029,nMx - age-specific death rate between ages x and x+n,https://www.who.int/data/gho/indicator-metadata-registry/imr-details/29,,,,PUBLISHED,Published,,2000.0,2000,,AFR,2000,2000,Africa,,NGA,Nigeria,,AGE10-14,10-14 years,,FMLE,Female,,,,,,,,0.002,0.00229,,,,,
731,LIFE_0000000029,nMx - age-specific death rate between ages x and x+n,https://www.who.int/data/gho/indicator-metadata-registry/imr-details/29,,,,PUBLISHED,Published,,2000.0,2000,,AFR,2000,2000,Africa,,NGA,Nigeria,,AGE20-24,20-24 years,,FMLE,Female,,,,,,,,0.007,0.00715,,,,,
732,LIFE_0000000030,nqx - probability of dying between ages x and x+n,https://www.who.int/data/gho/indicator-metadata-registry/imr-details/30,,,,PUBLISHED,Published,,2000.0,2000,,AFR,2000,2000,Africa,,NGA,Nigeria,,AGE20-24,20-24 years,,FMLE,Female,,,,,,,,0.035,0.03513,,,,,
733,LIFE_0000000031,lx - number of people left alive at age x,https://www.who.int/data/gho/indicator-metadata-registry/imr-details/31,,,,PUBLISHED,Published,,2000.0,2000,,AFR,2000,2000,Africa,,NGA,Nigeria,,AGE20-24,20-24 years,,FMLE,Female,,,,,,,,76382.2,76382.20000,,,,,
734,LIFE_0000000032,ndx - number of people dying between ages x and x+n,https://www.who.int/data/gho/indicator-metadata-registry/imr-details/32,,,,PUBLISHED,Published,,2000.0,2000,,AFR,2000,2000,Africa,,NGA,Nigeria,,AGE20-24,20-24 years,,FMLE,Female,,,,,,,,2683.219,2683.21900,,,,,
735,LIFE_0000000031,lx - number of people left alive at age x,https://www.who.int/data/gho/indicator-metadata-registry/imr-details/31,,,,PUBLISHED,Published,,2000.0,2000,,AFR,2000,2000,Africa,,NGA,Nigeria,,AGE30-34,30-34 years,,FMLE,Female,,,,,,,,70269.17,70269.17000,,,,,
736,LIFE_0000000032,ndx - number of people dying between ages x and x+n,https://www.who.int/data/gho/indicator-metadata-registry/imr-details/32,,,,PUBLISHED,Published,,2000.0,2000,,AFR,2000,2000,Africa,,NGA,Nigeria,,AGE30-34,30-34 years,,FMLE,Female,,,,,,,,3403.042,3403.04200,,,,,
737,LIFE_0000000033,nLx - person-years lived between ages x and x+n,https://www.who.int/data/gho/indicator-metadata-registry/imr-details/33,,,,PUBLISHED,Published,,2000.0,2000,,AFR,2000,2000,Africa,,NGA,Nigeria,,AGE30-34,30-34 years,,FMLE,Female,,,,,,,,342856.2,342856.20000,,,,,
738,LIFE_0000000034,Tx - person-years lived above age x,https://www.who.int/data/gho/indicator-metadata-registry/imr-details/34,,,,PUBLISHED,Published,,2000.0,2000,,AFR,2000,2000,Africa,,NGA,Nigeria,,AGE30-34,30-34 years,,FMLE,Female,,,,,,,,2431123,2431123.00000,,,,,
739,LIFE_0000000035,ex - expectation of life at age x,https://www.who.int/data/gho/indicator-metadata-registry/imr-details/35,,,,PUBLISHED,Published,,2000.0,2000,,AFR,2000,2000,Africa,,NGA,Nigeria,,AGE30-34,30-34 years,,FMLE,Female,,,,,,,,34.6,34.59729,,,,,
740,LIFE_0000000034,Tx - person-years lived above age x,https://www.who.int/data/gho/indicator-metadata-registry/imr-details/34,,,,PUBLISHED,Published,,2000.0,2000,,AFR,2000,2000,Africa,,NGA,Nigeria,,AGE40-44,40-44 years,,FMLE,Female,,,,,,,,1762593,1762593.00000,,,,,
741,LIFE_0000000035,ex - expectation of life at age x,https://www.who.int/data/gho/indicator-metadata-registry/imr-details/35,,,,PUBLISHED,Published,,2000.0,2000,,AFR,2000,2000,Africa,,NGA,Nigeria,,AGE40-44,40-44 years,,FMLE,Female,,,,,,,,27.8,27.80442,,,,,
742,LIFE_0000000029,nMx - age-specific death rate between ages x and x+n,https://www.who.int/data/gho/indicator-metadata-registry/imr-details/29,,,,PUBLISHED,Published,,2000.0,2000,,AFR,2000,2000,Africa,,NGA,Nigeria,,AGE45-49,45-49 years,,FMLE,Female,,,,,,,,0.011,0.01139,,,,,
743,LIFE_0000000030,nqx - probability of dying between ages x and x+n,https://www.who.int/data/gho/indicator-metadata-registry/imr-details/30,,,,PUBLISHED,Published,,2000.0,2000,,AFR,2000,2000,Africa,,NGA,Nigeria,,AGE45-49,45-49 years,,FMLE,Female,,,,,,,,0.055,0.05540,,,,,
744,LIFE_0000000030,nqx - probability of dying between ages x and x+n,https://www.who.int/data/gho/indicator-metadata-registry/imr-details/30,,,,PUBLISHED,Published,,2000.0,2000,,AFR,2000,2000,Africa,,NGA,Nigeria,,AGE55-59,55-59 years,,FMLE,Female,,,,,,,,0.092,0.09163,,,,,
745,LIFE_0000000031,lx - number of people left alive at age x,https://www.who.int/data/gho/indicator-metadata-registry/imr-details/31,,,,PUBLISHED,Published,,2000.0,2000,,AFR,2000,2000,Africa,,NGA,Nigeria,,AGE55-59,55-59 years,,FMLE,Female,,,,,,,,52780.22,52780.22000,,,,,
746,LIFE_0000000032,ndx - number of people dying between ages x and x+n,https://www.who.int/data/gho/indicator-metadata-registry/imr-details/32,,,,PUBLISHED,Published,,2000.0,2000,,AFR,2000,2000,Africa,,NGA,Nigeria,,AGE55-59,55-59 years,,FMLE,Female,,,,,,,,4835.997,4835.99700,,,,,
747,LIFE_0000000033,nLx - person-years lived between ages x and x+n,https://www.who.int/data/gho/indicator-metadata-registry/imr-details/33,,,,PUBLISHED,Published,,2000.0,2000,,AFR,2000,2000,Africa,,NGA,Nigeria,,AGE55-59,55-59 years,,FMLE,Female,,,,,,,,252432.7,252432.70000,,,,,
748,LIFE_0000000033,nLx - person-years lived between ages x and x+n,https://www.who.int/data/gho/indicator-metadata-registry/imr-details/33,,,,PUBLISHED,Published,,2000.0,2000,,AFR,2000,2000,Africa,,NGA,Nigeria,,AGE65-69,65-69 years,,FMLE,Female,,,,,,,,178806.4,178806.40000,,,,,
749,LIFE_0000000034,Tx - person-years lived above age x,https://www.who.int/data/gho/indicator-metadata-registry/imr-details/34,,,,PUBLISHED,Published,,2000.0,2000,,AFR,2000,2000,Africa,,NGA,Nigeria,,AGE65-69,65-69 years,,FMLE,Female,,,,,,,,413266.6,413266.60000,,,,,
750,LIFE_0000000035,ex - expectation of life at age x,https://www.who.int/data/gho/indicator-metadata-registry/imr-details/35,,,,PUBLISHED,Published,,2000.0,2000,,AFR,2000,2000,Africa,,NGA,Nigeria,,AGE65-69,65-69 years,,FMLE,Female,,,,,,,,10.2,10.23051,,,,,
751,LIFE_0000000029,nMx - age-specific death rate between ages x and x+n,https://www.who.int/data/gho/indicator-metadata-registry/imr-details/29,,,,PUBLISHED,Published,,2000.0,2000,,AFR,2000,2000,Africa,,NGA,Nigeria,,AGE70-74,70-74 years,,FMLE,Female,,,,,,,,0.089,0.08867,,,,,
752,LIFE_0000000035,ex - expectation of life at age x,https://www.who.int/data/gho/indicator-metadata-registry/imr-details/35,,,,PUBLISHED,Published,,2000.0,2000,,AFR,2000,2000,Africa,,NGA,Nigeria,,AGE75-79,75-79 years,,FMLE,Female,,,,,,,,5.5,5.52398,,,,,
753,LIFE_0000000029,nMx - age-specific death rate between ages x and x+n,https://www.who.int/data/gho/indicator-metadata-registry/imr-details/29,,,,PUBLISHED,Published,,2000.0,2000,,AFR,2000,2000,Africa,,NGA,Nigeria,,AGE80-84,80-84 years,,FMLE,Female,,,,,,,,0.227,0.22713,,,,,
754,LIFE_0000000030,nqx - probability of dying between ages x and x+n,https://www.who.int/data/gho/indicator-metadata-registry/imr-details/30,,,,PUBLISHED,Published,,2000.0,2000,,AFR,2000,2000,Africa,,NGA,Nigeria,,AGE80-84,80-84 years,,FMLE,Female,,,,,,,,0.695,0.69464,,,,,
755,LIFE_0000000031,lx - number of people left alive at age x,https://www.who.int/data/gho/indicator-metadata-registry/imr-details/31,,,,PUBLISHED,Published,,2000.0,2000,,AFR,2000,2000,Africa,,NGA,Nigeria,,AGE80-84,80-84 years,,FMLE,Female,,,,,,,,9379.559,9379.55900,,,,,
756,LIFE_0000000031,lx - number of people left alive at age x,https://www.who.int/data/gho/indicator-metadata-registry/imr-details/31,,,,PUBLISHED,Published,,2001.0,2001,,AFR,2001,2001,Africa,,NGA,Nigeria,,AGELT1,<1 year,,MLE,Male,,,,,,,,100000,100000.00000,,,,,
757,LIFE_0000000032,ndx - number of people dying between ages x and x+n,https://www.who.int/data/gho/indicator-metadata-registry/imr-details/32,,,,PUBLISHED,Published,,2001.0,2001,,AFR,2001,2001,Africa,,NGA,Nigeria,,AGELT1,<1 year,,MLE,Male,,,,,,,,11789.38,11789.38000,,,,,
758,LIFE_0000000033,nLx - person-years lived between ages x and x+n,https://www.who.int/data/gho/indicator-metadata-registry/imr-details/33,,,,PUBLISHED,Published,,2001.0,2001,,AFR,2001,2001,Africa,,NGA,Nigeria,,AGELT1,<1 year,,MLE,Male,,,,,,,,92101.12,92101.12000,,,,,
759,LIFE_0000000034,Tx - person-years lived above age x,https://www.who.int/data/gho/indicator-metadata-registry/imr-details/34,,,,PUBLISHED,Published,,2001.0,2001,,AFR,2001,2001,Africa,,NGA,Nigeria,,AGELT1,<1 year,,MLE,Male,,,,,,,,4718024,4718024.00000,,,,,
760,LIFE_0000000034,Tx - person-years lived above age x,https://www.who.int/data/gho/indicator-metadata-registry/imr-details/34,,,,PUBLISHED,Published,,2001.0,2001,,AFR,2001,2001,Africa,,NGA,Nigeria,,AGE5-9,5-9 years,,MLE,Male,,,,,,,,4291630,4291630.00000,,,,,
761,LIFE_0000000035,ex - expectation of life at age x,https://www.who.int/data/gho/indicator-metadata-registry/imr-details/35,,,,PUBLISHED,Published,,2001.0,2001,,AFR,2001,2001,Africa,,NGA,Nigeria,,AGE5-9,5-9 years,,MLE,Male,,,,,,,,52.8,52.84898,,,,,
762,LIFE_0000000029,nMx - age-specific death rate between ages x and x+n,https://www.who.int/data/gho/indicator-metadata-registry/imr-details/29,,,,PUBLISHED,Published,,2001.0,2001,,AFR,2001,2001,Africa,,NGA,Nigeria,,AGE10-14,10-14 years,,MLE,Male,,,,,,,,0.002,0.00176,,,,,
763,LIFE_0000000030,nqx - probability of dying between ages x and x+n,https://www.who.int/data/gho/indicator-metadata-registry/imr-details/30,,,,PUBLISHED,Published,,2001.0,2001,,AFR,2001,2001,Africa,,NGA,Nigeria,,AGE10-14,10-14 years,,MLE,Male,,,,,,,,0.009,0.00875,,,,,
764,LIFE_0000000029,nMx - age-specific death rate between ages x and x+n,https://www.who.int/data/gho/indicator-metadata-registry/imr-details/29,,,,PUBLISHED,Published,,2001.0,2001,,AFR,2001,2001,Africa,,NGA,Nigeria,,AGE20-24,20-24 years,,MLE,Male,,,,,,,,0.007,0.00682,,,,,
765,LIFE_0000000030,nqx - probability of dying between ages x and x+n,https://www.who.int/data/gho/indicator-metadata-registry/imr-details/30,,,,PUBLISHED,Published,,2001.0,2001,,AFR,2001,2001,Africa,,NGA,Nigeria,,AGE20-24,20-24 years,,MLE,Male,,,,,,,,0.034,0.03353,,,,,
766,LIFE_0000000031,lx - number of people left alive at age x,https://www.who.int/data/gho/indicator-metadata-registry/imr-details/31,,,,PUBLISHED,Published,,2001.0,2001,,AFR,2001,2001,Africa,,NGA,Nigeria,,AGE20-24,20-24 years,,MLE,Male,,,,,,,,77037.59,77037.59000,,,,,
767,LIFE_0000000032,ndx - number of people dying between ages x and x+n,https://www.who.int/data/gho/indicator-metadata-registry/imr-details/32,,,,PUBLISHED,Published,,2001.0,2001,,AFR,2001,2001,Africa,,NGA,Nigeria,,AGE20-24,20-24 years,,MLE,Male,,,,,,,,2583.217,2583.21700,,,,,
768,LIFE_0000000033,nLx - person-years lived between ages x and x+n,https://www.who.int/data/gho/indicator-metadata-registry/imr-details/33,,,,PUBLISHED,Published,,2001.0,2001,,AFR,2001,2001,Africa,,NGA,Nigeria,,AGE20-24,20-24 years,,MLE,Male,,,,,,,,378791.8,378791.80000,,,,,
769,LIFE_0000000032,ndx - number of people dying between ages x and x+n,https://www.who.int/data/gho/indicator-metadata-registry/imr-details/32,,,,PUBLISHED,Published,,2001.0,2001,,AFR,2001,2001,Africa,,NGA,Nigeria,,AGE30-34,30-34 years,,MLE,Male,,,,,,,,3302.999,3302.99900,,,,,
770,LIFE_0000000033,nLx - person-years lived between ages x and x+n,https://www.who.int/data/gho/indicator-metadata-registry/imr-details/33,,,,PUBLISHED,Published,,2001.0,2001,,AFR,2001,2001,Africa,,NGA,Nigeria,,AGE30-34,30-34 years,,MLE,Male,,,,,,,,349231.3,349231.30000,,,,,
771,LIFE_0000000034,Tx - person-years lived above age x,https://www.who.int/data/gho/indicator-metadata-registry/imr-details/34,,,,PUBLISHED,Published,,2001.0,2001,,AFR,2001,2001,Africa,,NGA,Nigeria,,AGE30-34,30-34 years,,MLE,Male,,,,,,,,2361974,2361974.00000,,,,,
772,LIFE_0000000035,ex - expectation of life at age x,https://www.who.int/data/gho/indicator-metadata-registry/imr-details/35,,,,PUBLISHED,Published,,2001.0,2001,,AFR,2001,2001,Africa,,NGA,Nigeria,,AGE30-34,30-34 years,,MLE,Male,,,,,,,,33,33.03973,,,,,
773,LIFE_0000000035,ex - expectation of life at age x,https://www.who.int/data/gho/indicator-metadata-registry/imr-details/35,,,,PUBLISHED,Published,,2001.0,2001,,AFR,2001,2001,Africa,,NGA,Nigeria,,AGE40-44,40-44 years,,MLE,Male,,,,,,,,26.1,26.10686,,,,,
774,LIFE_0000000029,nMx - age-specific death rate between ages x and x+n,https://www.who.int/data/gho/indicator-metadata-registry/imr-details/29,,,,PUBLISHED,Published,,2001.0,2001,,AFR,2001,2001,Africa,,NGA,Nigeria,,AGE45-49,45-49 years,,MLE,Male,,,,,,,,0.015,0.01520,,,,,
775,LIFE_0000000030,nqx - probability of dying between ages x and x+n,https://www.who.int/data/gho/indicator-metadata-registry/imr-details/30,,,,PUBLISHED,Published,,2001.0,2001,,AFR,2001,2001,Africa,,NGA,Nigeria,,AGE45-49,45-49 years,,MLE,Male,,,,,,,,0.073,0.07329,,,,,
776,LIFE_0000000031,lx - number of people left alive at age x,https://www.who.int/data/gho/indicator-metadata-registry/imr-details/31,,,,PUBLISHED,Published,,2001.0,2001,,AFR,2001,2001,Africa,,NGA,Nigeria,,AGE45-49,45-49 years,,MLE,Male,,,,,,,,60291.02,60291.02000,,,,,
777,LIFE_0000000031,lx - number of people left alive at age x,https://www.who.int/data/gho/indicator-metadata-registry/imr-details/31,,,,PUBLISHED,Published,,2001.0,2001,,AFR,2001,2001,Africa,,NGA,Nigeria,,AGE55-59,55-59 years,,MLE,Male,,,,,,,,50762.2,50762.20000,,,,,
778,LIFE_0000000032,ndx - number of people dying between ages x and x+n,https://www.who.int/data/gho/indicator-metadata-registry/imr-details/32,,,,PUBLISHED,Published,,2001.0,2001,,AFR,2001,2001,Africa,,NGA,Nigeria,,AGE55-59,55-59 years,,MLE,Male,,,,,,,,5942.311,5942.31100,,,,,
779,LIFE_0000000033,nLx - person-years lived between ages x and x+n,https://www.who.int/data/gho/indicator-metadata-registry/imr-details/33,,,,PUBLISHED,Published,,2001.0,2001,,AFR,2001,2001,Africa,,NGA,Nigeria,,AGE55-59,55-59 years,,MLE,Male,,,,,,,,239522.4,239522.40000,,,,,
780,LIFE_0000000034,Tx - person-years lived above age x,https://www.who.int/data/gho/indicator-metadata-registry/imr-details/34,,,,PUBLISHED,Published,,2001.0,2001,,AFR,2001,2001,Africa,,NGA,Nigeria,,AGE55-59,55-59 years,,MLE,Male,,,,,,,,811430.9,811430.90000,,,,,
781,LIFE_0000000033,nLx - person-years lived between ages x and x+n,https://www.who.int/data/gho/indicator-metadata-registry/imr-details/33,,,,PUBLISHED,Published,,2001.0,2001,,AFR,2001,2001,Africa,,NGA,Nigeria,,AGE65-69,65-69 years,,MLE,Male,,,,,,,,161575.8,161575.80000,,,,,
782,LIFE_0000000034,Tx - person-years lived above age x,https://www.who.int/data/gho/indicator-metadata-registry/imr-details/34,,,,PUBLISHED,Published,,2001.0,2001,,AFR,2001,2001,Africa,,NGA,Nigeria,,AGE65-69,65-69 years,,MLE,Male,,,,,,,,366970.1,366970.10000,,,,,
783,LIFE_0000000035,ex - expectation of life at age x,https://www.who.int/data/gho/indicator-metadata-registry/imr-details/35,,,,PUBLISHED,Published,,2001.0,2001,,AFR,2001,2001,Africa,,NGA,Nigeria,,AGE65-69,65-69 years,,MLE,Male,,,,,,,,10,9.95060,,,,,
784,LIFE_0000000029,nMx - age-specific death rate between ages x and x+n,https://www.who.int/data/gho/indicator-metadata-registry/imr-details/29,,,,PUBLISHED,Published,,2001.0,2001,,AFR,2001,2001,Africa,,NGA,Nigeria,,AGE70-74,70-74 years,,MLE,Male,,,,,,,,0.092,0.09208,,,,,
785,LIFE_0000000029,nMx - age-specific death rate between ages x and x+n,https://www.who.int/data/gho/indicator-metadata-registry/imr-details/29,,,,PUBLISHED,Published,,2001.0,2001,,AFR,2001,2001,Africa,,NGA,Nigeria,,AGE80-84,80-84 years,,MLE,Male,,,,,,,,0.23,0.22987,,,,,
786,LIFE_0000000030,nqx - probability of dying between ages x and x+n,https://www.who.int/data/gho/indicator-metadata-registry/imr-details/30,,,,PUBLISHED,Published,,2001.0,2001,,AFR,2001,2001,Africa,,NGA,Nigeria,,AGE80-84,80-84 years,,MLE,Male,,,,,,,,0.699,0.69929,,,,,
787,LIFE_0000000031,lx - number of people left alive at age x,https://www.who.int/data/gho/indicator-metadata-registry/imr-details/31,,,,PUBLISHED,Published,,2001.0,2001,,AFR,2001,2001,Africa,,NGA,Nigeria,,AGE80-84,80-84 years,,MLE,Male,,,,,,,,8077.133,8077.13300,,,,,
788,LIFE_0000000032,ndx - number of people dying between ages x and x+n,https://www.who.int/data/gho/indicator-metadata-registry/imr-details/32,,,,PUBLISHED,Published,,2001.0,2001,,AFR,2001,2001,Africa,,NGA,Nigeria,,AGE80-84,80-84 years,,MLE,Male,,,,,,,,5648.222,5648.22200,,,,,
789,LIFE_0000000032,ndx - number of people dying between ages x and x+n,https://www.who.int/data/gho/indicator-metadata-registry/imr-details/32,,,,PUBLISHED,Published,,2001.0,2001,,AFR,2001,2001,Africa,,NGA,Nigeria,,AGELT1,<1 year,,FMLE,Female,,,,,,,,10428.21,10428.21000,,,,,
790,LIFE_0000000033,nLx - person-years lived between ages x and x+n,https://www.who.int/data/gho/indicator-metadata-registry/imr-details/33,,,,PUBLISHED,Published,,2001.0,2001,,AFR,2001,2001,Africa,,NGA,Nigeria,,AGELT1,<1 year,,FMLE,Female,,,,,,,,93186.89,93186.89000,,,,,
791,LIFE_0000000034,Tx - person-years lived above age x,https://www.who.int/data/gho/indicator-metadata-registry/imr-details/34,,,,PUBLISHED,Published,,2001.0,2001,,AFR,2001,2001,Africa,,NGA,Nigeria,,AGELT1,<1 year,,FMLE,Female,,,,,,,,4802101,4802101.00000,,,,,
792,LIFE_0000000035,ex - expectation of life at age x,https://www.who.int/data/gho/indicator-metadata-registry/imr-details/35,,,,PUBLISHED,Published,,2001.0,2001,,AFR,2001,2001,Africa,,NGA,Nigeria,,AGELT1,<1 year,,FMLE,Female,,,,,,,,48,48.02100,,,,,
793,LIFE_0000000034,Tx - person-years lived above age x,https://www.who.int/data/gho/indicator-metadata-registry/imr-details/34,,,,PUBLISHED,Published,,2001.0,2001,,AFR,2001,2001,Africa,,NGA,Nigeria,,AGE5-9,5-9 years,,FMLE,Female,,,,,,,,4370016,4370016.00000,,,,,
794,LIFE_0000000035,ex - expectation of life at age x,https://www.who.int/data/gho/indicator-metadata-registry/imr-details/35,,,,PUBLISHED,Published,,2001.0,2001,,AFR,2001,2001,Africa,,NGA,Nigeria,,AGE5-9,5-9 years,,FMLE,Female,,,,,,,,53.2,53.15107,,,,,
795,LIFE_0000000029,nMx - age-specific death rate between ages x and x+n,https://www.who.int/data/gho/indicator-metadata-registry/imr-details/29,,,,PUBLISHED,Published,,2001.0,2001,,AFR,2001,2001,Africa,,NGA,Nigeria,,AGE10-14,10-14 years,,FMLE,Female,,,,,,,,0.002,0.00226,,,,,
796,LIFE_0000000030,nqx - probability of dying between ages x and x+n,https://www.who.int/data/gho/indicator-metadata-registry/imr-details/30,,,,PUBLISHED,Published,,2001.0,2001,,AFR,2001,2001,Africa,,NGA,Nigeria,,AGE10-14,10-14 years,,FMLE,Female,,,,,,,,0.011,0.01124,,,,,
797,LIFE_0000000031,lx - number of people left alive at age x,https://www.who.int/data/gho/indicator-metadata-registry/imr-details/31,,,,PUBLISHED,Published,,2001.0,2001,,AFR,2001,2001,Africa,,NGA,Nigeria,,AGE10-14,10-14 years,,FMLE,Female,,,,,,,,79949.7,79949.70000,,,,,
798,LIFE_0000000030,nqx - probability of dying between ages x and x+n,https://www.who.int/data/gho/indicator-metadata-registry/imr-details/30,,,,PUBLISHED,Published,,2001.0,2001,,AFR,2001,2001,Africa,,NGA,Nigeria,,AGE20-24,20-24 years,,FMLE,Female,,,,,,,,0.035,0.03506,,,,,
799,LIFE_0000000031,lx - number of people left alive at age x,https://www.who.int/data/gho/indicator-metadata-registry/imr-details/31,,,,PUBLISHED,Published,,2001.0,2001,,AFR,2001,2001,Africa,,NGA,Nigeria,,AGE20-24,20-24 years,,FMLE,Female,,,,,,,,77032.1,77032.10000,,,,,
800,LIFE_0000000032,ndx - number of people dying between ages x and x+n,https://www.who.int/data/gho/indicator-metadata-registry/imr-details/32,,,,PUBLISHED,Published,,2001.0,2001,,AFR,2001,2001,Africa,,NGA,Nigeria,,AGE20-24,20-24 years,,FMLE,Female,,,,,,,,2700.635,2700.63500,,,,,
801,LIFE_0000000033,nLx - person-years lived between ages x and x+n,https://www.who.int/data/gho/indicator-metadata-registry/imr-details/33,,,,PUBLISHED,Published,,2001.0,2001,,AFR,2001,2001,Africa,,NGA,Nigeria,,AGE20-24,20-24 years,,FMLE,Female,,,,,,,,378542.8,378542.80000,,,,,
802,LIFE_0000000033,nLx - person-years lived between ages x and x+n,https://www.who.int/data/gho/indicator-metadata-registry/imr-details/33,,,,PUBLISHED,Published,,2001.0,2001,,AFR,2001,2001,Africa,,NGA,Nigeria,,AGE30-34,30-34 years,,FMLE,Female,,,,,,,,345281.8,345281.80000,,,,,
803,LIFE_0000000034,Tx - person-years lived above age x,https://www.who.int/data/gho/indicator-metadata-registry/imr-details/34,,,,PUBLISHED,Published,,2001.0,2001,,AFR,2001,2001,Africa,,NGA,Nigeria,,AGE30-34,30-34 years,,FMLE,Female,,,,,,,,2435185,2435185.00000,,,,,
804,LIFE_0000000035,ex - expectation of life at age x,https://www.who.int/data/gho/indicator-metadata-registry/imr-details/35,,,,PUBLISHED,Published,,2001.0,2001,,AFR,2001,2001,Africa,,NGA,Nigeria,,AGE30-34,30-34 years,,FMLE,Female,,,,,,,,34.4,34.38252,,,,,
805,LIFE_0000000029,nMx - age-specific death rate between ages x and x+n,https://www.who.int/data/gho/indicator-metadata-registry/imr-details/29,,,,PUBLISHED,Published,,2001.0,2001,,AFR,2001,2001,Africa,,NGA,Nigeria,,AGE35-39,35-39 years,,FMLE,Female,,,,,,,,0.011,0.01101,,,,,
806,LIFE_0000000029,nMx - age-specific death rate between ages x and x+n,https://www.who.int/data/gho/indicator-metadata-registry/imr-details/29,,,,PUBLISHED,Published,,2001.0,2001,,AFR,2001,2001,Africa,,NGA,Nigeria,,AGE45-49,45-49 years,,FMLE,Female,,,,,,,,0.012,0.01157,,,,,
807,LIFE_0000000030,nqx - probability of dying between ages x and x+n,https://www.who.int/data/gho/indicator-metadata-registry/imr-details/30,,,,PUBLISHED,Published,,2001.0,2001,,AFR,2001,2001,Africa,,NGA,Nigeria,,AGE45-49,45-49 years,,FMLE,Female,,,,,,,,0.056,0.05624,,,,,
808,LIFE_0000000031,lx - number of people left alive at age x,https://www.who.int/data/gho/indicator-metadata-registry/imr-details/31,,,,PUBLISHED,Published,,2001.0,2001,,AFR,2001,2001,Africa,,NGA,Nigeria,,AGE45-49,45-49 years,,FMLE,Female,,,,,,,,60263.49,60263.49000,,,,,
809,LIFE_0000000032,ndx - number of people dying between ages x and x+n,https://www.who.int/data/gho/indicator-metadata-registry/imr-details/32,,,,PUBLISHED,Published,,2001.0,2001,,AFR,2001,2001,Africa,,NGA,Nigeria,,AGE45-49,45-49 years,,FMLE,Female,,,,,,,,3389.122,3389.12200,,,,,
810,LIFE_0000000031,lx - number of people left alive at age x,https://www.who.int/data/gho/indicator-metadata-registry/imr-details/31,,,,PUBLISHED,Published,,2001.0,2001,,AFR,2001,2001,Africa,,NGA,Nigeria,,AGE55-59,55-59 years,,FMLE,Female,,,,,,,,52868.2,52868.20000,,,,,
811,LIFE_0000000032,ndx - number of people dying between ages x and x+n,https://www.who.int/data/gho/indicator-metadata-registry/imr-details/32,,,,PUBLISHED,Published,,2001.0,2001,,AFR,2001,2001,Africa,,NGA,Nigeria,,AGE55-59,55-59 years,,FMLE,Female,,,,,,,,4863.237,4863.23700,,,,,
812,LIFE_0000000033,nLx - person-years lived between ages x and x+n,https://www.who.int/data/gho/indicator-metadata-registry/imr-details/33,,,,PUBLISHED,Published,,2001.0,2001,,AFR,2001,2001,Africa,,NGA,Nigeria,,AGE55-59,55-59 years,,FMLE,Female,,,,,,,,252805.8,252805.80000,,,,,
813,LIFE_0000000034,Tx - person-years lived above age x,https://www.who.int/data/gho/indicator-metadata-registry/imr-details/34,,,,PUBLISHED,Published,,2001.0,2001,,AFR,2001,2001,Africa,,NGA,Nigeria,,AGE55-59,55-59 years,,FMLE,Female,,,,,,,,884843.5,884843.50000,,,,,
814,LIFE_0000000034,Tx - person-years lived above age x,https://www.who.int/data/gho/indicator-metadata-registry/imr-details/34,,,,PUBLISHED,Published,,2001.0,2001,,AFR,2001,2001,Africa,,NGA,Nigeria,,AGE65-69,65-69 years,,FMLE,Female,,,,,,,,410169.4,410169.40000,,,,,
815,LIFE_0000000035,ex - expectation of life at age x,https://www.who.int/data/gho/indicator-metadata-registry/imr-details/35,,,,PUBLISHED,Published,,2001.0,2001,,AFR,2001,2001,Africa,,NGA,Nigeria,,AGE65-69,65-69 years,,FMLE,Female,,,,,,,,10.2,10.16433,,,,,
816,LIFE_0000000029,nMx - age-specific death rate between ages x and x+n,https://www.who.int/data/gho/indicator-metadata-registry/imr-details/29,,,,PUBLISHED,Published,,2001.0,2001,,AFR,2001,2001,Africa,,NGA,Nigeria,,AGE70-74,70-74 years,,FMLE,Female,,,,,,,,0.09,0.08968,,,,,
817,LIFE_0000000030,nqx - probability of dying between ages x and x+n,https://www.who.int/data/gho/indicator-metadata-registry/imr-details/30,,,,PUBLISHED,Published,,2001.0,2001,,AFR,2001,2001,Africa,,NGA,Nigeria,,AGE70-74,70-74 years,,FMLE,Female,,,,,,,,0.367,0.36678,,,,,
818,LIFE_0000000030,nqx - probability of dying between ages x and x+n,https://www.who.int/data/gho/indicator-metadata-registry/imr-details/30,,,,PUBLISHED,Published,,2001.0,2001,,AFR,2001,2001,Africa,,NGA,Nigeria,,AGE80-84,80-84 years,,FMLE,Female,,,,,,,,0.698,0.69804,,,,,
819,LIFE_0000000031,lx - number of people left alive at age x,https://www.who.int/data/gho/indicator-metadata-registry/imr-details/31,,,,PUBLISHED,Published,,2001.0,2001,,AFR,2001,2001,Africa,,NGA,Nigeria,,AGE80-84,80-84 years,,FMLE,Female,,,,,,,,9215.772,9215.77200,,,,,
820,LIFE_0000000032,ndx - number of people dying between ages x and x+n,https://www.who.int/data/gho/indicator-metadata-registry/imr-details/32,,,,PUBLISHED,Published,,2001.0,2001,,AFR,2001,2001,Africa,,NGA,Nigeria,,AGE80-84,80-84 years,,FMLE,Female,,,,,,,,6432.966,6432.96600,,,,,
821,LIFE_0000000033,nLx - person-years lived between ages x and x+n,https://www.who.int/data/gho/indicator-metadata-registry/imr-details/33,,,,PUBLISHED,Published,,2001.0,2001,,AFR,2001,2001,Africa,,NGA,Nigeria,,AGE80-84,80-84 years,,FMLE,Female,,,,,,,,28072.17,28072.17000,,,,,
822,LIFE_0000000032,ndx - number of people dying between ages x and x+n,https://www.who.int/data/gho/indicator-metadata-registry/imr-details/32,,,,PUBLISHED,Published,,2002.0,2002,,AFR,2002,2002,Africa,,NGA,Nigeria,,AGELT1,<1 year,,MLE,Male,,,,,,,,11440.61,11440.61000,,,,,
823,LIFE_0000000033,nLx - person-years lived between ages x and x+n,https://www.who.int/data/gho/indicator-metadata-registry/imr-details/33,,,,PUBLISHED,Published,,2002.0,2002,,AFR,2002,2002,Africa,,NGA,Nigeria,,AGELT1,<1 year,,MLE,Male,,,,,,,,92334.79,92334.79000,,,,,
824,LIFE_0000000034,Tx - person-years lived above age x,https://www.who.int/data/gho/indicator-metadata-registry/imr-details/34,,,,PUBLISHED,Published,,2002.0,2002,,AFR,2002,2002,Africa,,NGA,Nigeria,,AGELT1,<1 year,,MLE,Male,,,,,,,,4752996,4752996.00000,,,,,
825,LIFE_0000000035,ex - expectation of life at age x,https://www.who.int/data/gho/indicator-metadata-registry/imr-details/35,,,,PUBLISHED,Published,,2002.0,2002,,AFR,2002,2002,Africa,,NGA,Nigeria,,AGELT1,<1 year,,MLE,Male,,,,,,,,47.5,47.52996,,,,,
826,LIFE_0000000029,nMx - age-specific death rate between ages x and x+n,https://www.who.int/data/gho/indicator-metadata-registry/imr-details/29,,,,PUBLISHED,Published,,2002.0,2002,,AFR,2002,2002,Africa,,NGA,Nigeria,,AGE1-4,1-4 years,,MLE,Male,,,,,,,,0.02,0.02001,,,,,
827,LIFE_0000000035,ex - expectation of life at age x,https://www.who.int/data/gho/indicator-metadata-registry/imr-details/35,,,,PUBLISHED,Published,,2002.0,2002,,AFR,2002,2002,Africa,,NGA,Nigeria,,AGE5-9,5-9 years,,MLE,Male,,,,,,,,52.8,52.84493,,,,,
828,LIFE_0000000029,nMx - age-specific death rate between ages x and x+n,https://www.who.int/data/gho/indicator-metadata-registry/imr-details/29,,,,PUBLISHED,Published,,2002.0,2002,,AFR,2002,2002,Africa,,NGA,Nigeria,,AGE10-14,10-14 years,,MLE,Male,,,,,,,,0.002,0.00172,,,,,
829,LIFE_0000000030,nqx - probability of dying between ages x and x+n,https://www.who.int/data/gho/indicator-metadata-registry/imr-details/30,,,,PUBLISHED,Published,,2002.0,2002,,AFR,2002,2002,Africa,,NGA,Nigeria,,AGE10-14,10-14 years,,MLE,Male,,,,,,,,0.009,0.00855,,,,,
830,LIFE_0000000031,lx - number of people left alive at age x,https://www.who.int/data/gho/indicator-metadata-registry/imr-details/31,,,,PUBLISHED,Published,,2002.0,2002,,AFR,2002,2002,Africa,,NGA,Nigeria,,AGE10-14,10-14 years,,MLE,Male,,,,,,,,80041.77,80041.77000,,,,,
831,LIFE_0000000031,lx - number of people left alive at age x,https://www.who.int/data/gho/indicator-metadata-registry/imr-details/31,,,,PUBLISHED,Published,,2002.0,2002,,AFR,2002,2002,Africa,,NGA,Nigeria,,AGE20-24,20-24 years,,MLE,Male,,,,,,,,77731.45,77731.45000,,,,,
832,LIFE_0000000032,ndx - number of people dying between ages x and x+n,https://www.who.int/data/gho/indicator-metadata-registry/imr-details/32,,,,PUBLISHED,Published,,2002.0,2002,,AFR,2002,2002,Africa,,NGA,Nigeria,,AGE20-24,20-24 years,,MLE,Male,,,,,,,,2560.513,2560.51300,,,,,
833,LIFE_0000000033,nLx - person-years lived between ages x and x+n,https://www.who.int/data/gho/indicator-metadata-registry/imr-details/33,,,,PUBLISHED,Published,,2002.0,2002,,AFR,2002,2002,Africa,,NGA,Nigeria,,AGE20-24,20-24 years,,MLE,Male,,,,,,,,382315.1,382315.10000,,,,,
834,LIFE_0000000034,Tx - person-years lived above age x,https://www.who.int/data/gho/indicator-metadata-registry/imr-details/34,,,,PUBLISHED,Published,,2002.0,2002,,AFR,2002,2002,Africa,,NGA,Nigeria,,AGE20-24,20-24 years,,MLE,Male,,,,,,,,3128198,3128198.00000,,,,,
835,LIFE_0000000034,Tx - person-years lived above age x,https://www.who.int/data/gho/indicator-metadata-registry/imr-details/34,,,,PUBLISHED,Published,,2002.0,2002,,AFR,2002,2002,Africa,,NGA,Nigeria,,AGE30-34,30-34 years,,MLE,Male,,,,,,,,2377464,2377464.00000,,,,,
836,LIFE_0000000035,ex - expectation of life at age x,https://www.who.int/data/gho/indicator-metadata-registry/imr-details/35,,,,PUBLISHED,Published,,2002.0,2002,,AFR,2002,2002,Africa,,NGA,Nigeria,,AGE30-34,30-34 years,,MLE,Male,,,,,,,,32.9,32.93318,,,,,
837,LIFE_0000000029,nMx - age-specific death rate between ages x and x+n,https://www.who.int/data/gho/indicator-metadata-registry/imr-details/29,,,,PUBLISHED,Published,,2002.0,2002,,AFR,2002,2002,Africa,,NGA,Nigeria,,AGE35-39,35-39 years,,MLE,Male,,,,,,,,0.012,0.01163,,,,,
838,LIFE_0000000030,nqx - probability of dying between ages x and x+n,https://www.who.int/data/gho/indicator-metadata-registry/imr-details/30,,,,PUBLISHED,Published,,2002.0,2002,,AFR,2002,2002,Africa,,NGA,Nigeria,,AGE35-39,35-39 years,,MLE,Male,,,,,,,,0.057,0.05652,,,,,
839,LIFE_0000000029,nMx - age-specific death rate between ages x and x+n,https://www.who.int/data/gho/indicator-metadata-registry/imr-details/29,,,,PUBLISHED,Published,,2002.0,2002,,AFR,2002,2002,Africa,,NGA,Nigeria,,AGE45-49,45-49 years,,MLE,Male,,,,,,,,0.015,0.01536,,,,,
840,LIFE_0000000030,nqx - probability of dying between ages x and x+n,https://www.who.int/data/gho/indicator-metadata-registry/imr-details/30,,,,PUBLISHED,Published,,2002.0,2002,,AFR,2002,2002,Africa,,NGA,Nigeria,,AGE45-49,45-49 years,,MLE,Male,,,,,,,,0.074,0.07402,,,,,
841,LIFE_0000000031,lx - number of people left alive at age x,https://www.who.int/data/gho/indicator-metadata-registry/imr-details/31,,,,PUBLISHED,Published,,2002.0,2002,,AFR,2002,2002,Africa,,NGA,Nigeria,,AGE45-49,45-49 years,,MLE,Male,,,,,,,,60741.18,60741.18000,,,,,
842,LIFE_0000000032,ndx - number of people dying between ages x and x+n,https://www.who.int/data/gho/indicator-metadata-registry/imr-details/32,,,,PUBLISHED,Published,,2002.0,2002,,AFR,2002,2002,Africa,,NGA,Nigeria,,AGE45-49,45-49 years,,MLE,Male,,,,,,,,4496.162,4496.16200,,,,,
843,LIFE_0000000032,ndx - number of people dying between ages x and x+n,https://www.who.int/data/gho/indicator-metadata-registry/imr-details/32,,,,PUBLISHED,Published,,2002.0,2002,,AFR,2002,2002,Africa,,NGA,Nigeria,,AGE55-59,55-59 years,,MLE,Male,,,,,,,,5986.954,5986.95400,,,,,
844,LIFE_0000000033,nLx - person-years lived between ages x and x+n,https://www.who.int/data/gho/indicator-metadata-registry/imr-details/33,,,,PUBLISHED,Published,,2002.0,2002,,AFR,2002,2002,Africa,,NGA,Nigeria,,AGE55-59,55-59 years,,MLE,Male,,,,,,,,240915.8,240915.80000,,,,,
845,LIFE_0000000034,Tx - person-years lived above age x,https://www.who.int/data/gho/indicator-metadata-registry/imr-details/34,,,,PUBLISHED,Published,,2002.0,2002,,AFR,2002,2002,Africa,,NGA,Nigeria,,AGE55-59,55-59 years,,MLE,Male,,,,,,,,814365.8,814365.80000,,,,,
846,LIFE_0000000035,ex - expectation of life at age x,https://www.who.int/data/gho/indicator-metadata-registry/imr-details/35,,,,PUBLISHED,Published,,2002.0,2002,,AFR,2002,2002,Africa,,NGA,Nigeria,,AGE55-59,55-59 years,,MLE,Male,,,,,,,,15.9,15.94835,,,,,
847,LIFE_0000000035,ex - expectation of life at age x,https://www.who.int/data/gho/indicator-metadata-registry/imr-details/35,,,,PUBLISHED,Published,,2002.0,2002,,AFR,2002,2002,Africa,,NGA,Nigeria,,AGE65-69,65-69 years,,MLE,Male,,,,,,,,9.9,9.91919,,,,,
848,LIFE_0000000029,nMx - age-specific death rate between ages x and x+n,https://www.who.int/data/gho/indicator-metadata-registry/imr-details/29,,,,PUBLISHED,Published,,2002.0,2002,,AFR,2002,2002,Africa,,NGA,Nigeria,,AGE70-74,70-74 years,,MLE,Male,,,,,,,,0.093,0.09259,,,,,
849,LIFE_0000000030,nqx - probability of dying between ages x and x+n,https://www.who.int/data/gho/indicator-metadata-registry/imr-details/30,,,,PUBLISHED,Published,,2002.0,2002,,AFR,2002,2002,Africa,,NGA,Nigeria,,AGE70-74,70-74 years,,MLE,Male,,,,,,,,0.376,0.37599,,,,,
850,LIFE_0000000031,lx - number of people left alive at age x,https://www.who.int/data/gho/indicator-metadata-registry/imr-details/31,,,,PUBLISHED,Published,,2002.0,2002,,AFR,2002,2002,Africa,,NGA,Nigeria,,AGE70-74,70-74 years,,MLE,Male,,,,,,,,27600.24,27600.24000,,,,,
851,LIFE_0000000030,nqx - probability of dying between ages x and x+n,https://www.who.int/data/gho/indicator-metadata-registry/imr-details/30,,,,PUBLISHED,Published,,2002.0,2002,,AFR,2002,2002,Africa,,NGA,Nigeria,,AGE80-84,80-84 years,,MLE,Male,,,,,,,,0.701,0.70080,,,,,
852,LIFE_0000000031,lx - number of people left alive at age x,https://www.who.int/data/gho/indicator-metadata-registry/imr-details/31,,,,PUBLISHED,Published,,2002.0,2002,,AFR,2002,2002,Africa,,NGA,Nigeria,,AGE80-84,80-84 years,,MLE,Male,,,,,,,,8047.314,8047.31400,,,,,
853,LIFE_0000000032,ndx - number of people dying between ages x and x+n,https://www.who.int/data/gho/indicator-metadata-registry/imr-details/32,,,,PUBLISHED,Published,,2002.0,2002,,AFR,2002,2002,Africa,,NGA,Nigeria,,AGE80-84,80-84 years,,MLE,Male,,,,,,,,5639.566,5639.56600,,,,,
854,LIFE_0000000033,nLx - person-years lived between ages x and x+n,https://www.who.int/data/gho/indicator-metadata-registry/imr-details/33,,,,PUBLISHED,Published,,2002.0,2002,,AFR,2002,2002,Africa,,NGA,Nigeria,,AGE80-84,80-84 years,,MLE,Male,,,,,,,,24438.59,24438.59000,,,,,
855,LIFE_0000000034,Tx - person-years lived above age x,https://www.who.int/data/gho/indicator-metadata-registry/imr-details/34,,,,PUBLISHED,Published,,2002.0,2002,,AFR,2002,2002,Africa,,NGA,Nigeria,,AGE80-84,80-84 years,,MLE,Male,,,,,,,,31077.09,31077.09000,,,,,
856,LIFE_0000000033,nLx - person-years lived between ages x and x+n,https://www.who.int/data/gho/indicator-metadata-registry/imr-details/33,,,,PUBLISHED,Published,,2002.0,2002,,AFR,2002,2002,Africa,,NGA,Nigeria,,AGELT1,<1 year,,FMLE,Female,,,,,,,,93378.32,93378.32000,,,,,
857,LIFE_0000000034,Tx - person-years lived above age x,https://www.who.int/data/gho/indicator-metadata-registry/imr-details/34,,,,PUBLISHED,Published,,2002.0,2002,,AFR,2002,2002,Africa,,NGA,Nigeria,,AGELT1,<1 year,,FMLE,Female,,,,,,,,4827587,4827587.00000,,,,,
858,LIFE_0000000035,ex - expectation of life at age x,https://www.who.int/data/gho/indicator-metadata-registry/imr-details/35,,,,PUBLISHED,Published,,2002.0,2002,,AFR,2002,2002,Africa,,NGA,Nigeria,,AGELT1,<1 year,,FMLE,Female,,,,,,,,48.3,48.27586,,,,,
859,LIFE_0000000029,nMx - age-specific death rate between ages x and x+n,https://www.who.int/data/gho/indicator-metadata-registry/imr-details/29,,,,PUBLISHED,Published,,2002.0,2002,,AFR,2002,2002,Africa,,NGA,Nigeria,,AGE1-4,1-4 years,,FMLE,Female,,,,,,,,0.021,0.02081,,,,,
860,LIFE_0000000029,nMx - age-specific death rate between ages x and x+n,https://www.who.int/data/gho/indicator-metadata-registry/imr-details/29,,,,PUBLISHED,Published,,2002.0,2002,,AFR,2002,2002,Africa,,NGA,Nigeria,,AGE10-14,10-14 years,,FMLE,Female,,,,,,,,0.002,0.00222,,,,,
861,LIFE_0000000030,nqx - probability of dying between ages x and x+n,https://www.who.int/data/gho/indicator-metadata-registry/imr-details/30,,,,PUBLISHED,Published,,2002.0,2002,,AFR,2002,2002,Africa,,NGA,Nigeria,,AGE10-14,10-14 years,,FMLE,Female,,,,,,,,0.011,0.01106,,,,,
862,LIFE_0000000031,lx - number of people left alive at age x,https://www.who.int/data/gho/indicator-metadata-registry/imr-details/31,,,,PUBLISHED,Published,,2002.0,2002,,AFR,2002,2002,Africa,,NGA,Nigeria,,AGE10-14,10-14 years,,FMLE,Female,,,,,,,,80577.7,80577.70000,,,,,
863,LIFE_0000000032,ndx - number of people dying between ages x and x+n,https://www.who.int/data/gho/indicator-metadata-registry/imr-details/32,,,,PUBLISHED,Published,,2002.0,2002,,AFR,2002,2002,Africa,,NGA,Nigeria,,AGE10-14,10-14 years,,FMLE,Female,,,,,,,,891.433,891.43280,,,,,
864,LIFE_0000000032,ndx - number of people dying between ages x and x+n,https://www.who.int/data/gho/indicator-metadata-registry/imr-details/32,,,,PUBLISHED,Published,,2002.0,2002,,AFR,2002,2002,Africa,,NGA,Nigeria,,AGE20-24,20-24 years,,FMLE,Female,,,,,,,,2702.243,2702.24300,,,,,
865,LIFE_0000000033,nLx - person-years lived between ages x and x+n,https://www.who.int/data/gho/indicator-metadata-registry/imr-details/33,,,,PUBLISHED,Published,,2002.0,2002,,AFR,2002,2002,Africa,,NGA,Nigeria,,AGE20-24,20-24 years,,FMLE,Female,,,,,,,,381703.3,381703.30000,,,,,
866,LIFE_0000000034,Tx - person-years lived above age x,https://www.who.int/data/gho/indicator-metadata-registry/imr-details/34,,,,PUBLISHED,Published,,2002.0,2002,,AFR,2002,2002,Africa,,NGA,Nigeria,,AGE20-24,20-24 years,,FMLE,Female,,,,,,,,3190606,3190606.00000,,,,,
867,LIFE_0000000035,ex - expectation of life at age x,https://www.who.int/data/gho/indicator-metadata-registry/imr-details/35,,,,PUBLISHED,Published,,2002.0,2002,,AFR,2002,2002,Africa,,NGA,Nigeria,,AGE20-24,20-24 years,,FMLE,Female,,,,,,,,41.1,41.08159,,,,,
868,LIFE_0000000034,Tx - person-years lived above age x,https://www.who.int/data/gho/indicator-metadata-registry/imr-details/34,,,,PUBLISHED,Published,,2002.0,2002,,AFR,2002,2002,Africa,,NGA,Nigeria,,AGE30-34,30-34 years,,FMLE,Female,,,,,,,,2442959,2442959.00000,,,,,
869,LIFE_0000000035,ex - expectation of life at age x,https://www.who.int/data/gho/indicator-metadata-registry/imr-details/35,,,,PUBLISHED,Published,,2002.0,2002,,AFR,2002,2002,Africa,,NGA,Nigeria,,AGE30-34,30-34 years,,FMLE,Female,,,,,,,,34.2,34.21356,,,,,
870,LIFE_0000000029,nMx - age-specific death rate between ages x and x+n,https://www.who.int/data/gho/indicator-metadata-registry/imr-details/29,,,,PUBLISHED,Published,,2002.0,2002,,AFR,2002,2002,Africa,,NGA,Nigeria,,AGE35-39,35-39 years,,FMLE,Female,,,,,,,,0.011,0.01134,,,,,
871,LIFE_0000000030,nqx - probability of dying between ages x and x+n,https://www.who.int/data/gho/indicator-metadata-registry/imr-details/30,,,,PUBLISHED,Published,,2002.0,2002,,AFR,2002,2002,Africa,,NGA,Nigeria,,AGE35-39,35-39 years,,FMLE,Female,,,,,,,,0.055,0.05513,,,,,
872,LIFE_0000000030,nqx - probability of dying between ages x and x+n,https://www.who.int/data/gho/indicator-metadata-registry/imr-details/30,,,,PUBLISHED,Published,,2002.0,2002,,AFR,2002,2002,Africa,,NGA,Nigeria,,AGE45-49,45-49 years,,FMLE,Female,,,,,,,,0.057,0.05692,,,,,
873,LIFE_0000000031,lx - number of people left alive at age x,https://www.who.int/data/gho/indicator-metadata-registry/imr-details/31,,,,PUBLISHED,Published,,2002.0,2002,,AFR,2002,2002,Africa,,NGA,Nigeria,,AGE45-49,45-49 years,,FMLE,Female,,,,,,,,60505.82,60505.82000,,,,,
874,LIFE_0000000032,ndx - number of people dying between ages x and x+n,https://www.who.int/data/gho/indicator-metadata-registry/imr-details/32,,,,PUBLISHED,Published,,2002.0,2002,,AFR,2002,2002,Africa,,NGA,Nigeria,,AGE45-49,45-49 years,,FMLE,Female,,,,,,,,3444.265,3444.26500,,,,,
875,LIFE_0000000033,nLx - person-years lived between ages x and x+n,https://www.who.int/data/gho/indicator-metadata-registry/imr-details/33,,,,PUBLISHED,Published,,2002.0,2002,,AFR,2002,2002,Africa,,NGA,Nigeria,,AGE45-49,45-49 years,,FMLE,Female,,,,,,,,294108.8,294108.80000,,,,,
876,LIFE_0000000033,nLx - person-years lived between ages x and x+n,https://www.who.int/data/gho/indicator-metadata-registry/imr-details/33,,,,PUBLISHED,Published,,2002.0,2002,,AFR,2002,2002,Africa,,NGA,Nigeria,,AGE55-59,55-59 years,,FMLE,Female,,,,,,,,253485.9,253485.90000,,,,,
877,LIFE_0000000034,Tx - person-years lived above age x,https://www.who.int/data/gho/indicator-metadata-registry/imr-details/34,,,,PUBLISHED,Published,,2002.0,2002,,AFR,2002,2002,Africa,,NGA,Nigeria,,AGE55-59,55-59 years,,FMLE,Female,,,,,,,,884794.9,884794.90000,,,,,
878,LIFE_0000000035,ex - expectation of life at age x,https://www.who.int/data/gho/indicator-metadata-registry/imr-details/35,,,,PUBLISHED,Published,,2002.0,2002,,AFR,2002,2002,Africa,,NGA,Nigeria,,AGE55-59,55-59 years,,FMLE,Female,,,,,,,,16.7,16.68943,,,,,
879,LIFE_0000000029,nMx - age-specific death rate between ages x and x+n,https://www.who.int/data/gho/indicator-metadata-registry/imr-details/29,,,,PUBLISHED,Published,,2002.0,2002,,AFR,2002,2002,Africa,,NGA,Nigeria,,AGE60-64,60-64 years,,FMLE,Female,,,,,,,,0.035,0.03477,,,,,
880,LIFE_0000000035,ex - expectation of life at age x,https://www.who.int/data/gho/indicator-metadata-registry/imr-details/35,,,,PUBLISHED,Published,,2002.0,2002,,AFR,2002,2002,Africa,,NGA,Nigeria,,AGE65-69,65-69 years,,FMLE,Female,,,,,,,,10.1,10.12424,,,,,
881,LIFE_0000000029,nMx - age-specific death rate between ages x and x+n,https://www.who.int/data/gho/indicator-metadata-registry/imr-details/29,,,,PUBLISHED,Published,,2002.0,2002,,AFR,2002,2002,Africa,,NGA,Nigeria,,AGE70-74,70-74 years,,FMLE,Female,,,,,,,,0.09,0.09030,,,,,
882,LIFE_0000000030,nqx - probability of dying between ages x and x+n,https://www.who.int/data/gho/indicator-metadata-registry/imr-details/30,,,,PUBLISHED,Published,,2002.0,2002,,AFR,2002,2002,Africa,,NGA,Nigeria,,AGE70-74,70-74 years,,FMLE,Female,,,,,,,,0.369,0.36882,,,,,
883,LIFE_0000000031,lx - number of people left alive at age x,https://www.who.int/data/gho/indicator-metadata-registry/imr-details/31,,,,PUBLISHED,Published,,2002.0,2002,,AFR,2002,2002,Africa,,NGA,Nigeria,,AGE70-74,70-74 years,,FMLE,Female,,,,,,,,30621.27,30621.27000,,,,,
884,LIFE_0000000032,ndx - number of people dying between ages x and x+n,https://www.who.int/data/gho/indicator-metadata-registry/imr-details/32,,,,PUBLISHED,Published,,2002.0,2002,,AFR,2002,2002,Africa,,NGA,Nigeria,,AGE70-74,70-74 years,,FMLE,Female,,,,,,,,11293.62,11293.62000,,,,,
885,LIFE_0000000031,lx - number of people left alive at age x,https://www.who.int/data/gho/indicator-metadata-registry/imr-details/31,,,,PUBLISHED,Published,,2002.0,2002,,AFR,2002,2002,Africa,,NGA,Nigeria,,AGE80-84,80-84 years,,FMLE,Female,,,,,,,,9132.94,9132.94000,,,,,
886,LIFE_0000000032,ndx - number of people dying between ages x and x+n,https://www.who.int/data/gho/indicator-metadata-registry/imr-details/32,,,,PUBLISHED,Published,,2002.0,2002,,AFR,2002,2002,Africa,,NGA,Nigeria,,AGE80-84,80-84 years,,FMLE,Female,,,,,,,,6393.774,6393.77400,,,,,
887,LIFE_0000000033,nLx - person-years lived between ages x and x+n,https://www.who.int/data/gho/indicator-metadata-registry/imr-details/33,,,,PUBLISHED,Published,,2002.0,2002,,AFR,2002,2002,Africa,,NGA,Nigeria,,AGE80-84,80-84 years,,FMLE,Female,,,,,,,,27752.84,27752.84000,,,,,
888,LIFE_0000000034,Tx - person-years lived above age x,https://www.who.int/data/gho/indicator-metadata-registry/imr-details/34,,,,PUBLISHED,Published,,2002.0,2002,,AFR,2002,2002,Africa,,NGA,Nigeria,,AGE80-84,80-84 years,,FMLE,Female,,,,,,,,35478.5,35478.50000,,,,,
889,LIFE_0000000034,Tx - person-years lived above age x,https://www.who.int/data/gho/indicator-metadata-registry/imr-details/34,,,,PUBLISHED,Published,,2003.0,2003,,AFR,2003,2003,Africa,,NGA,Nigeria,,AGELT1,<1 year,,MLE,Male,,,,,,,,4791391,4791391.00000,,,,,
890,LIFE_0000000035,ex - expectation of life at age x,https://www.who.int/data/gho/indicator-metadata-registry/imr-details/35,,,,PUBLISHED,Published,,2003.0,2003,,AFR,2003,2003,Africa,,NGA,Nigeria,,AGELT1,<1 year,,MLE,Male,,,,,,,,47.9,47.91391,,,,,
891,LIFE_0000000029,nMx - age-specific death rate between ages x and x+n,https://www.who.int/data/gho/indicator-metadata-registry/imr-details/29,,,,PUBLISHED,Published,,2003.0,2003,,AFR,2003,2003,Africa,,NGA,Nigeria,,AGE1-4,1-4 years,,MLE,Male,,,,,,,,0.019,0.01913,,,,,
892,LIFE_0000000030,nqx - probability of dying between ages x and x+n,https://www.who.int/data/gho/indicator-metadata-registry/imr-details/30,,,,PUBLISHED,Published,,2003.0,2003,,AFR,2003,2003,Africa,,NGA,Nigeria,,AGE1-4,1-4 years,,MLE,Male,,,,,,,,0.073,0.07285,,,,,
893,LIFE_0000000030,nqx - probability of dying between ages x and x+n,https://www.who.int/data/gho/indicator-metadata-registry/imr-details/30,,,,PUBLISHED,Published,,2003.0,2003,,AFR,2003,2003,Africa,,NGA,Nigeria,,AGE10-14,10-14 years,,MLE,Male,,,,,,,,0.008,0.00839,,,,,
894,LIFE_0000000031,lx - number of people left alive at age x,https://www.who.int/data/gho/indicator-metadata-registry/imr-details/31,,,,PUBLISHED,Published,,2003.0,2003,,AFR,2003,2003,Africa,,NGA,Nigeria,,AGE10-14,10-14 years,,MLE,Male,,,,,,,,80699.22,80699.22000,,,,,
895,LIFE_0000000032,ndx - number of people dying between ages x and x+n,https://www.who.int/data/gho/indicator-metadata-registry/imr-details/32,,,,PUBLISHED,Published,,2003.0,2003,,AFR,2003,2003,Africa,,NGA,Nigeria,,AGE10-14,10-14 years,,MLE,Male,,,,,,,,677.254,677.25420,,,,,
896,LIFE_0000000033,nLx - person-years lived between ages x and x+n,https://www.who.int/data/gho/indicator-metadata-registry/imr-details/33,,,,PUBLISHED,Published,,2003.0,2003,,AFR,2003,2003,Africa,,NGA,Nigeria,,AGE10-14,10-14 years,,MLE,Male,,,,,,,,401802.9,401802.90000,,,,,
897,LIFE_0000000032,ndx - number of people dying between ages x and x+n,https://www.who.int/data/gho/indicator-metadata-registry/imr-details/32,,,,PUBLISHED,Published,,2003.0,2003,,AFR,2003,2003,Africa,,NGA,Nigeria,,AGE20-24,20-24 years,,MLE,Male,,,,,,,,2529.568,2529.56800,,,,,
898,LIFE_0000000033,nLx - person-years lived between ages x and x+n,https://www.who.int/data/gho/indicator-metadata-registry/imr-details/33,,,,PUBLISHED,Published,,2003.0,2003,,AFR,2003,2003,Africa,,NGA,Nigeria,,AGE20-24,20-24 years,,MLE,Male,,,,,,,,385799.4,385799.40000,,,,,
899,LIFE_0000000034,Tx - person-years lived above age x,https://www.who.int/data/gho/indicator-metadata-registry/imr-details/34,,,,PUBLISHED,Published,,2003.0,2003,,AFR,2003,2003,Africa,,NGA,Nigeria,,AGE20-24,20-24 years,,MLE,Male,,,,,,,,3154445,3154445.00000,,,,,
900,LIFE_0000000035,ex - expectation of life at age x,https://www.who.int/data/gho/indicator-metadata-registry/imr-details/35,,,,PUBLISHED,Published,,2003.0,2003,,AFR,2003,2003,Africa,,NGA,Nigeria,,AGE20-24,20-24 years,,MLE,Male,,,,,,,,40.2,40.22833,,,,,
901,LIFE_0000000035,ex - expectation of life at age x,https://www.who.int/data/gho/indicator-metadata-registry/imr-details/35,,,,PUBLISHED,Published,,2003.0,2003,,AFR,2003,2003,Africa,,NGA,Nigeria,,AGE30-34,30-34 years,,MLE,Male,,,,,,,,32.9,32.87835,,,,,
902,LIFE_0000000029,nMx - age-specific death rate between ages x and x+n,https://www.who.int/data/gho/indicator-metadata-registry/imr-details/29,,,,PUBLISHED,Published,,2003.0,2003,,AFR,2003,2003,Africa,,NGA,Nigeria,,AGE35-39,35-39 years,,MLE,Male,,,,,,,,0.012,0.01177,,,,,
903,LIFE_0000000030,nqx - probability of dying between ages x and x+n,https://www.who.int/data/gho/indicator-metadata-registry/imr-details/30,,,,PUBLISHED,Published,,2003.0,2003,,AFR,2003,2003,Africa,,NGA,Nigeria,,AGE35-39,35-39 years,,MLE,Male,,,,,,,,0.057,0.05718,,,,,
904,LIFE_0000000031,lx - number of people left alive at age x,https://www.who.int/data/gho/indicator-metadata-registry/imr-details/31,,,,PUBLISHED,Published,,2003.0,2003,,AFR,2003,2003,Africa,,NGA,Nigeria,,AGE35-39,35-39 years,,MLE,Male,,,,,,,,69479.55,69479.55000,,,,,
905,LIFE_0000000031,lx - number of people left alive at age x,https://www.who.int/data/gho/indicator-metadata-registry/imr-details/31,,,,PUBLISHED,Published,,2003.0,2003,,AFR,2003,2003,Africa,,NGA,Nigeria,,AGE45-49,45-49 years,,MLE,Male,,,,,,,,61236.47,61236.47000,,,,,
906,LIFE_0000000032,ndx - number of people dying between ages x and x+n,https://www.who.int/data/gho/indicator-metadata-registry/imr-details/32,,,,PUBLISHED,Published,,2003.0,2003,,AFR,2003,2003,Africa,,NGA,Nigeria,,AGE45-49,45-49 years,,MLE,Male,,,,,,,,4563.408,4563.40800,,,,,
907,LIFE_0000000033,nLx - person-years lived between ages x and x+n,https://www.who.int/data/gho/indicator-metadata-registry/imr-details/33,,,,PUBLISHED,Published,,2003.0,2003,,AFR,2003,2003,Africa,,NGA,Nigeria,,AGE45-49,45-49 years,,MLE,Male,,,,,,,,295092.5,295092.50000,,,,,
908,LIFE_0000000034,Tx - person-years lived above age x,https://www.who.int/data/gho/indicator-metadata-registry/imr-details/34,,,,PUBLISHED,Published,,2003.0,2003,,AFR,2003,2003,Africa,,NGA,Nigeria,,AGE45-49,45-49 years,,MLE,Male,,,,,,,,1385944,1385944.00000,,,,,
909,LIFE_0000000033,nLx - person-years lived between ages x and x+n,https://www.who.int/data/gho/indicator-metadata-registry/imr-details/33,,,,PUBLISHED,Published,,2003.0,2003,,AFR,2003,2003,Africa,,NGA,Nigeria,,AGE55-59,55-59 years,,MLE,Male,,,,,,,,242698.7,242698.70000,,,,,
910,LIFE_0000000034,Tx - person-years lived above age x,https://www.who.int/data/gho/indicator-metadata-registry/imr-details/34,,,,PUBLISHED,Published,,2003.0,2003,,AFR,2003,2003,Africa,,NGA,Nigeria,,AGE55-59,55-59 years,,MLE,Male,,,,,,,,820137.2,820137.20000,,,,,
911,LIFE_0000000035,ex - expectation of life at age x,https://www.who.int/data/gho/indicator-metadata-registry/imr-details/35,,,,PUBLISHED,Published,,2003.0,2003,,AFR,2003,2003,Africa,,NGA,Nigeria,,AGE55-59,55-59 years,,MLE,Male,,,,,,,,15.9,15.94496,,,,,
912,LIFE_0000000029,nMx - age-specific death rate between ages x and x+n,https://www.who.int/data/gho/indicator-metadata-registry/imr-details/29,,,,PUBLISHED,Published,,2003.0,2003,,AFR,2003,2003,Africa,,NGA,Nigeria,,AGE60-64,60-64 years,,MLE,Male,,,,,,,,0.039,0.03907,,,,,
913,LIFE_0000000030,nqx - probability of dying between ages x and x+n,https://www.who.int/data/gho/indicator-metadata-registry/imr-details/30,,,,PUBLISHED,Published,,2003.0,2003,,AFR,2003,2003,Africa,,NGA,Nigeria,,AGE60-64,60-64 years,,MLE,Male,,,,,,,,0.179,0.17853,,,,,
914,LIFE_0000000029,nMx - age-specific death rate between ages x and x+n,https://www.who.int/data/gho/indicator-metadata-registry/imr-details/29,,,,PUBLISHED,Published,,2003.0,2003,,AFR,2003,2003,Africa,,NGA,Nigeria,,AGE70-74,70-74 years,,MLE,Male,,,,,,,,0.093,0.09262,,,,,
915,LIFE_0000000030,nqx - probability of dying between ages x and x+n,https://www.who.int/data/gho/indicator-metadata-registry/imr-details/30,,,,PUBLISHED,Published,,2003.0,2003,,AFR,2003,2003,Africa,,NGA,Nigeria,,AGE70-74,70-74 years,,MLE,Male,,,,,,,,0.376,0.37611,,,,,
916,LIFE_0000000031,lx - number of people left alive at age x,https://www.who.int/data/gho/indicator-metadata-registry/imr-details/31,,,,PUBLISHED,Published,,2003.0,2003,,AFR,2003,2003,Africa,,NGA,Nigeria,,AGE70-74,70-74 years,,MLE,Male,,,,,,,,27785.21,27785.21000,,,,,
917,LIFE_0000000032,ndx - number of people dying between ages x and x+n,https://www.who.int/data/gho/indicator-metadata-registry/imr-details/32,,,,PUBLISHED,Published,,2003.0,2003,,AFR,2003,2003,Africa,,NGA,Nigeria,,AGE70-74,70-74 years,,MLE,Male,,,,,,,,10450.29,10450.29000,,,,,
918,LIFE_0000000032,ndx - number of people dying between ages x and x+n,https://www.who.int/data/gho/indicator-metadata-registry/imr-details/32,,,,PUBLISHED,Published,,2003.0,2003,,AFR,2003,2003,Africa,,NGA,Nigeria,,AGE80-84,80-84 years,,MLE,Male,,,,,,,,5675.921,5675.92100,,,,,
919,LIFE_0000000033,nLx - person-years lived between ages x and x+n,https://www.who.int/data/gho/indicator-metadata-registry/imr-details/33,,,,PUBLISHED,Published,,2003.0,2003,,AFR,2003,2003,Africa,,NGA,Nigeria,,AGE80-84,80-84 years,,MLE,Male,,,,,,,,24598.99,24598.99000,,,,,
920,LIFE_0000000034,Tx - person-years lived above age x,https://www.who.int/data/gho/indicator-metadata-registry/imr-details/34,,,,PUBLISHED,Published,,2003.0,2003,,AFR,2003,2003,Africa,,NGA,Nigeria,,AGE80-84,80-84 years,,MLE,Male,,,,,,,,31283.9,31283.90000,,,,,
921,LIFE_0000000035,ex - expectation of life at age x,https://www.who.int/data/gho/indicator-metadata-registry/imr-details/35,,,,PUBLISHED,Published,,2003.0,2003,,AFR,2003,2003,Africa,,NGA,Nigeria,,AGE80-84,80-84 years,,MLE,Male,,,,,,,,3.9,3.86248,,,,,
922,LIFE_0000000035,ex - expectation of life at age x,https://www.who.int/data/gho/indicator-metadata-registry/imr-details/35,,,,PUBLISHED,Published,,2003.0,2003,,AFR,2003,2003,Africa,,NGA,Nigeria,,AGELT1,<1 year,,FMLE,Female,,,,,,,,48.6,48.61063,,,,,
923,LIFE_0000000029,nMx - age-specific death rate between ages x and x+n,https://www.who.int/data/gho/indicator-metadata-registry/imr-details/29,,,,PUBLISHED,Published,,2003.0,2003,,AFR,2003,2003,Africa,,NGA,Nigeria,,AGE1-4,1-4 years,,FMLE,Female,,,,,,,,0.02,0.01989,,,,,
924,LIFE_0000000030,nqx - probability of dying between ages x and x+n,https://www.who.int/data/gho/indicator-metadata-registry/imr-details/30,,,,PUBLISHED,Published,,2003.0,2003,,AFR,2003,2003,Africa,,NGA,Nigeria,,AGE1-4,1-4 years,,FMLE,Female,,,,,,,,0.076,0.07562,,,,,
925,LIFE_0000000031,lx - number of people left alive at age x,https://www.who.int/data/gho/indicator-metadata-registry/imr-details/31,,,,PUBLISHED,Published,,2003.0,2003,,AFR,2003,2003,Africa,,NGA,Nigeria,,AGE1-4,1-4 years,,FMLE,Female,,,,,,,,90239.17,90239.17000,,,,,
926,LIFE_0000000030,nqx - probability of dying between ages x and x+n,https://www.who.int/data/gho/indicator-metadata-registry/imr-details/30,,,,PUBLISHED,Published,,2003.0,2003,,AFR,2003,2003,Africa,,NGA,Nigeria,,AGE10-14,10-14 years,,FMLE,Female,,,,,,,,0.011,0.01091,,,,,
927,LIFE_0000000031,lx - number of people left alive at age x,https://www.who.int/data/gho/indicator-metadata-registry/imr-details/31,,,,PUBLISHED,Published,,2003.0,2003,,AFR,2003,2003,Africa,,NGA,Nigeria,,AGE10-14,10-14 years,,FMLE,Female,,,,,,,,81234.11,81234.11000,,,,,
928,LIFE_0000000032,ndx - number of people dying between ages x and x+n,https://www.who.int/data/gho/indicator-metadata-registry/imr-details/32,,,,PUBLISHED,Published,,2003.0,2003,,AFR,2003,2003,Africa,,NGA,Nigeria,,AGE10-14,10-14 years,,FMLE,Female,,,,,,,,886.47,886.47030,,,,,
929,LIFE_0000000033,nLx - person-years lived between ages x and x+n,https://www.who.int/data/gho/indicator-metadata-registry/imr-details/33,,,,PUBLISHED,Published,,2003.0,2003,,AFR,2003,2003,Africa,,NGA,Nigeria,,AGE10-14,10-14 years,,FMLE,Female,,,,,,,,403954.4,403954.40000,,,,,
930,LIFE_0000000033,nLx - person-years lived between ages x and x+n,https://www.who.int/data/gho/indicator-metadata-registry/imr-details/33,,,,PUBLISHED,Published,,2003.0,2003,,AFR,2003,2003,Africa,,NGA,Nigeria,,AGE20-24,20-24 years,,FMLE,Female,,,,,,,,385061.8,385061.80000,,,,,
931,LIFE_0000000034,Tx - person-years lived above age x,https://www.who.int/data/gho/indicator-metadata-registry/imr-details/34,,,,PUBLISHED,Published,,2003.0,2003,,AFR,2003,2003,Africa,,NGA,Nigeria,,AGE20-24,20-24 years,,FMLE,Female,,,,,,,,3211993,3211993.00000,,,,,
932,LIFE_0000000035,ex - expectation of life at age x,https://www.who.int/data/gho/indicator-metadata-registry/imr-details/35,,,,PUBLISHED,Published,,2003.0,2003,,AFR,2003,2003,Africa,,NGA,Nigeria,,AGE20-24,20-24 years,,FMLE,Female,,,,,,,,41,41.00550,,,,,
933,LIFE_0000000029,nMx - age-specific death rate between ages x and x+n,https://www.who.int/data/gho/indicator-metadata-registry/imr-details/29,,,,PUBLISHED,Published,,2003.0,2003,,AFR,2003,2003,Africa,,NGA,Nigeria,,AGE25-29,25-29 years,,FMLE,Female,,,,,,,,0.01,0.00973,,,,,
934,LIFE_0000000029,nMx - age-specific death rate between ages x and x+n,https://www.who.int/data/gho/indicator-metadata-registry/imr-details/29,,,,PUBLISHED,Published,,2003.0,2003,,AFR,2003,2003,Africa,,NGA,Nigeria,,AGE35-39,35-39 years,,FMLE,Female,,,,,,,,0.012,0.01161,,,,,
935,LIFE_0000000030,nqx - probability of dying between ages x and x+n,https://www.who.int/data/gho/indicator-metadata-registry/imr-details/30,,,,PUBLISHED,Published,,2003.0,2003,,AFR,2003,2003,Africa,,NGA,Nigeria,,AGE35-39,35-39 years,,FMLE,Female,,,,,,,,0.056,0.05642,,,,,
936,LIFE_0000000031,lx - number of people left alive at age x,https://www.who.int/data/gho/indicator-metadata-registry/imr-details/31,,,,PUBLISHED,Published,,2003.0,2003,,AFR,2003,2003,Africa,,NGA,Nigeria,,AGE35-39,35-39 years,,FMLE,Female,,,,,,,,68265.64,68265.64000,,,,,
937,LIFE_0000000032,ndx - number of people dying between ages x and x+n,https://www.who.int/data/gho/indicator-metadata-registry/imr-details/32,,,,PUBLISHED,Published,,2003.0,2003,,AFR,2003,2003,Africa,,NGA,Nigeria,,AGE35-39,35-39 years,,FMLE,Female,,,,,,,,3851.869,3851.86900,,,,,
938,LIFE_0000000031,lx - number of people left alive at age x,https://www.who.int/data/gho/indicator-metadata-registry/imr-details/31,,,,PUBLISHED,Published,,2003.0,2003,,AFR,2003,2003,Africa,,NGA,Nigeria,,AGE45-49,45-49 years,,FMLE,Female,,,,,,,,60852.23,60852.23000,,,,,
939,LIFE_0000000032,ndx - number of people dying between ages x and x+n,https://www.who.int/data/gho/indicator-metadata-registry/imr-details/32,,,,PUBLISHED,Published,,2003.0,2003,,AFR,2003,2003,Africa,,NGA,Nigeria,,AGE45-49,45-49 years,,FMLE,Female,,,,,,,,3492.542,3492.54200,,,,,
940,LIFE_0000000033,nLx - person-years lived between ages x and x+n,https://www.who.int/data/gho/indicator-metadata-registry/imr-details/33,,,,PUBLISHED,Published,,2003.0,2003,,AFR,2003,2003,Africa,,NGA,Nigeria,,AGE45-49,45-49 years,,FMLE,Female,,,,,,,,295722.8,295722.80000,,,,,
941,LIFE_0000000034,Tx - person-years lived above age x,https://www.who.int/data/gho/indicator-metadata-registry/imr-details/34,,,,PUBLISHED,Published,,2003.0,2003,,AFR,2003,2003,Africa,,NGA,Nigeria,,AGE45-49,45-49 years,,FMLE,Female,,,,,,,,1461961,1461961.00000,,,,,
942,LIFE_0000000035,ex - expectation of life at age x,https://www.who.int/data/gho/indicator-metadata-registry/imr-details/35,,,,PUBLISHED,Published,,2003.0,2003,,AFR,2003,2003,Africa,,NGA,Nigeria,,AGE45-49,45-49 years,,FMLE,Female,,,,,,,,24,24.02477,,,,,
943,LIFE_0000000034,Tx - person-years lived above age x,https://www.who.int/data/gho/indicator-metadata-registry/imr-details/34,,,,PUBLISHED,Published,,2003.0,2003,,AFR,2003,2003,Africa,,NGA,Nigeria,,AGE55-59,55-59 years,,FMLE,Female,,,,,,,,889243.8,889243.80000,,,,,
944,LIFE_0000000035,ex - expectation of life at age x,https://www.who.int/data/gho/indicator-metadata-registry/imr-details/35,,,,PUBLISHED,Published,,2003.0,2003,,AFR,2003,2003,Africa,,NGA,Nigeria,,AGE55-59,55-59 years,,FMLE,Female,,,,,,,,16.7,16.68986,,,,,
945,LIFE_0000000029,nMx - age-specific death rate between ages x and x+n,https://www.who.int/data/gho/indicator-metadata-registry/imr-details/29,,,,PUBLISHED,Published,,2003.0,2003,,AFR,2003,2003,Africa,,NGA,Nigeria,,AGE60-64,60-64 years,,FMLE,Female,,,,,,,,0.035,0.03481,,,,,
946,LIFE_0000000030,nqx - probability of dying between ages x and x+n,https://www.who.int/data/gho/indicator-metadata-registry/imr-details/30,,,,PUBLISHED,Published,,2003.0,2003,,AFR,2003,2003,Africa,,NGA,Nigeria,,AGE60-64,60-64 years,,FMLE,Female,,,,,,,,0.161,0.16076,,,,,
947,LIFE_0000000030,nqx - probability of dying between ages x and x+n,https://www.who.int/data/gho/indicator-metadata-registry/imr-details/30,,,,PUBLISHED,Published,,2003.0,2003,,AFR,2003,2003,Africa,,NGA,Nigeria,,AGE70-74,70-74 years,,FMLE,Female,,,,,,,,0.369,0.36880,,,,,
948,LIFE_0000000031,lx - number of people left alive at age x,https://www.who.int/data/gho/indicator-metadata-registry/imr-details/31,,,,PUBLISHED,Published,,2003.0,2003,,AFR,2003,2003,Africa,,NGA,Nigeria,,AGE70-74,70-74 years,,FMLE,Female,,,,,,,,30771.25,30771.25000,,,,,
949,LIFE_0000000032,ndx - number of people dying between ages x and x+n,https://www.who.int/data/gho/indicator-metadata-registry/imr-details/32,,,,PUBLISHED,Published,,2003.0,2003,,AFR,2003,2003,Africa,,NGA,Nigeria,,AGE70-74,70-74 years,,FMLE,Female,,,,,,,,11348.5,11348.50000,,,,,
950,LIFE_0000000033,nLx - person-years lived between ages x and x+n,https://www.who.int/data/gho/indicator-metadata-registry/imr-details/33,,,,PUBLISHED,Published,,2003.0,2003,,AFR,2003,2003,Africa,,NGA,Nigeria,,AGE70-74,70-74 years,,FMLE,Female,,,,,,,,125678.8,125678.80000,,,,,
951,LIFE_0000000033,nLx - person-years lived between ages x and x+n,https://www.who.int/data/gho/indicator-metadata-registry/imr-details/33,,,,PUBLISHED,Published,,2003.0,2003,,AFR,2003,2003,Africa,,NGA,Nigeria,,AGE80-84,80-84 years,,FMLE,Female,,,,,,,,27896.52,27896.52000,,,,,
952,LIFE_0000000034,Tx - person-years lived above age x,https://www.who.int/data/gho/indicator-metadata-registry/imr-details/34,,,,PUBLISHED,Published,,2003.0,2003,,AFR,2003,2003,Africa,,NGA,Nigeria,,AGE80-84,80-84 years,,FMLE,Female,,,,,,,,35665.83,35665.83000,,,,,
953,LIFE_0000000035,ex - expectation of life at age x,https://www.who.int/data/gho/indicator-metadata-registry/imr-details/35,,,,PUBLISHED,Published,,2003.0,2003,,AFR,2003,2003,Africa,,NGA,Nigeria,,AGE80-84,80-84 years,,FMLE,Female,,,,,,,,3.9,3.88548,,,,,
954,LIFE_0000000029,nMx - age-specific death rate between ages x and x+n,https://www.who.int/data/gho/indicator-metadata-registry/imr-details/29,,,,PUBLISHED,Published,,2003.0,2003,,AFR,2003,2003,Africa,,NGA,Nigeria,,AGE85PLUS,85+ years,,FMLE,Female,,,,,,,,0.354,0.35444,,,,,
955,LIFE_0000000035,ex - expectation of life at age x,https://www.who.int/data/gho/indicator-metadata-registry/imr-details/35,,,,PUBLISHED,Published,,2004.0,2004,,AFR,2004,2004,Africa,,NGA,Nigeria,,AGELT1,<1 year,,MLE,Male,,,,,,,,48.5,48.45422,,,,,
956,LIFE_0000000029,nMx - age-specific death rate between ages x and x+n,https://www.who.int/data/gho/indicator-metadata-registry/imr-details/29,,,,PUBLISHED,Published,,2004.0,2004,,AFR,2004,2004,Africa,,NGA,Nigeria,,AGE1-4,1-4 years,,MLE,Male,,,,,,,,0.018,0.01825,,,,,
957,LIFE_0000000030,nqx - probability of dying between ages x and x+n,https://www.who.int/data/gho/indicator-metadata-registry/imr-details/30,,,,PUBLISHED,Published,,2004.0,2004,,AFR,2004,2004,Africa,,NGA,Nigeria,,AGE1-4,1-4 years,,MLE,Male,,,,,,,,0.07,0.06963,,,,,
958,LIFE_0000000031,lx - number of people left alive at age x,https://www.who.int/data/gho/indicator-metadata-registry/imr-details/31,,,,PUBLISHED,Published,,2004.0,2004,,AFR,2004,2004,Africa,,NGA,Nigeria,,AGE1-4,1-4 years,,MLE,Male,,,,,,,,89257.98,89257.98000,,,,,
959,LIFE_0000000031,lx - number of people left alive at age x,https://www.who.int/data/gho/indicator-metadata-registry/imr-details/31,,,,PUBLISHED,Published,,2004.0,2004,,AFR,2004,2004,Africa,,NGA,Nigeria,,AGE10-14,10-14 years,,MLE,Male,,,,,,,,81359.17,81359.17000,,,,,
960,LIFE_0000000032,ndx - number of people dying between ages x and x+n,https://www.who.int/data/gho/indicator-metadata-registry/imr-details/32,,,,PUBLISHED,Published,,2004.0,2004,,AFR,2004,2004,Africa,,NGA,Nigeria,,AGE10-14,10-14 years,,MLE,Male,,,,,,,,682.182,682.18170,,,,,
961,LIFE_0000000033,nLx - person-years lived between ages x and x+n,https://www.who.int/data/gho/indicator-metadata-registry/imr-details/33,,,,PUBLISHED,Published,,2004.0,2004,,AFR,2004,2004,Africa,,NGA,Nigeria,,AGE10-14,10-14 years,,MLE,Male,,,,,,,,405090.4,405090.40000,,,,,
962,LIFE_0000000034,Tx - person-years lived above age x,https://www.who.int/data/gho/indicator-metadata-registry/imr-details/34,,,,PUBLISHED,Published,,2004.0,2004,,AFR,2004,2004,Africa,,NGA,Nigeria,,AGE10-14,10-14 years,,MLE,Male,,,,,,,,4001046,4001046.00000,,,,,
963,LIFE_0000000034,Tx - person-years lived above age x,https://www.who.int/data/gho/indicator-metadata-registry/imr-details/34,,,,PUBLISHED,Published,,2004.0,2004,,AFR,2004,2004,Africa,,NGA,Nigeria,,AGE20-24,20-24 years,,MLE,Male,,,,,,,,3196337,3196337.00000,,,,,
964,LIFE_0000000035,ex - expectation of life at age x,https://www.who.int/data/gho/indicator-metadata-registry/imr-details/35,,,,PUBLISHED,Published,,2004.0,2004,,AFR,2004,2004,Africa,,NGA,Nigeria,,AGE20-24,20-24 years,,MLE,Male,,,,,,,,40.4,40.40213,,,,,
965,LIFE_0000000029,nMx - age-specific death rate between ages x and x+n,https://www.who.int/data/gho/indicator-metadata-registry/imr-details/29,,,,PUBLISHED,Published,,2004.0,2004,,AFR,2004,2004,Africa,,NGA,Nigeria,,AGE25-29,25-29 years,,MLE,Male,,,,,,,,0.008,0.00785,,,,,
966,LIFE_0000000030,nqx - probability of dying between ages x and x+n,https://www.who.int/data/gho/indicator-metadata-registry/imr-details/30,,,,PUBLISHED,Published,,2004.0,2004,,AFR,2004,2004,Africa,,NGA,Nigeria,,AGE25-29,25-29 years,,MLE,Male,,,,,,,,0.039,0.03851,,,,,
967,LIFE_0000000029,nMx - age-specific death rate between ages x and x+n,https://www.who.int/data/gho/indicator-metadata-registry/imr-details/29,,,,PUBLISHED,Published,,2004.0,2004,,AFR,2004,2004,Africa,,NGA,Nigeria,,AGE35-39,35-39 years,,MLE,Male,,,,,,,,0.012,0.01169,,,,,
968,LIFE_0000000030,nqx - probability of dying between ages x and x+n,https://www.who.int/data/gho/indicator-metadata-registry/imr-details/30,,,,PUBLISHED,Published,,2004.0,2004,,AFR,2004,2004,Africa,,NGA,Nigeria,,AGE35-39,35-39 years,,MLE,Male,,,,,,,,0.057,0.05681,,,,,
969,LIFE_0000000031,lx - number of people left alive at age x,https://www.who.int/data/gho/indicator-metadata-registry/imr-details/31,,,,PUBLISHED,Published,,2004.0,2004,,AFR,2004,2004,Africa,,NGA,Nigeria,,AGE35-39,35-39 years,,MLE,Male,,,,,,,,70274.33,70274.33000,,,,,
970,LIFE_0000000032,ndx - number of people dying between ages x and x+n,https://www.who.int/data/gho/indicator-metadata-registry/imr-details/32,,,,PUBLISHED,Published,,2004.0,2004,,AFR,2004,2004,Africa,,NGA,Nigeria,,AGE35-39,35-39 years,,MLE,Male,,,,,,,,3991.972,3991.97200,,,,,
971,LIFE_0000000033,nLx - person-years lived between ages x and x+n,https://www.who.int/data/gho/indicator-metadata-registry/imr-details/33,,,,PUBLISHED,Published,,2004.0,2004,,AFR,2004,2004,Africa,,NGA,Nigeria,,AGE35-39,35-39 years,,MLE,Male,,,,,,,,341576.6,341576.60000,,,,,
972,LIFE_0000000032,ndx - number of people dying between ages x and x+n,https://www.who.int/data/gho/indicator-metadata-registry/imr-details/32,,,,PUBLISHED,Published,,2004.0,2004,,AFR,2004,2004,Africa,,NGA,Nigeria,,AGE45-49,45-49 years,,MLE,Male,,,,,,,,4583.416,4583.41600,,,,,
973,LIFE_0000000033,nLx - person-years lived between ages x and x+n,https://www.who.int/data/gho/indicator-metadata-registry/imr-details/33,,,,PUBLISHED,Published,,2004.0,2004,,AFR,2004,2004,Africa,,NGA,Nigeria,,AGE45-49,45-49 years,,MLE,Male,,,,,,,,298776.7,298776.70000,,,,,
974,LIFE_0000000034,Tx - person-years lived above age x,https://www.who.int/data/gho/indicator-metadata-registry/imr-details/34,,,,PUBLISHED,Published,,2004.0,2004,,AFR,2004,2004,Africa,,NGA,Nigeria,,AGE45-49,45-49 years,,MLE,Male,,,,,,,,1408485,1408485.00000,,,,,
975,LIFE_0000000035,ex - expectation of life at age x,https://www.who.int/data/gho/indicator-metadata-registry/imr-details/35,,,,PUBLISHED,Published,,2004.0,2004,,AFR,2004,2004,Africa,,NGA,Nigeria,,AGE45-49,45-49 years,,MLE,Male,,,,,,,,22.7,22.72405,,,,,
976,LIFE_0000000035,ex - expectation of life at age x,https://www.who.int/data/gho/indicator-metadata-registry/imr-details/35,,,,PUBLISHED,Published,,2004.0,2004,,AFR,2004,2004,Africa,,NGA,Nigeria,,AGE55-59,55-59 years,,MLE,Male,,,,,,,,16,16.02255,,,,,
977,LIFE_0000000029,nMx - age-specific death rate between ages x and x+n,https://www.who.int/data/gho/indicator-metadata-registry/imr-details/29,,,,PUBLISHED,Published,,2004.0,2004,,AFR,2004,2004,Africa,,NGA,Nigeria,,AGE60-64,60-64 years,,MLE,Male,,,,,,,,0.039,0.03872,,,,,
978,LIFE_0000000030,nqx - probability of dying between ages x and x+n,https://www.who.int/data/gho/indicator-metadata-registry/imr-details/30,,,,PUBLISHED,Published,,2004.0,2004,,AFR,2004,2004,Africa,,NGA,Nigeria,,AGE60-64,60-64 years,,MLE,Male,,,,,,,,0.177,0.17705,,,,,
979,LIFE_0000000031,lx - number of people left alive at age x,https://www.who.int/data/gho/indicator-metadata-registry/imr-details/31,,,,PUBLISHED,Published,,2004.0,2004,,AFR,2004,2004,Africa,,NGA,Nigeria,,AGE60-64,60-64 years,,MLE,Male,,,,,,,,46111.73,46111.73000,,,,,
980,LIFE_0000000030,nqx - probability of dying between ages x and x+n,https://www.who.int/data/gho/indicator-metadata-registry/imr-details/30,,,,PUBLISHED,Published,,2004.0,2004,,AFR,2004,2004,Africa,,NGA,Nigeria,,AGE70-74,70-74 years,,MLE,Male,,,,,,,,0.373,0.37328,,,,,
981,LIFE_0000000031,lx - number of people left alive at age x,https://www.who.int/data/gho/indicator-metadata-registry/imr-details/31,,,,PUBLISHED,Published,,2004.0,2004,,AFR,2004,2004,Africa,,NGA,Nigeria,,AGE70-74,70-74 years,,MLE,Male,,,,,,,,28343.63,28343.63000,,,,,
982,LIFE_0000000032,ndx - number of people dying between ages x and x+n,https://www.who.int/data/gho/indicator-metadata-registry/imr-details/32,,,,PUBLISHED,Published,,2004.0,2004,,AFR,2004,2004,Africa,,NGA,Nigeria,,AGE70-74,70-74 years,,MLE,Male,,,,,,,,10580.17,10580.17000,,,,,
983,LIFE_0000000033,nLx - person-years lived between ages x and x+n,https://www.who.int/data/gho/indicator-metadata-registry/imr-details/33,,,,PUBLISHED,Published,,2004.0,2004,,AFR,2004,2004,Africa,,NGA,Nigeria,,AGE70-74,70-74 years,,MLE,Male,,,,,,,,115313.9,115313.90000,,,,,
984,LIFE_0000000034,Tx - person-years lived above age x,https://www.who.int/data/gho/indicator-metadata-registry/imr-details/34,,,,PUBLISHED,Published,,2004.0,2004,,AFR,2004,2004,Africa,,NGA,Nigeria,,AGE70-74,70-74 years,,MLE,Male,,,,,,,,212029,212029.00000,,,,,
985,LIFE_0000000033,nLx - person-years lived between ages x and x+n,https://www.who.int/data/gho/indicator-metadata-registry/imr-details/33,,,,PUBLISHED,Published,,2004.0,2004,,AFR,2004,2004,Africa,,NGA,Nigeria,,AGE80-84,80-84 years,,MLE,Male,,,,,,,,25468.5,25468.50000,,,,,
986,LIFE_0000000034,Tx - person-years lived above age x,https://www.who.int/data/gho/indicator-metadata-registry/imr-details/34,,,,PUBLISHED,Published,,2004.0,2004,,AFR,2004,2004,Africa,,NGA,Nigeria,,AGE80-84,80-84 years,,MLE,Male,,,,,,,,32473.24,32473.24000,,,,,
987,LIFE_0000000035,ex - expectation of life at age x,https://www.who.int/data/gho/indicator-metadata-registry/imr-details/35,,,,PUBLISHED,Published,,2004.0,2004,,AFR,2004,2004,Africa,,NGA,Nigeria,,AGE80-84,80-84 years,,MLE,Male,,,,,,,,3.9,3.88586,,,,,
988,LIFE_0000000029,nMx - age-specific death rate between ages x and x+n,https://www.who.int/data/gho/indicator-metadata-registry/imr-details/29,,,,PUBLISHED,Published,,2004.0,2004,,AFR,2004,2004,Africa,,NGA,Nigeria,,AGE85PLUS,85+ years,,MLE,Male,,,,,,,,0.36,0.36045,,,,,
989,LIFE_0000000029,nMx - age-specific death rate between ages x and x+n,https://www.who.int/data/gho/indicator-metadata-registry/imr-details/29,,,,PUBLISHED,Published,,2004.0,2004,,AFR,2004,2004,Africa,,NGA,Nigeria,,AGE1-4,1-4 years,,FMLE,Female,,,,,,,,0.019,0.01903,,,,,
990,LIFE_0000000030,nqx - probability of dying between ages x and x+n,https://www.who.int/data/gho/indicator-metadata-registry/imr-details/30,,,,PUBLISHED,Published,,2004.0,2004,,AFR,2004,2004,Africa,,NGA,Nigeria,,AGE1-4,1-4 years,,FMLE,Female,,,,,,,,0.073,0.07250,,,,,
991,LIFE_0000000031,lx - number of people left alive at age x,https://www.who.int/data/gho/indicator-metadata-registry/imr-details/31,,,,PUBLISHED,Published,,2004.0,2004,,AFR,2004,2004,Africa,,NGA,Nigeria,,AGE1-4,1-4 years,,FMLE,Female,,,,,,,,90568.97,90568.97000,,,,,
992,LIFE_0000000032,ndx - number of people dying between ages x and x+n,https://www.who.int/data/gho/indicator-metadata-registry/imr-details/32,,,,PUBLISHED,Published,,2004.0,2004,,AFR,2004,2004,Africa,,NGA,Nigeria,,AGE1-4,1-4 years,,FMLE,Female,,,,,,,,6566.676,6566.67600,,,,,
993,LIFE_0000000032,ndx - number of people dying between ages x and x+n,https://www.who.int/data/gho/indicator-metadata-registry/imr-details/32,,,,PUBLISHED,Published,,2004.0,2004,,AFR,2004,2004,Africa,,NGA,Nigeria,,AGE10-14,10-14 years,,FMLE,Female,,,,,,,,892.642,892.64200,,,,,
994,LIFE_0000000033,nLx - person-years lived between ages x and x+n,https://www.who.int/data/gho/indicator-metadata-registry/imr-details/33,,,,PUBLISHED,Published,,2004.0,2004,,AFR,2004,2004,Africa,,NGA,Nigeria,,AGE10-14,10-14 years,,FMLE,Female,,,,,,,,407078.2,407078.20000,,,,,
995,LIFE_0000000034,Tx - person-years lived above age x,https://www.who.int/data/gho/indicator-metadata-registry/imr-details/34,,,,PUBLISHED,Published,,2004.0,2004,,AFR,2004,2004,Africa,,NGA,Nigeria,,AGE10-14,10-14 years,,FMLE,Female,,,,,,,,4060867,4060867.00000,,,,,
996,LIFE_0000000035,ex - expectation of life at age x,https://www.who.int/data/gho/indicator-metadata-registry/imr-details/35,,,,PUBLISHED,Published,,2004.0,2004,,AFR,2004,2004,Africa,,NGA,Nigeria,,AGE10-14,10-14 years,,FMLE,Female,,,,,,,,49.6,49.60628,,,,,
997,LIFE_0000000034,Tx - person-years lived above age x,https://www.who.int/data/gho/indicator-metadata-registry/imr-details/34,,,,PUBLISHED,Published,,2004.0,2004,,AFR,2004,2004,Africa,,NGA,Nigeria,,AGE20-24,20-24 years,,FMLE,Female,,,,,,,,3253643,3253643.00000,,,,,
998,LIFE_0000000035,ex - expectation of life at age x,https://www.who.int/data/gho/indicator-metadata-registry/imr-details/35,,,,PUBLISHED,Published,,2004.0,2004,,AFR,2004,2004,Africa,,NGA,Nigeria,,AGE20-24,20-24 years,,FMLE,Female,,,,,,,,41.2,41.18704,,,,,
999,LIFE_0000000029,nMx - age-specific death rate between ages x and x+n,https://www.who.int/data/gho/indicator-metadata-registry/imr-details/29,,,,PUBLISHED,Published,,2004.0,2004,,AFR,2004,2004,Africa,,NGA,Nigeria,,AGE25-29,25-29 years,,FMLE,Female,,,,,,,,0.009,0.00950,,,,,
1000,LIFE_0000000030,nqx - probability of dying between ages x and x+n,https://www.who.int/data/gho/indicator-metadata-registry/imr-details/30,,,,PUBLISHED,Published,,2004.0,2004,,AFR,2004,2004,Africa,,NGA,Nigeria,,AGE25-29,25-29 years,,FMLE,Female,,,,,,,,0.046,0.04639,,,,,
1001,LIFE_0000000031,lx - number of people left alive at age x,https://www.who.int/data/gho/indicator-metadata-registry/imr-details/31,,,,PUBLISHED,Published,,2004.0,2004,,AFR,2004,2004,Africa,,NGA,Nigeria,,AGE25-29,25-29 years,,FMLE,Female,,,,,,,,76372.62,76372.62000,,,,,
1002,LIFE_0000000030,nqx - probability of dying between ages x and x+n,https://www.who.int/data/gho/indicator-metadata-registry/imr-details/30,,,,PUBLISHED,Published,,2004.0,2004,,AFR,2004,2004,Africa,,NGA,Nigeria,,AGE35-39,35-39 years,,FMLE,Female,,,,,,,,0.056,0.05632,,,,,
1003,LIFE_0000000031,lx - number of people left alive at age x,https://www.who.int/data/gho/indicator-metadata-registry/imr-details/31,,,,PUBLISHED,Published,,2004.0,2004,,AFR,2004,2004,Africa,,NGA,Nigeria,,AGE35-39,35-39 years,,FMLE,Female,,,,,,,,69022.54,69022.54000,,,,,
1004,LIFE_0000000032,ndx - number of people dying between ages x and x+n,https://www.who.int/data/gho/indicator-metadata-registry/imr-details/32,,,,PUBLISHED,Published,,2004.0,2004,,AFR,2004,2004,Africa,,NGA,Nigeria,,AGE35-39,35-39 years,,FMLE,Female,,,,,,,,3887.062,3887.06200,,,,,
1005,LIFE_0000000033,nLx - person-years lived between ages x and x+n,https://www.who.int/data/gho/indicator-metadata-registry/imr-details/33,,,,PUBLISHED,Published,,2004.0,2004,,AFR,2004,2004,Africa,,NGA,Nigeria,,AGE35-39,35-39 years,,FMLE,Female,,,,,,,,335424.1,335424.10000,,,,,
1006,LIFE_0000000033,nLx - person-years lived between ages x and x+n,https://www.who.int/data/gho/indicator-metadata-registry/imr-details/33,,,,PUBLISHED,Published,,2004.0,2004,,AFR,2004,2004,Africa,,NGA,Nigeria,,AGE45-49,45-49 years,,FMLE,Female,,,,,,,,299220,299220.00000,,,,,
1007,LIFE_0000000034,Tx - person-years lived above age x,https://www.who.int/data/gho/indicator-metadata-registry/imr-details/34,,,,PUBLISHED,Published,,2004.0,2004,,AFR,2004,2004,Africa,,NGA,Nigeria,,AGE45-49,45-49 years,,FMLE,Female,,,,,,,,1485222,1485222.00000,,,,,
1008,LIFE_0000000035,ex - expectation of life at age x,https://www.who.int/data/gho/indicator-metadata-registry/imr-details/35,,,,PUBLISHED,Published,,2004.0,2004,,AFR,2004,2004,Africa,,NGA,Nigeria,,AGE45-49,45-49 years,,FMLE,Female,,,,,,,,24.1,24.12866,,,,,
1009,LIFE_0000000029,nMx - age-specific death rate between ages x and x+n,https://www.who.int/data/gho/indicator-metadata-registry/imr-details/29,,,,PUBLISHED,Published,,2004.0,2004,,AFR,2004,2004,Africa,,NGA,Nigeria,,AGE50-54,50-54 years,,FMLE,Female,,,,,,,,0.015,0.01453,,,,,
1010,LIFE_0000000035,ex - expectation of life at age x,https://www.who.int/data/gho/indicator-metadata-registry/imr-details/35,,,,PUBLISHED,Published,,2004.0,2004,,AFR,2004,2004,Africa,,NGA,Nigeria,,AGE55-59,55-59 years,,FMLE,Female,,,,,,,,16.8,16.77459,,,,,
1011,LIFE_0000000029,nMx - age-specific death rate between ages x and x+n,https://www.who.int/data/gho/indicator-metadata-registry/imr-details/29,,,,PUBLISHED,Published,,2004.0,2004,,AFR,2004,2004,Africa,,NGA,Nigeria,,AGE60-64,60-64 years,,FMLE,Female,,,,,,,,0.034,0.03442,,,,,
1012,LIFE_0000000030,nqx - probability of dying between ages x and x+n,https://www.who.int/data/gho/indicator-metadata-registry/imr-details/30,,,,PUBLISHED,Published,,2004.0,2004,,AFR,2004,2004,Africa,,NGA,Nigeria,,AGE60-64,60-64 years,,FMLE,Female,,,,,,,,0.159,0.15911,,,,,
1013,LIFE_0000000031,lx - number of people left alive at age x,https://www.who.int/data/gho/indicator-metadata-registry/imr-details/31,,,,PUBLISHED,Published,,2004.0,2004,,AFR,2004,2004,Africa,,NGA,Nigeria,,AGE60-64,60-64 years,,FMLE,Female,,,,,,,,49091.97,49091.97000,,,,,
1014,LIFE_0000000032,ndx - number of people dying between ages x and x+n,https://www.who.int/data/gho/indicator-metadata-registry/imr-details/32,,,,PUBLISHED,Published,,2004.0,2004,,AFR,2004,2004,Africa,,NGA,Nigeria,,AGE60-64,60-64 years,,FMLE,Female,,,,,,,,7810.932,7810.93200,,,,,
1015,LIFE_0000000031,lx - number of people left alive at age x,https://www.who.int/data/gho/indicator-metadata-registry/imr-details/31,,,,PUBLISHED,Published,,2004.0,2004,,AFR,2004,2004,Africa,,NGA,Nigeria,,AGE70-74,70-74 years,,FMLE,Female,,,,,,,,31378.8,31378.80000,,,,,
1016,LIFE_0000000032,ndx - number of people dying between ages x and x+n,https://www.who.int/data/gho/indicator-metadata-registry/imr-details/32,,,,PUBLISHED,Published,,2004.0,2004,,AFR,2004,2004,Africa,,NGA,Nigeria,,AGE70-74,70-74 years,,FMLE,Female,,,,,,,,11482.58,11482.58000,,,,,
1017,LIFE_0000000033,nLx - person-years lived between ages x and x+n,https://www.who.int/data/gho/indicator-metadata-registry/imr-details/33,,,,PUBLISHED,Published,,2004.0,2004,,AFR,2004,2004,Africa,,NGA,Nigeria,,AGE70-74,70-74 years,,FMLE,Female,,,,,,,,128402.6,128402.60000,,,,,
1018,LIFE_0000000034,Tx - person-years lived above age x,https://www.who.int/data/gho/indicator-metadata-registry/imr-details/34,,,,PUBLISHED,Published,,2004.0,2004,,AFR,2004,2004,Africa,,NGA,Nigeria,,AGE70-74,70-74 years,,FMLE,Female,,,,,,,,237768.5,237768.50000,,,,,
1019,LIFE_0000000034,Tx - person-years lived above age x,https://www.who.int/data/gho/indicator-metadata-registry/imr-details/34,,,,PUBLISHED,Published,,2004.0,2004,,AFR,2004,2004,Africa,,NGA,Nigeria,,AGE80-84,80-84 years,,FMLE,Female,,,,,,,,37025.51,37025.51000,,,,,
1020,LIFE_0000000035,ex - expectation of life at age x,https://www.who.int/data/gho/indicator-metadata-registry/imr-details/35,,,,PUBLISHED,Published,,2004.0,2004,,AFR,2004,2004,Africa,,NGA,Nigeria,,AGE80-84,80-84 years,,FMLE,Female,,,,,,,,3.9,3.91018,,,,,
1021,LIFE_0000000029,nMx - age-specific death rate between ages x and x+n,https://www.who.int/data/gho/indicator-metadata-registry/imr-details/29,,,,PUBLISHED,Published,,2004.0,2004,,AFR,2004,2004,Africa,,NGA,Nigeria,,AGE85PLUS,85+ years,,FMLE,Female,,,,,,,,0.352,0.35232,,,,,
1022,LIFE_0000000030,nqx - probability of dying between ages x and x+n,https://www.who.int/data/gho/indicator-metadata-registry/imr-details/30,,,,PUBLISHED,Published,,2004.0,2004,,AFR,2004,2004,Africa,,NGA,Nigeria,,AGE85PLUS,85+ years,,FMLE,Female,,,,,,,,1,1.00000,,,,,
1023,LIFE_0000000030,nqx - probability of dying between ages x and x+n,https://www.who.int/data/gho/indicator-metadata-registry/imr-details/30,,,,PUBLISHED,Published,,2005.0,2005,,AFR,2005,2005,Africa,,NGA,Nigeria,,AGE1-4,1-4 years,,MLE,Male,,,,,,,,0.066,0.06620,,,,,
1024,LIFE_0000000031,lx - number of people left alive at age x,https://www.who.int/data/gho/indicator-metadata-registry/imr-details/31,,,,PUBLISHED,Published,,2005.0,2005,,AFR,2005,2005,Africa,,NGA,Nigeria,,AGE1-4,1-4 years,,MLE,Male,,,,,,,,89621.2,89621.20000,,,,,
1025,LIFE_0000000032,ndx - number of people dying between ages x and x+n,https://www.who.int/data/gho/indicator-metadata-registry/imr-details/32,,,,PUBLISHED,Published,,2005.0,2005,,AFR,2005,2005,Africa,,NGA,Nigeria,,AGE1-4,1-4 years,,MLE,Male,,,,,,,,5933.066,5933.06600,,,,,
1026,LIFE_0000000033,nLx - person-years lived between ages x and x+n,https://www.who.int/data/gho/indicator-metadata-registry/imr-details/33,,,,PUBLISHED,Published,,2005.0,2005,,AFR,2005,2005,Africa,,NGA,Nigeria,,AGE1-4,1-4 years,,MLE,Male,,,,,,,,342802.1,342802.10000,,,,,
1027,LIFE_0000000032,ndx - number of people dying between ages x and x+n,https://www.who.int/data/gho/indicator-metadata-registry/imr-details/32,,,,PUBLISHED,Published,,2005.0,2005,,AFR,2005,2005,Africa,,NGA,Nigeria,,AGE10-14,10-14 years,,MLE,Male,,,,,,,,670.732,670.73210,,,,,
1028,LIFE_0000000033,nLx - person-years lived between ages x and x+n,https://www.who.int/data/gho/indicator-metadata-registry/imr-details/33,,,,PUBLISHED,Published,,2005.0,2005,,AFR,2005,2005,Africa,,NGA,Nigeria,,AGE10-14,10-14 years,,MLE,Male,,,,,,,,408590.8,408590.80000,,,,,
1029,LIFE_0000000034,Tx - person-years lived above age x,https://www.who.int/data/gho/indicator-metadata-registry/imr-details/34,,,,PUBLISHED,Published,,2005.0,2005,,AFR,2005,2005,Africa,,NGA,Nigeria,,AGE10-14,10-14 years,,MLE,Male,,,,,,,,4071951,4071951.00000,,,,,
1030,LIFE_0000000035,ex - expectation of life at age x,https://www.who.int/data/gho/indicator-metadata-registry/imr-details/35,,,,PUBLISHED,Published,,2005.0,2005,,AFR,2005,2005,Africa,,NGA,Nigeria,,AGE10-14,10-14 years,,MLE,Male,,,,,,,,49.6,49.62553,,,,,
1031,WHOSIS_000015,Life expectancy at age 60 (years),https://www.who.int/data/gho/indicator-metadata-registry/imr-details/2977,,,,PUBLISHED,Published,,2003.0,2003,,AFR,2003,2003,Africa,,NGA,Nigeria,,,,,MLE,Male,,,,,,,,12.7,12.71481,,,,,WHO life table method: Other HIV countries
1032,WHOSIS_000015,Life expectancy at age 60 (years),https://www.who.int/data/gho/indicator-metadata-registry/imr-details/2977,,,,PUBLISHED,Published,,2005.0,2005,,AFR,2005,2005,Africa,,NGA,Nigeria,,,,,MLE,Male,,,,,,,,12.9,12.89366,,,,,WHO life table method: Other HIV countries
1033,WHOSIS_000015,Life expectancy at age 60 (years),https://www.who.int/data/gho/indicator-metadata-registry/imr-details/2977,,,,PUBLISHED,Published,,2012.0,2012,,AFR,2012,2012,Africa,,NGA,Nigeria,,,,,MLE,Male,,,,,,,,13.4,13.41034,,,,,WHO life table method: Other HIV countries
1034,WHOSIS_000015,Life expectancy at age 60 (years),https://www.who.int/data/gho/indicator-metadata-registry/imr-details/2977,,,,PUBLISHED,Published,,2014.0,2014,,AFR,2014,2014,Africa,,NGA,Nigeria,,,,,MLE,Male,,,,,,,,13.5,13.53663,,,,,WHO life table method: Other HIV countries
1035,WHOSIS_000015,Life expectancy at age 60 (years),https://www.who.int/data/gho/indicator-metadata-registry/imr-details/2977,,,,PUBLISHED,Published,,2003.0,2003,,AFR,2003,2003,Africa,,NGA,Nigeria,,,,,FMLE,Female,,,,,,,,13.1,13.11502,,,,,WHO life table method: Other HIV countries
1036,WHOSIS_000015,Life expectancy at age 60 (years),https://www.who.int/data/gho/indicator-metadata-registry/imr-details/2977,,,,PUBLISHED,Published,,2005.0,2005,,AFR,2005,2005,Africa,,NGA,Nigeria,,,,,FMLE,Female,,,,,,,,13.3,13.29639,,,,,WHO life table method: Other HIV countries
1037,WHOSIS_000015,Life expectancy at age 60 (years),https://www.who.int/data/gho/indicator-metadata-registry/imr-details/2977,,,,PUBLISHED,Published,,2010.0,2010,,AFR,2010,2010,Africa,,NGA,Nigeria,,,,,FMLE,Female,,,,,,,,13.7,13.74076,,,,,WHO life table method: Other HIV countries
1038,WHOSIS_000015,Life expectancy at age 60 (years),https://www.who.int/data/gho/indicator-metadata-registry/imr-details/2977,,,,PUBLISHED,Published,,2012.0,2012,,AFR,2012,2012,Africa,,NGA,Nigeria,,,,,FMLE,Female,,,,,,,,13.9,13.85614,,,,,WHO life table method: Other HIV countries
1039,WHOSIS_000015,Life expectancy at age 60 (years),https://www.who.int/data/gho/indicator-metadata-registry/imr-details/2977,,,,PUBLISHED,Published,,2001.0,2001,,AFR,2001,2001,Africa,,NGA,Nigeria,,,,,BTSX,Both sexes,,,,,,,,13.0,12.97057,,,,,WHO life table method: Other HIV countries
1040,WHOSIS_000015,Life expectancy at age 60 (years),https://www.who.int/data/gho/indicator-metadata-registry/imr-details/2977,,,,PUBLISHED,Published,,2003.0,2003,,AFR,2003,2003,Africa,,NGA,Nigeria,,,,,BTSX,Both sexes,,,,,,,,12.9,12.92149,,,,,WHO life table method: Other HIV countries
1041,WHOSIS_000015,Life expectancy at age 60 (years),https://www.who.int/data/gho/indicator-metadata-registry/imr-details/2977,,,,PUBLISHED,Published,,2010.0,2010,,AFR,2010,2010,Africa,,NGA,Nigeria,,,,,BTSX,Both sexes,,,,,,,,13.5,13.53505,,,,,WHO life table method: Other HIV countries
1042,WHOSIS_000015,Life expectancy at age 60 (years),https://www.who.int/data/gho/indicator-metadata-registry/imr-details/2977,,,,PUBLISHED,Published,,2012.0,2012,,AFR,2012,2012,Africa,,NGA,Nigeria,,,,,BTSX,Both sexes,,,,,,,,13.6,13.63963,,,,,WHO life table method: Other HIV countries
1043,LIFE_0000000029,nMx - age-specific death rate between ages x and x+n,https://www.who.int/data/gho/indicator-metadata-registry/imr-details/29,,,,PUBLISHED,Published,,2000.0,2000,,AFR,2000,2000,Africa,,NGA,Nigeria,,AGELT1,<1 year,,MLE,Male,,,,,,,,0.132,0.13194,,,,,
1044,LIFE_0000000034,Tx - person-years lived above age x,https://www.who.int/data/gho/indicator-metadata-registry/imr-details/34,,,,PUBLISHED,Published,,2000.0,2000,,AFR,2000,2000,Africa,,NGA,Nigeria,,AGELT1,<1 year,,MLE,Male,,,,,,,,4690525,4690525.00000,,,,,
1045,LIFE_0000000029,nMx - age-specific death rate between ages x and x+n,https://www.who.int/data/gho/indicator-metadata-registry/imr-details/29,,,,PUBLISHED,Published,,2000.0,2000,,AFR,2000,2000,Africa,,NGA,Nigeria,,AGE1-4,1-4 years,,MLE,Male,,,,,,,,0.022,0.02197,,,,,
1046,LIFE_0000000029,nMx - age-specific death rate between ages x and x+n,https://www.who.int/data/gho/indicator-metadata-registry/imr-details/29,,,,PUBLISHED,Published,,2000.0,2000,,AFR,2000,2000,Africa,,NGA,Nigeria,,AGE5-9,5-9 years,,MLE,Male,,,,,,,,0.005,0.00473,,,,,
1047,LIFE_0000000031,lx - number of people left alive at age x,https://www.who.int/data/gho/indicator-metadata-registry/imr-details/31,,,,PUBLISHED,Published,,2000.0,2000,,AFR,2000,2000,Africa,,NGA,Nigeria,,AGE5-9,5-9 years,,MLE,Male,,,,,,,,80581.14,80581.14000,,,,,
1048,LIFE_0000000031,lx - number of people left alive at age x,https://www.who.int/data/gho/indicator-metadata-registry/imr-details/31,,,,PUBLISHED,Published,,2000.0,2000,,AFR,2000,2000,Africa,,NGA,Nigeria,,AGE10-14,10-14 years,,MLE,Male,,,,,,,,78696.99,78696.99000,,,,,
1049,LIFE_0000000033,nLx - person-years lived between ages x and x+n,https://www.who.int/data/gho/indicator-metadata-registry/imr-details/33,,,,PUBLISHED,Published,,2000.0,2000,,AFR,2000,2000,Africa,,NGA,Nigeria,,AGE10-14,10-14 years,,MLE,Male,,,,,,,,391739.7,391739.70000,,,,,
1050,LIFE_0000000031,lx - number of people left alive at age x,https://www.who.int/data/gho/indicator-metadata-registry/imr-details/31,,,,PUBLISHED,Published,,2000.0,2000,,AFR,2000,2000,Africa,,NGA,Nigeria,,AGE15-19,15-19  years,,MLE,Male,,,,,,,,77998.87,77998.87000,,,,,
1051,LIFE_0000000033,nLx - person-years lived between ages x and x+n,https://www.who.int/data/gho/indicator-metadata-registry/imr-details/33,,,,PUBLISHED,Published,,2000.0,2000,,AFR,2000,2000,Africa,,NGA,Nigeria,,AGE15-19,15-19  years,,MLE,Male,,,,,,,,386065.3,386065.30000,,,,,
1052,LIFE_0000000033,nLx - person-years lived between ages x and x+n,https://www.who.int/data/gho/indicator-metadata-registry/imr-details/33,,,,PUBLISHED,Published,,2000.0,2000,,AFR,2000,2000,Africa,,NGA,Nigeria,,AGE20-24,20-24 years,,MLE,Male,,,,,,,,375454.2,375454.20000,,,,,
1053,LIFE_0000000035,ex - expectation of life at age x,https://www.who.int/data/gho/indicator-metadata-registry/imr-details/35,,,,PUBLISHED,Published,,2000.0,2000,,AFR,2000,2000,Africa,,NGA,Nigeria,,AGE20-24,20-24 years,,MLE,Male,,,,,,,,40.5,40.46941,,,,,
1054,LIFE_0000000035,ex - expectation of life at age x,https://www.who.int/data/gho/indicator-metadata-registry/imr-details/35,,,,PUBLISHED,Published,,2000.0,2000,,AFR,2000,2000,Africa,,NGA,Nigeria,,AGE25-29,25-29 years,,MLE,Male,,,,,,,,36.8,36.79316,,,,,
1055,LIFE_0000000030,nqx - probability of dying between ages x and x+n,https://www.who.int/data/gho/indicator-metadata-registry/imr-details/30,,,,PUBLISHED,Published,,2000.0,2000,,AFR,2000,2000,Africa,,NGA,Nigeria,,AGE30-34,30-34 years,,MLE,Male,,,,,,,,0.045,0.04536,,,,,
1056,LIFE_0000000035,ex - expectation of life at age x,https://www.who.int/data/gho/indicator-metadata-registry/imr-details/35,,,,PUBLISHED,Published,,2000.0,2000,,AFR,2000,2000,Africa,,NGA,Nigeria,,AGE30-34,30-34 years,,MLE,Male,,,,,,,,33.2,33.20639,,,,,
1057,LIFE_0000000030,nqx - probability of dying between ages x and x+n,https://www.who.int/data/gho/indicator-metadata-registry/imr-details/30,,,,PUBLISHED,Published,,2000.0,2000,,AFR,2000,2000,Africa,,NGA,Nigeria,,AGE35-39,35-39 years,,MLE,Male,,,,,,,,0.054,0.05430,,,,,
1058,LIFE_0000000030,nqx - probability of dying between ages x and x+n,https://www.who.int/data/gho/indicator-metadata-registry/imr-details/30,,,,PUBLISHED,Published,,2000.0,2000,,AFR,2000,2000,Africa,,NGA,Nigeria,,AGE40-44,40-44 years,,MLE,Male,,,,,,,,0.062,0.06247,,,,,
1059,LIFE_0000000032,ndx - number of people dying between ages x and x+n,https://www.who.int/data/gho/indicator-metadata-registry/imr-details/32,,,,PUBLISHED,Published,,2000.0,2000,,AFR,2000,2000,Africa,,NGA,Nigeria,,AGE40-44,40-44 years,,MLE,Male,,,,,,,,3996.74,3996.74000,,,,,
1060,LIFE_0000000032,ndx - number of people dying between ages x and x+n,https://www.who.int/data/gho/indicator-metadata-registry/imr-details/32,,,,PUBLISHED,Published,,2000.0,2000,,AFR,2000,2000,Africa,,NGA,Nigeria,,AGE45-49,45-49 years,,MLE,Male,,,,,,,,4328.399,4328.39900,,,,,
1061,LIFE_0000000034,Tx - person-years lived above age x,https://www.who.int/data/gho/indicator-metadata-registry/imr-details/34,,,,PUBLISHED,Published,,2000.0,2000,,AFR,2000,2000,Africa,,NGA,Nigeria,,AGE45-49,45-49 years,,MLE,Male,,,,,,,,1367563,1367563.00000,,,,,
1062,LIFE_0000000032,ndx - number of people dying between ages x and x+n,https://www.who.int/data/gho/indicator-metadata-registry/imr-details/32,,,,PUBLISHED,Published,,2000.0,2000,,AFR,2000,2000,Africa,,NGA,Nigeria,,AGE50-54,50-54 years,,MLE,Male,,,,,,,,5037.766,5037.76600,,,,,
1063,LIFE_0000000034,Tx - person-years lived above age x,https://www.who.int/data/gho/indicator-metadata-registry/imr-details/34,,,,PUBLISHED,Published,,2000.0,2000,,AFR,2000,2000,Africa,,NGA,Nigeria,,AGE50-54,50-54 years,,MLE,Male,,,,,,,,1078153,1078153.00000,,,,,
1064,LIFE_0000000034,Tx - person-years lived above age x,https://www.who.int/data/gho/indicator-metadata-registry/imr-details/34,,,,PUBLISHED,Published,,2000.0,2000,,AFR,2000,2000,Africa,,NGA,Nigeria,,AGE55-59,55-59 years,,MLE,Male,,,,,,,,812034.3,812034.30000,,,,,
1065,LIFE_0000000029,nMx - age-specific death rate between ages x and x+n,https://www.who.int/data/gho/indicator-metadata-registry/imr-details/29,,,,PUBLISHED,Published,,2000.0,2000,,AFR,2000,2000,Africa,,NGA,Nigeria,,AGE60-64,60-64 years,,MLE,Male,,,,,,,,0.038,0.03842,,,,,
1066,LIFE_0000000029,nMx - age-specific death rate between ages x and x+n,https://www.who.int/data/gho/indicator-metadata-registry/imr-details/29,,,,PUBLISHED,Published,,2000.0,2000,,AFR,2000,2000,Africa,,NGA,Nigeria,,AGE65-69,65-69 years,,MLE,Male,,,,,,,,0.057,0.05738,,,,,
1067,LIFE_0000000031,lx - number of people left alive at age x,https://www.who.int/data/gho/indicator-metadata-registry/imr-details/31,,,,PUBLISHED,Published,,2000.0,2000,,AFR,2000,2000,Africa,,NGA,Nigeria,,AGE65-69,65-69 years,,MLE,Male,,,,,,,,36858.68,36858.68000,,,,,
1068,LIFE_0000000029,nMx - age-specific death rate between ages x and x+n,https://www.who.int/data/gho/indicator-metadata-registry/imr-details/29,,,,PUBLISHED,Published,,2000.0,2000,,AFR,2000,2000,Africa,,NGA,Nigeria,,AGE70-74,70-74 years,,MLE,Male,,,,,,,,0.091,0.09133,,,,,
1069,LIFE_0000000031,lx - number of people left alive at age x,https://www.who.int/data/gho/indicator-metadata-registry/imr-details/31,,,,PUBLISHED,Published,,2000.0,2000,,AFR,2000,2000,Africa,,NGA,Nigeria,,AGE70-74,70-74 years,,MLE,Male,,,,,,,,27582.16,27582.16000,,,,,
1070,LIFE_0000000031,lx - number of people left alive at age x,https://www.who.int/data/gho/indicator-metadata-registry/imr-details/31,,,,PUBLISHED,Published,,2000.0,2000,,AFR,2000,2000,Africa,,NGA,Nigeria,,AGE75-79,75-79 years,,MLE,Male,,,,,,,,17324.49,17324.49000,,,,,
1071,LIFE_0000000033,nLx - person-years lived between ages x and x+n,https://www.who.int/data/gho/indicator-metadata-registry/imr-details/33,,,,PUBLISHED,Published,,2000.0,2000,,AFR,2000,2000,Africa,,NGA,Nigeria,,AGE75-79,75-79 years,,MLE,Male,,,,,,,,62707.57,62707.57000,,,,,
1072,LIFE_0000000033,nLx - person-years lived between ages x and x+n,https://www.who.int/data/gho/indicator-metadata-registry/imr-details/33,,,,PUBLISHED,Published,,2000.0,2000,,AFR,2000,2000,Africa,,NGA,Nigeria,,AGE80-84,80-84 years,,MLE,Male,,,,,,,,24920.16,24920.16000,,,,,
1073,LIFE_0000000035,ex - expectation of life at age x,https://www.who.int/data/gho/indicator-metadata-registry/imr-details/35,,,,PUBLISHED,Published,,2000.0,2000,,AFR,2000,2000,Africa,,NGA,Nigeria,,AGE80-84,80-84 years,,MLE,Male,,,,,,,,3.9,3.89129,,,,,
1074,LIFE_0000000033,nLx - person-years lived between ages x and x+n,https://www.who.int/data/gho/indicator-metadata-registry/imr-details/33,,,,PUBLISHED,Published,,2000.0,2000,,AFR,2000,2000,Africa,,NGA,Nigeria,,AGE85PLUS,85+ years,,MLE,Male,,,,,,,,6874.017,6874.01700,,,,,
1075,LIFE_0000000035,ex - expectation of life at age x,https://www.who.int/data/gho/indicator-metadata-registry/imr-details/35,,,,PUBLISHED,Published,,2000.0,2000,,AFR,2000,2000,Africa,,NGA,Nigeria,,AGE85PLUS,85+ years,,MLE,Male,,,,,,,,2.8,2.77679,,,,,
1076,LIFE_0000000035,ex - expectation of life at age x,https://www.who.int/data/gho/indicator-metadata-registry/imr-details/35,,,,PUBLISHED,Published,,2000.0,2000,,AFR,2000,2000,Africa,,NGA,Nigeria,,AGELT1,<1 year,,FMLE,Female,,,,,,,,47.8,47.79913,,,,,
1077,LIFE_0000000030,nqx - probability of dying between ages x and x+n,https://www.who.int/data/gho/indicator-metadata-registry/imr-details/30,,,,PUBLISHED,Published,,2000.0,2000,,AFR,2000,2000,Africa,,NGA,Nigeria,,AGE1-4,1-4 years,,FMLE,Female,,,,,,,,0.086,0.08561,,,,,
1078,LIFE_0000000030,nqx - probability of dying between ages x and x+n,https://www.who.int/data/gho/indicator-metadata-registry/imr-details/30,,,,PUBLISHED,Published,,2000.0,2000,,AFR,2000,2000,Africa,,NGA,Nigeria,,AGE5-9,5-9 years,,FMLE,Female,,,,,,,,0.028,0.02843,,,,,
1079,LIFE_0000000032,ndx - number of people dying between ages x and x+n,https://www.who.int/data/gho/indicator-metadata-registry/imr-details/32,,,,PUBLISHED,Published,,2000.0,2000,,AFR,2000,2000,Africa,,NGA,Nigeria,,AGE5-9,5-9 years,,FMLE,Female,,,,,,,,2320.593,2320.59300,,,,,
1080,LIFE_0000000030,nqx - probability of dying between ages x and x+n,https://www.who.int/data/gho/indicator-metadata-registry/imr-details/30,,,,PUBLISHED,Published,,2000.0,2000,,AFR,2000,2000,Africa,,NGA,Nigeria,,AGE10-14,10-14 years,,FMLE,Female,,,,,,,,0.011,0.01139,,,,,
1081,LIFE_0000000032,ndx - number of people dying between ages x and x+n,https://www.who.int/data/gho/indicator-metadata-registry/imr-details/32,,,,PUBLISHED,Published,,2000.0,2000,,AFR,2000,2000,Africa,,NGA,Nigeria,,AGE10-14,10-14 years,,FMLE,Female,,,,,,,,902.853,902.85320,,,,,
1082,LIFE_0000000032,ndx - number of people dying between ages x and x+n,https://www.who.int/data/gho/indicator-metadata-registry/imr-details/32,,,,PUBLISHED,Published,,2000.0,2000,,AFR,2000,2000,Africa,,NGA,Nigeria,,AGE15-19,15-19  years,,FMLE,Female,,,,,,,,2008.474,2008.47400,,,,,
1083,LIFE_0000000034,Tx - person-years lived above age x,https://www.who.int/data/gho/indicator-metadata-registry/imr-details/34,,,,PUBLISHED,Published,,2000.0,2000,,AFR,2000,2000,Africa,,NGA,Nigeria,,AGE15-19,15-19  years,,FMLE,Female,,,,,,,,3553572,3553572.00000,,,,,
1084,LIFE_0000000034,Tx - person-years lived above age x,https://www.who.int/data/gho/indicator-metadata-registry/imr-details/34,,,,PUBLISHED,Published,,2000.0,2000,,AFR,2000,2000,Africa,,NGA,Nigeria,,AGE20-24,20-24 years,,FMLE,Female,,,,,,,,3166409,3166409.00000,,,,,
1085,LIFE_0000000029,nMx - age-specific death rate between ages x and x+n,https://www.who.int/data/gho/indicator-metadata-registry/imr-details/29,,,,PUBLISHED,Published,,2000.0,2000,,AFR,2000,2000,Africa,,NGA,Nigeria,,AGE25-29,25-29 years,,FMLE,Female,,,,,,,,0.01,0.00953,,,,,
1086,LIFE_0000000034,Tx - person-years lived above age x,https://www.who.int/data/gho/indicator-metadata-registry/imr-details/34,,,,PUBLISHED,Published,,2000.0,2000,,AFR,2000,2000,Africa,,NGA,Nigeria,,AGE25-29,25-29 years,,FMLE,Female,,,,,,,,2791072,2791072.00000,,,,,
1087,LIFE_0000000029,nMx - age-specific death rate between ages x and x+n,https://www.who.int/data/gho/indicator-metadata-registry/imr-details/29,,,,PUBLISHED,Published,,2000.0,2000,,AFR,2000,2000,Africa,,NGA,Nigeria,,AGE30-34,30-34 years,,FMLE,Female,,,,,,,,0.01,0.00993,,,,,
1088,LIFE_0000000029,nMx - age-specific death rate between ages x and x+n,https://www.who.int/data/gho/indicator-metadata-registry/imr-details/29,,,,PUBLISHED,Published,,2000.0,2000,,AFR,2000,2000,Africa,,NGA,Nigeria,,AGE35-39,35-39 years,,FMLE,Female,,,,,,,,0.011,0.01067,,,,,
1089,LIFE_0000000031,lx - number of people left alive at age x,https://www.who.int/data/gho/indicator-metadata-registry/imr-details/31,,,,PUBLISHED,Published,,2000.0,2000,,AFR,2000,2000,Africa,,NGA,Nigeria,,AGE35-39,35-39 years,,FMLE,Female,,,,,,,,66866.13,66866.13000,,,,,
1090,LIFE_0000000031,lx - number of people left alive at age x,https://www.who.int/data/gho/indicator-metadata-registry/imr-details/31,,,,PUBLISHED,Published,,2000.0,2000,,AFR,2000,2000,Africa,,NGA,Nigeria,,AGE40-44,40-44 years,,FMLE,Female,,,,,,,,63392.54,63392.54000,,,,,
1091,LIFE_0000000033,nLx - person-years lived between ages x and x+n,https://www.who.int/data/gho/indicator-metadata-registry/imr-details/33,,,,PUBLISHED,Published,,2000.0,2000,,AFR,2000,2000,Africa,,NGA,Nigeria,,AGE40-44,40-44 years,,FMLE,Female,,,,,,,,308684.9,308684.90000,,,,,
1092,LIFE_0000000031,lx - number of people left alive at age x,https://www.who.int/data/gho/indicator-metadata-registry/imr-details/31,,,,PUBLISHED,Published,,2000.0,2000,,AFR,2000,2000,Africa,,NGA,Nigeria,,AGE45-49,45-49 years,,FMLE,Female,,,,,,,,60068.28,60068.28000,,,,,
1093,LIFE_0000000033,nLx - person-years lived between ages x and x+n,https://www.who.int/data/gho/indicator-metadata-registry/imr-details/33,,,,PUBLISHED,Published,,2000.0,2000,,AFR,2000,2000,Africa,,NGA,Nigeria,,AGE45-49,45-49 years,,FMLE,Female,,,,,,,,292208.4,292208.40000,,,,,
1094,LIFE_0000000035,ex - expectation of life at age x,https://www.who.int/data/gho/indicator-metadata-registry/imr-details/35,,,,PUBLISHED,Published,,2000.0,2000,,AFR,2000,2000,Africa,,NGA,Nigeria,,AGE45-49,45-49 years,,FMLE,Female,,,,,,,,24.2,24.20426,,,,,
1095,LIFE_0000000033,nLx - person-years lived between ages x and x+n,https://www.who.int/data/gho/indicator-metadata-registry/imr-details/33,,,,PUBLISHED,Published,,2000.0,2000,,AFR,2000,2000,Africa,,NGA,Nigeria,,AGE50-54,50-54 years,,FMLE,Female,,,,,,,,274186.5,274186.50000,,,,,
1096,LIFE_0000000035,ex - expectation of life at age x,https://www.who.int/data/gho/indicator-metadata-registry/imr-details/35,,,,PUBLISHED,Published,,2000.0,2000,,AFR,2000,2000,Africa,,NGA,Nigeria,,AGE50-54,50-54 years,,FMLE,Female,,,,,,,,20.5,20.47392,,,,,
1097,LIFE_0000000035,ex - expectation of life at age x,https://www.who.int/data/gho/indicator-metadata-registry/imr-details/35,,,,PUBLISHED,Published,,2000.0,2000,,AFR,2000,2000,Africa,,NGA,Nigeria,,AGE55-59,55-59 years,,FMLE,Female,,,,,,,,16.8,16.81526,,,,,
1098,LIFE_0000000030,nqx - probability of dying between ages x and x+n,https://www.who.int/data/gho/indicator-metadata-registry/imr-details/30,,,,PUBLISHED,Published,,2000.0,2000,,AFR,2000,2000,Africa,,NGA,Nigeria,,AGE60-64,60-64 years,,FMLE,Female,,,,,,,,0.157,0.15745,,,,,
1099,LIFE_0000000035,ex - expectation of life at age x,https://www.who.int/data/gho/indicator-metadata-registry/imr-details/35,,,,PUBLISHED,Published,,2000.0,2000,,AFR,2000,2000,Africa,,NGA,Nigeria,,AGE60-64,60-64 years,,FMLE,Female,,,,,,,,13.2,13.24623,,,,,
1100,LIFE_0000000030,nqx - probability of dying between ages x and x+n,https://www.who.int/data/gho/indicator-metadata-registry/imr-details/30,,,,PUBLISHED,Published,,2000.0,2000,,AFR,2000,2000,Africa,,NGA,Nigeria,,AGE65-69,65-69 years,,FMLE,Female,,,,,,,,0.238,0.23782,,,,,
1101,LIFE_0000000032,ndx - number of people dying between ages x and x+n,https://www.who.int/data/gho/indicator-metadata-registry/imr-details/32,,,,PUBLISHED,Published,,2000.0,2000,,AFR,2000,2000,Africa,,NGA,Nigeria,,AGE65-69,65-69 years,,FMLE,Female,,,,,,,,9606.79,9606.79000,,,,,
1102,LIFE_0000000030,nqx - probability of dying between ages x and x+n,https://www.who.int/data/gho/indicator-metadata-registry/imr-details/30,,,,PUBLISHED,Published,,2000.0,2000,,AFR,2000,2000,Africa,,NGA,Nigeria,,AGE70-74,70-74 years,,FMLE,Female,,,,,,,,0.363,0.36344,,,,,
1103,LIFE_0000000032,ndx - number of people dying between ages x and x+n,https://www.who.int/data/gho/indicator-metadata-registry/imr-details/32,,,,PUBLISHED,Published,,2000.0,2000,,AFR,2000,2000,Africa,,NGA,Nigeria,,AGE70-74,70-74 years,,FMLE,Female,,,,,,,,11189.71,11189.71000,,,,,
1104,LIFE_0000000032,ndx - number of people dying between ages x and x+n,https://www.who.int/data/gho/indicator-metadata-registry/imr-details/32,,,,PUBLISHED,Published,,2000.0,2000,,AFR,2000,2000,Africa,,NGA,Nigeria,,AGE75-79,75-79 years,,FMLE,Female,,,,,,,,10219.45,10219.45000,,,,,
1105,LIFE_0000000034,Tx - person-years lived above age x,https://www.who.int/data/gho/indicator-metadata-registry/imr-details/34,,,,PUBLISHED,Published,,2000.0,2000,,AFR,2000,2000,Africa,,NGA,Nigeria,,AGE75-79,75-79 years,,FMLE,Female,,,,,,,,108264.6,108264.60000,,,,,
1106,LIFE_0000000032,ndx - number of people dying between ages x and x+n,https://www.who.int/data/gho/indicator-metadata-registry/imr-details/32,,,,PUBLISHED,Published,,2000.0,2000,,AFR,2000,2000,Africa,,NGA,Nigeria,,AGE80-84,80-84 years,,FMLE,Female,,,,,,,,6515.437,6515.43700,,,,,
1107,LIFE_0000000034,Tx - person-years lived above age x,https://www.who.int/data/gho/indicator-metadata-registry/imr-details/34,,,,PUBLISHED,Published,,2000.0,2000,,AFR,2000,2000,Africa,,NGA,Nigeria,,AGE80-84,80-84 years,,FMLE,Female,,,,,,,,36848.14,36848.14000,,,,,
1108,LIFE_0000000029,nMx - age-specific death rate between ages x and x+n,https://www.who.int/data/gho/indicator-metadata-registry/imr-details/29,,,,PUBLISHED,Published,,2000.0,2000,,AFR,2000,2000,Africa,,NGA,Nigeria,,AGE85PLUS,85+ years,,FMLE,Female,,,,,,,,0.351,0.35088,,,,,
1109,LIFE_0000000034,Tx - person-years lived above age x,https://www.who.int/data/gho/indicator-metadata-registry/imr-details/34,,,,PUBLISHED,Published,,2000.0,2000,,AFR,2000,2000,Africa,,NGA,Nigeria,,AGE85PLUS,85+ years,,FMLE,Female,,,,,,,,8162.738,8162.73800,,,,,
1110,LIFE_0000000029,nMx - age-specific death rate between ages x and x+n,https://www.who.int/data/gho/indicator-metadata-registry/imr-details/29,,,,PUBLISHED,Published,,2001.0,2001,,AFR,2001,2001,Africa,,NGA,Nigeria,,AGELT1,<1 year,,MLE,Male,,,,,,,,0.128,0.12800,,,,,
1111,LIFE_0000000029,nMx - age-specific death rate between ages x and x+n,https://www.who.int/data/gho/indicator-metadata-registry/imr-details/29,,,,PUBLISHED,Published,,2001.0,2001,,AFR,2001,2001,Africa,,NGA,Nigeria,,AGE1-4,1-4 years,,MLE,Male,,,,,,,,0.021,0.02096,,,,,
1112,LIFE_0000000031,lx - number of people left alive at age x,https://www.who.int/data/gho/indicator-metadata-registry/imr-details/31,,,,PUBLISHED,Published,,2001.0,2001,,AFR,2001,2001,Africa,,NGA,Nigeria,,AGE1-4,1-4 years,,MLE,Male,,,,,,,,88210.63,88210.63000,,,,,
1113,LIFE_0000000031,lx - number of people left alive at age x,https://www.who.int/data/gho/indicator-metadata-registry/imr-details/31,,,,PUBLISHED,Published,,2001.0,2001,,AFR,2001,2001,Africa,,NGA,Nigeria,,AGE5-9,5-9 years,,MLE,Male,,,,,,,,81205.52,81205.52000,,,,,
1114,LIFE_0000000033,nLx - person-years lived between ages x and x+n,https://www.who.int/data/gho/indicator-metadata-registry/imr-details/33,,,,PUBLISHED,Published,,2001.0,2001,,AFR,2001,2001,Africa,,NGA,Nigeria,,AGE5-9,5-9 years,,MLE,Male,,,,,,,,401439.6,401439.60000,,,,,
1115,LIFE_0000000031,lx - number of people left alive at age x,https://www.who.int/data/gho/indicator-metadata-registry/imr-details/31,,,,PUBLISHED,Published,,2001.0,2001,,AFR,2001,2001,Africa,,NGA,Nigeria,,AGE10-14,10-14 years,,MLE,Male,,,,,,,,79370.31,79370.31000,,,,,
1116,LIFE_0000000033,nLx - person-years lived between ages x and x+n,https://www.who.int/data/gho/indicator-metadata-registry/imr-details/33,,,,PUBLISHED,Published,,2001.0,2001,,AFR,2001,2001,Africa,,NGA,Nigeria,,AGE10-14,10-14 years,,MLE,Male,,,,,,,,395114.6,395114.60000,,,,,
1117,LIFE_0000000033,nLx - person-years lived between ages x and x+n,https://www.who.int/data/gho/indicator-metadata-registry/imr-details/33,,,,PUBLISHED,Published,,2001.0,2001,,AFR,2001,2001,Africa,,NGA,Nigeria,,AGE15-19,15-19  years,,MLE,Male,,,,,,,,389436.7,389436.70000,,,,,
1118,LIFE_0000000035,ex - expectation of life at age x,https://www.who.int/data/gho/indicator-metadata-registry/imr-details/35,,,,PUBLISHED,Published,,2001.0,2001,,AFR,2001,2001,Africa,,NGA,Nigeria,,AGE15-19,15-19  years,,MLE,Male,,,,,,,,44.4,44.42393,,,,,
1119,LIFE_0000000035,ex - expectation of life at age x,https://www.who.int/data/gho/indicator-metadata-registry/imr-details/35,,,,PUBLISHED,Published,,2001.0,2001,,AFR,2001,2001,Africa,,NGA,Nigeria,,AGE20-24,20-24 years,,MLE,Male,,,,,,,,40.3,40.31329,,,,,
1120,LIFE_0000000030,nqx - probability of dying between ages x and x+n,https://www.who.int/data/gho/indicator-metadata-registry/imr-details/30,,,,PUBLISHED,Published,,2001.0,2001,,AFR,2001,2001,Africa,,NGA,Nigeria,,AGE25-29,25-29 years,,MLE,Male,,,,,,,,0.04,0.03983,,,,,
1121,LIFE_0000000035,ex - expectation of life at age x,https://www.who.int/data/gho/indicator-metadata-registry/imr-details/35,,,,PUBLISHED,Published,,2001.0,2001,,AFR,2001,2001,Africa,,NGA,Nigeria,,AGE25-29,25-29 years,,MLE,Male,,,,,,,,36.6,36.62440,,,,,
1122,LIFE_0000000030,nqx - probability of dying between ages x and x+n,https://www.who.int/data/gho/indicator-metadata-registry/imr-details/30,,,,PUBLISHED,Published,,2001.0,2001,,AFR,2001,2001,Africa,,NGA,Nigeria,,AGE30-34,30-34 years,,MLE,Male,,,,,,,,0.046,0.04620,,,,,
1123,LIFE_0000000030,nqx - probability of dying between ages x and x+n,https://www.who.int/data/gho/indicator-metadata-registry/imr-details/30,,,,PUBLISHED,Published,,2001.0,2001,,AFR,2001,2001,Africa,,NGA,Nigeria,,AGE35-39,35-39 years,,MLE,Male,,,,,,,,0.056,0.05561,,,,,
1124,LIFE_0000000032,ndx - number of people dying between ages x and x+n,https://www.who.int/data/gho/indicator-metadata-registry/imr-details/32,,,,PUBLISHED,Published,,2001.0,2001,,AFR,2001,2001,Africa,,NGA,Nigeria,,AGE35-39,35-39 years,,MLE,Male,,,,,,,,3792.087,3792.08700,,,,,
1125,LIFE_0000000032,ndx - number of people dying between ages x and x+n,https://www.who.int/data/gho/indicator-metadata-registry/imr-details/32,,,,PUBLISHED,Published,,2001.0,2001,,AFR,2001,2001,Africa,,NGA,Nigeria,,AGE40-44,40-44 years,,MLE,Male,,,,,,,,4102.804,4102.80400,,,,,
1126,LIFE_0000000034,Tx - person-years lived above age x,https://www.who.int/data/gho/indicator-metadata-registry/imr-details/34,,,,PUBLISHED,Published,,2001.0,2001,,AFR,2001,2001,Africa,,NGA,Nigeria,,AGE40-44,40-44 years,,MLE,Male,,,,,,,,1681120,1681120.00000,,,,,
1127,LIFE_0000000032,ndx - number of people dying between ages x and x+n,https://www.who.int/data/gho/indicator-metadata-registry/imr-details/32,,,,PUBLISHED,Published,,2001.0,2001,,AFR,2001,2001,Africa,,NGA,Nigeria,,AGE45-49,45-49 years,,MLE,Male,,,,,,,,4418.499,4418.49900,,,,,
1128,LIFE_0000000034,Tx - person-years lived above age x,https://www.who.int/data/gho/indicator-metadata-registry/imr-details/34,,,,PUBLISHED,Published,,2001.0,2001,,AFR,2001,2001,Africa,,NGA,Nigeria,,AGE45-49,45-49 years,,MLE,Male,,,,,,,,1369169,1369169.00000,,,,,
1129,LIFE_0000000034,Tx - person-years lived above age x,https://www.who.int/data/gho/indicator-metadata-registry/imr-details/34,,,,PUBLISHED,Published,,2001.0,2001,,AFR,2001,2001,Africa,,NGA,Nigeria,,AGE50-54,50-54 years,,MLE,Male,,,,,,,,1078451,1078451.00000,,,,,
1130,LIFE_0000000029,nMx - age-specific death rate between ages x and x+n,https://www.who.int/data/gho/indicator-metadata-registry/imr-details/29,,,,PUBLISHED,Published,,2001.0,2001,,AFR,2001,2001,Africa,,NGA,Nigeria,,AGE55-59,55-59 years,,MLE,Male,,,,,,,,0.025,0.02481,,,,,
1131,LIFE_0000000029,nMx - age-specific death rate between ages x and x+n,https://www.who.int/data/gho/indicator-metadata-registry/imr-details/29,,,,PUBLISHED,Published,,2001.0,2001,,AFR,2001,2001,Africa,,NGA,Nigeria,,AGE60-64,60-64 years,,MLE,Male,,,,,,,,0.039,0.03875,,,,,
1132,LIFE_0000000031,lx - number of people left alive at age x,https://www.who.int/data/gho/indicator-metadata-registry/imr-details/31,,,,PUBLISHED,Published,,2001.0,2001,,AFR,2001,2001,Africa,,NGA,Nigeria,,AGE60-64,60-64 years,,MLE,Male,,,,,,,,44819.88,44819.88000,,,,,
1133,LIFE_0000000029,nMx - age-specific death rate between ages x and x+n,https://www.who.int/data/gho/indicator-metadata-registry/imr-details/29,,,,PUBLISHED,Published,,2001.0,2001,,AFR,2001,2001,Africa,,NGA,Nigeria,,AGE65-69,65-69 years,,MLE,Male,,,,,,,,0.058,0.05789,,,,,
1134,LIFE_0000000031,lx - number of people left alive at age x,https://www.who.int/data/gho/indicator-metadata-registry/imr-details/31,,,,PUBLISHED,Published,,2001.0,2001,,AFR,2001,2001,Africa,,NGA,Nigeria,,AGE65-69,65-69 years,,MLE,Male,,,,,,,,36879.21,36879.21000,,,,,
1135,LIFE_0000000031,lx - number of people left alive at age x,https://www.who.int/data/gho/indicator-metadata-registry/imr-details/31,,,,PUBLISHED,Published,,2001.0,2001,,AFR,2001,2001,Africa,,NGA,Nigeria,,AGE70-74,70-74 years,,MLE,Male,,,,,,,,27526.23,27526.23000,,,,,
1136,LIFE_0000000033,nLx - person-years lived between ages x and x+n,https://www.who.int/data/gho/indicator-metadata-registry/imr-details/33,,,,PUBLISHED,Published,,2001.0,2001,,AFR,2001,2001,Africa,,NGA,Nigeria,,AGE70-74,70-74 years,,MLE,Male,,,,,,,,111904.3,111904.30000,,,,,
1137,LIFE_0000000033,nLx - person-years lived between ages x and x+n,https://www.who.int/data/gho/indicator-metadata-registry/imr-details/33,,,,PUBLISHED,Published,,2001.0,2001,,AFR,2001,2001,Africa,,NGA,Nigeria,,AGE75-79,75-79 years,,MLE,Male,,,,,,,,62204.02,62204.02000,,,,,
1138,LIFE_0000000035,ex - expectation of life at age x,https://www.who.int/data/gho/indicator-metadata-registry/imr-details/35,,,,PUBLISHED,Published,,2001.0,2001,,AFR,2001,2001,Africa,,NGA,Nigeria,,AGE75-79,75-79 years,,MLE,Male,,,,,,,,5.4,5.42844,,,,,
1139,LIFE_0000000033,nLx - person-years lived between ages x and x+n,https://www.who.int/data/gho/indicator-metadata-registry/imr-details/33,,,,PUBLISHED,Published,,2001.0,2001,,AFR,2001,2001,Africa,,NGA,Nigeria,,AGE80-84,80-84 years,,MLE,Male,,,,,,,,24571.35,24571.35000,,,,,
1140,LIFE_0000000035,ex - expectation of life at age x,https://www.who.int/data/gho/indicator-metadata-registry/imr-details/35,,,,PUBLISHED,Published,,2001.0,2001,,AFR,2001,2001,Africa,,NGA,Nigeria,,AGE80-84,80-84 years,,MLE,Male,,,,,,,,3.9,3.87340,,,,,
1141,LIFE_0000000035,ex - expectation of life at age x,https://www.who.int/data/gho/indicator-metadata-registry/imr-details/35,,,,PUBLISHED,Published,,2001.0,2001,,AFR,2001,2001,Africa,,NGA,Nigeria,,AGE85PLUS,85+ years,,MLE,Male,,,,,,,,2.8,2.76444,,,,,
1142,LIFE_0000000030,nqx - probability of dying between ages x and x+n,https://www.who.int/data/gho/indicator-metadata-registry/imr-details/30,,,,PUBLISHED,Published,,2001.0,2001,,AFR,2001,2001,Africa,,NGA,Nigeria,,AGELT1,<1 year,,FMLE,Female,,,,,,,,0.104,0.10428,,,,,
1143,LIFE_0000000030,nqx - probability of dying between ages x and x+n,https://www.who.int/data/gho/indicator-metadata-registry/imr-details/30,,,,PUBLISHED,Published,,2001.0,2001,,AFR,2001,2001,Africa,,NGA,Nigeria,,AGE1-4,1-4 years,,FMLE,Female,,,,,,,,0.082,0.08209,,,,,
1144,LIFE_0000000032,ndx - number of people dying between ages x and x+n,https://www.who.int/data/gho/indicator-metadata-registry/imr-details/32,,,,PUBLISHED,Published,,2001.0,2001,,AFR,2001,2001,Africa,,NGA,Nigeria,,AGE1-4,1-4 years,,FMLE,Female,,,,,,,,7353.013,7353.01300,,,,,
1145,LIFE_0000000030,nqx - probability of dying between ages x and x+n,https://www.who.int/data/gho/indicator-metadata-registry/imr-details/30,,,,PUBLISHED,Published,,2001.0,2001,,AFR,2001,2001,Africa,,NGA,Nigeria,,AGE5-9,5-9 years,,FMLE,Female,,,,,,,,0.028,0.02760,,,,,
1146,LIFE_0000000032,ndx - number of people dying between ages x and x+n,https://www.who.int/data/gho/indicator-metadata-registry/imr-details/32,,,,PUBLISHED,Published,,2001.0,2001,,AFR,2001,2001,Africa,,NGA,Nigeria,,AGE5-9,5-9 years,,FMLE,Female,,,,,,,,2269.059,2269.05900,,,,,
1147,LIFE_0000000032,ndx - number of people dying between ages x and x+n,https://www.who.int/data/gho/indicator-metadata-registry/imr-details/32,,,,PUBLISHED,Published,,2001.0,2001,,AFR,2001,2001,Africa,,NGA,Nigeria,,AGE10-14,10-14 years,,FMLE,Female,,,,,,,,898.371,898.37050,,,,,
1148,LIFE_0000000034,Tx - person-years lived above age x,https://www.who.int/data/gho/indicator-metadata-registry/imr-details/34,,,,PUBLISHED,Published,,2001.0,2001,,AFR,2001,2001,Africa,,NGA,Nigeria,,AGE10-14,10-14 years,,FMLE,Female,,,,,,,,3964595,3964595.00000,,,,,
1149,LIFE_0000000034,Tx - person-years lived above age x,https://www.who.int/data/gho/indicator-metadata-registry/imr-details/34,,,,PUBLISHED,Published,,2001.0,2001,,AFR,2001,2001,Africa,,NGA,Nigeria,,AGE15-19,15-19  years,,FMLE,Female,,,,,,,,3567092,3567092.00000,,,,,
1150,LIFE_0000000029,nMx - age-specific death rate between ages x and x+n,https://www.who.int/data/gho/indicator-metadata-registry/imr-details/29,,,,PUBLISHED,Published,,2001.0,2001,,AFR,2001,2001,Africa,,NGA,Nigeria,,AGE20-24,20-24 years,,FMLE,Female,,,,,,,,0.007,0.00713,,,,,
1151,LIFE_0000000034,Tx - person-years lived above age x,https://www.who.int/data/gho/indicator-metadata-registry/imr-details/34,,,,PUBLISHED,Published,,2001.0,2001,,AFR,2001,2001,Africa,,NGA,Nigeria,,AGE20-24,20-24 years,,FMLE,Female,,,,,,,,3176651,3176651.00000,,,,,
1152,LIFE_0000000029,nMx - age-specific death rate between ages x and x+n,https://www.who.int/data/gho/indicator-metadata-registry/imr-details/29,,,,PUBLISHED,Published,,2001.0,2001,,AFR,2001,2001,Africa,,NGA,Nigeria,,AGE25-29,25-29 years,,FMLE,Female,,,,,,,,0.01,0.00966,,,,,
1153,LIFE_0000000031,lx - number of people left alive at age x,https://www.who.int/data/gho/indicator-metadata-registry/imr-details/31,,,,PUBLISHED,Published,,2001.0,2001,,AFR,2001,2001,Africa,,NGA,Nigeria,,AGE25-29,25-29 years,,FMLE,Female,,,,,,,,74331.47,74331.47000,,,,,
1154,LIFE_0000000029,nMx - age-specific death rate between ages x and x+n,https://www.who.int/data/gho/indicator-metadata-registry/imr-details/29,,,,PUBLISHED,Published,,2001.0,2001,,AFR,2001,2001,Africa,,NGA,Nigeria,,AGE30-34,30-34 years,,FMLE,Female,,,,,,,,0.01,0.01027,,,,,
1155,LIFE_0000000031,lx - number of people left alive at age x,https://www.who.int/data/gho/indicator-metadata-registry/imr-details/31,,,,PUBLISHED,Published,,2001.0,2001,,AFR,2001,2001,Africa,,NGA,Nigeria,,AGE30-34,30-34 years,,FMLE,Female,,,,,,,,70826.26,70826.26000,,,,,
1156,LIFE_0000000031,lx - number of people left alive at age x,https://www.who.int/data/gho/indicator-metadata-registry/imr-details/31,,,,PUBLISHED,Published,,2001.0,2001,,AFR,2001,2001,Africa,,NGA,Nigeria,,AGE35-39,35-39 years,,FMLE,Female,,,,,,,,67279.42,67279.42000,,,,,
1157,LIFE_0000000033,nLx - person-years lived between ages x and x+n,https://www.who.int/data/gho/indicator-metadata-registry/imr-details/33,,,,PUBLISHED,Published,,2001.0,2001,,AFR,2001,2001,Africa,,NGA,Nigeria,,AGE35-39,35-39 years,,FMLE,Female,,,,,,,,327408.8,327408.80000,,,,,
1158,LIFE_0000000031,lx - number of people left alive at age x,https://www.who.int/data/gho/indicator-metadata-registry/imr-details/31,,,,PUBLISHED,Published,,2001.0,2001,,AFR,2001,2001,Africa,,NGA,Nigeria,,AGE40-44,40-44 years,,FMLE,Female,,,,,,,,63673.67,63673.67000,,,,,
1159,LIFE_0000000033,nLx - person-years lived between ages x and x+n,https://www.who.int/data/gho/indicator-metadata-registry/imr-details/33,,,,PUBLISHED,Published,,2001.0,2001,,AFR,2001,2001,Africa,,NGA,Nigeria,,AGE40-44,40-44 years,,FMLE,Female,,,,,,,,309874.4,309874.40000,,,,,
1160,LIFE_0000000035,ex - expectation of life at age x,https://www.who.int/data/gho/indicator-metadata-registry/imr-details/35,,,,PUBLISHED,Published,,2001.0,2001,,AFR,2001,2001,Africa,,NGA,Nigeria,,AGE40-44,40-44 years,,FMLE,Female,,,,,,,,27.7,27.68012,,,,,
1161,LIFE_0000000033,nLx - person-years lived between ages x and x+n,https://www.who.int/data/gho/indicator-metadata-registry/imr-details/33,,,,PUBLISHED,Published,,2001.0,2001,,AFR,2001,2001,Africa,,NGA,Nigeria,,AGE45-49,45-49 years,,FMLE,Female,,,,,,,,293032.9,293032.90000,,,,,
1162,LIFE_0000000035,ex - expectation of life at age x,https://www.who.int/data/gho/indicator-metadata-registry/imr-details/35,,,,PUBLISHED,Published,,2001.0,2001,,AFR,2001,2001,Africa,,NGA,Nigeria,,AGE45-49,45-49 years,,FMLE,Female,,,,,,,,24.1,24.10448,,,,,
1163,LIFE_0000000035,ex - expectation of life at age x,https://www.who.int/data/gho/indicator-metadata-registry/imr-details/35,,,,PUBLISHED,Published,,2001.0,2001,,AFR,2001,2001,Africa,,NGA,Nigeria,,AGE50-54,50-54 years,,FMLE,Female,,,,,,,,20.4,20.38858,,,,,
1164,LIFE_0000000030,nqx - probability of dying between ages x and x+n,https://www.who.int/data/gho/indicator-metadata-registry/imr-details/30,,,,PUBLISHED,Published,,2001.0,2001,,AFR,2001,2001,Africa,,NGA,Nigeria,,AGE55-59,55-59 years,,FMLE,Female,,,,,,,,0.092,0.09199,,,,,
1165,LIFE_0000000035,ex - expectation of life at age x,https://www.who.int/data/gho/indicator-metadata-registry/imr-details/35,,,,PUBLISHED,Published,,2001.0,2001,,AFR,2001,2001,Africa,,NGA,Nigeria,,AGE55-59,55-59 years,,FMLE,Female,,,,,,,,16.7,16.73678,,,,,
1166,LIFE_0000000030,nqx - probability of dying between ages x and x+n,https://www.who.int/data/gho/indicator-metadata-registry/imr-details/30,,,,PUBLISHED,Published,,2001.0,2001,,AFR,2001,2001,Africa,,NGA,Nigeria,,AGE60-64,60-64 years,,FMLE,Female,,,,,,,,0.159,0.15938,,,,,
1167,LIFE_0000000032,ndx - number of people dying between ages x and x+n,https://www.who.int/data/gho/indicator-metadata-registry/imr-details/32,,,,PUBLISHED,Published,,2001.0,2001,,AFR,2001,2001,Africa,,NGA,Nigeria,,AGE60-64,60-64 years,,FMLE,Female,,,,,,,,7651.143,7651.14300,,,,,
1168,LIFE_0000000030,nqx - probability of dying between ages x and x+n,https://www.who.int/data/gho/indicator-metadata-registry/imr-details/30,,,,PUBLISHED,Published,,2001.0,2001,,AFR,2001,2001,Africa,,NGA,Nigeria,,AGE65-69,65-69 years,,FMLE,Female,,,,,,,,0.24,0.24042,,,,,
1169,LIFE_0000000032,ndx - number of people dying between ages x and x+n,https://www.who.int/data/gho/indicator-metadata-registry/imr-details/32,,,,PUBLISHED,Published,,2001.0,2001,,AFR,2001,2001,Africa,,NGA,Nigeria,,AGE65-69,65-69 years,,FMLE,Female,,,,,,,,9702.042,9702.04200,,,,,
1170,LIFE_0000000032,ndx - number of people dying between ages x and x+n,https://www.who.int/data/gho/indicator-metadata-registry/imr-details/32,,,,PUBLISHED,Published,,2001.0,2001,,AFR,2001,2001,Africa,,NGA,Nigeria,,AGE70-74,70-74 years,,FMLE,Female,,,,,,,,11242.43,11242.43000,,,,,
1171,LIFE_0000000034,Tx - person-years lived above age x,https://www.who.int/data/gho/indicator-metadata-registry/imr-details/34,,,,PUBLISHED,Published,,2001.0,2001,,AFR,2001,2001,Africa,,NGA,Nigeria,,AGE70-74,70-74 years,,FMLE,Female,,,,,,,,231814.8,231814.80000,,,,,
1172,LIFE_0000000034,Tx - person-years lived above age x,https://www.who.int/data/gho/indicator-metadata-registry/imr-details/34,,,,PUBLISHED,Published,,2001.0,2001,,AFR,2001,2001,Africa,,NGA,Nigeria,,AGE75-79,75-79 years,,FMLE,Female,,,,,,,,106457.2,106457.20000,,,,,
1173,LIFE_0000000029,nMx - age-specific death rate between ages x and x+n,https://www.who.int/data/gho/indicator-metadata-registry/imr-details/29,,,,PUBLISHED,Published,,2001.0,2001,,AFR,2001,2001,Africa,,NGA,Nigeria,,AGE80-84,80-84 years,,FMLE,Female,,,,,,,,0.229,0.22916,,,,,
1174,LIFE_0000000034,Tx - person-years lived above age x,https://www.who.int/data/gho/indicator-metadata-registry/imr-details/34,,,,PUBLISHED,Published,,2001.0,2001,,AFR,2001,2001,Africa,,NGA,Nigeria,,AGE80-84,80-84 years,,FMLE,Female,,,,,,,,35950.78,35950.78000,,,,,
1175,LIFE_0000000029,nMx - age-specific death rate between ages x and x+n,https://www.who.int/data/gho/indicator-metadata-registry/imr-details/29,,,,PUBLISHED,Published,,2001.0,2001,,AFR,2001,2001,Africa,,NGA,Nigeria,,AGE85PLUS,85+ years,,FMLE,Female,,,,,,,,0.353,0.35321,,,,,
1176,LIFE_0000000029,nMx - age-specific death rate between ages x and x+n,https://www.who.int/data/gho/indicator-metadata-registry/imr-details/29,,,,PUBLISHED,Published,,2002.0,2002,,AFR,2002,2002,Africa,,NGA,Nigeria,,AGELT1,<1 year,,MLE,Male,,,,,,,,0.124,0.12390,,,,,
1177,LIFE_0000000031,lx - number of people left alive at age x,https://www.who.int/data/gho/indicator-metadata-registry/imr-details/31,,,,PUBLISHED,Published,,2002.0,2002,,AFR,2002,2002,Africa,,NGA,Nigeria,,AGELT1,<1 year,,MLE,Male,,,,,,,,100000,100000.00000,,,,,
1178,LIFE_0000000031,lx - number of people left alive at age x,https://www.who.int/data/gho/indicator-metadata-registry/imr-details/31,,,,PUBLISHED,Published,,2002.0,2002,,AFR,2002,2002,Africa,,NGA,Nigeria,,AGE1-4,1-4 years,,MLE,Male,,,,,,,,88559.39,88559.39000,,,,,
1179,LIFE_0000000033,nLx - person-years lived between ages x and x+n,https://www.who.int/data/gho/indicator-metadata-registry/imr-details/33,,,,PUBLISHED,Published,,2002.0,2002,,AFR,2002,2002,Africa,,NGA,Nigeria,,AGE1-4,1-4 years,,MLE,Male,,,,,,,,336415.4,336415.40000,,,,,
1180,LIFE_0000000031,lx - number of people left alive at age x,https://www.who.int/data/gho/indicator-metadata-registry/imr-details/31,,,,PUBLISHED,Published,,2002.0,2002,,AFR,2002,2002,Africa,,NGA,Nigeria,,AGE5-9,5-9 years,,MLE,Male,,,,,,,,81828.95,81828.95000,,,,,
1181,LIFE_0000000033,nLx - person-years lived between ages x and x+n,https://www.who.int/data/gho/indicator-metadata-registry/imr-details/33,,,,PUBLISHED,Published,,2002.0,2002,,AFR,2002,2002,Africa,,NGA,Nigeria,,AGE5-9,5-9 years,,MLE,Male,,,,,,,,404676.8,404676.80000,,,,,
1182,LIFE_0000000033,nLx - person-years lived between ages x and x+n,https://www.who.int/data/gho/indicator-metadata-registry/imr-details/33,,,,PUBLISHED,Published,,2002.0,2002,,AFR,2002,2002,Africa,,NGA,Nigeria,,AGE10-14,10-14 years,,MLE,Male,,,,,,,,398497.5,398497.50000,,,,,
1183,LIFE_0000000035,ex - expectation of life at age x,https://www.who.int/data/gho/indicator-metadata-registry/imr-details/35,,,,PUBLISHED,Published,,2002.0,2002,,AFR,2002,2002,Africa,,NGA,Nigeria,,AGE10-14,10-14 years,,MLE,Male,,,,,,,,49,48.96904,,,,,
1184,LIFE_0000000035,ex - expectation of life at age x,https://www.who.int/data/gho/indicator-metadata-registry/imr-details/35,,,,PUBLISHED,Published,,2002.0,2002,,AFR,2002,2002,Africa,,NGA,Nigeria,,AGE15-19,15-19  years,,MLE,Male,,,,,,,,44.4,44.36988,,,,,
1185,LIFE_0000000030,nqx - probability of dying between ages x and x+n,https://www.who.int/data/gho/indicator-metadata-registry/imr-details/30,,,,PUBLISHED,Published,,2002.0,2002,,AFR,2002,2002,Africa,,NGA,Nigeria,,AGE20-24,20-24 years,,MLE,Male,,,,,,,,0.033,0.03294,,,,,
1186,LIFE_0000000035,ex - expectation of life at age x,https://www.who.int/data/gho/indicator-metadata-registry/imr-details/35,,,,PUBLISHED,Published,,2002.0,2002,,AFR,2002,2002,Africa,,NGA,Nigeria,,AGE20-24,20-24 years,,MLE,Male,,,,,,,,40.2,40.24366,,,,,
1187,LIFE_0000000030,nqx - probability of dying between ages x and x+n,https://www.who.int/data/gho/indicator-metadata-registry/imr-details/30,,,,PUBLISHED,Published,,2002.0,2002,,AFR,2002,2002,Africa,,NGA,Nigeria,,AGE25-29,25-29 years,,MLE,Male,,,,,,,,0.04,0.03965,,,,,
1188,LIFE_0000000030,nqx - probability of dying between ages x and x+n,https://www.who.int/data/gho/indicator-metadata-registry/imr-details/30,,,,PUBLISHED,Published,,2002.0,2002,,AFR,2002,2002,Africa,,NGA,Nigeria,,AGE30-34,30-34 years,,MLE,Male,,,,,,,,0.047,0.04659,,,,,
1189,LIFE_0000000032,ndx - number of people dying between ages x and x+n,https://www.who.int/data/gho/indicator-metadata-registry/imr-details/32,,,,PUBLISHED,Published,,2002.0,2002,,AFR,2002,2002,Africa,,NGA,Nigeria,,AGE30-34,30-34 years,,MLE,Male,,,,,,,,3363.712,3363.71200,,,,,
1190,LIFE_0000000032,ndx - number of people dying between ages x and x+n,https://www.who.int/data/gho/indicator-metadata-registry/imr-details/32,,,,PUBLISHED,Published,,2002.0,2002,,AFR,2002,2002,Africa,,NGA,Nigeria,,AGE35-39,35-39 years,,MLE,Male,,,,,,,,3889.932,3889.93200,,,,,
1191,LIFE_0000000034,Tx - person-years lived above age x,https://www.who.int/data/gho/indicator-metadata-registry/imr-details/34,,,,PUBLISHED,Published,,2002.0,2002,,AFR,2002,2002,Africa,,NGA,Nigeria,,AGE35-39,35-39 years,,MLE,Male,,,,,,,,2024876,2024876.00000,,,,,
1192,LIFE_0000000032,ndx - number of people dying between ages x and x+n,https://www.who.int/data/gho/indicator-metadata-registry/imr-details/32,,,,PUBLISHED,Published,,2002.0,2002,,AFR,2002,2002,Africa,,NGA,Nigeria,,AGE40-44,40-44 years,,MLE,Male,,,,,,,,4195.713,4195.71300,,,,,
1193,LIFE_0000000034,Tx - person-years lived above age x,https://www.who.int/data/gho/indicator-metadata-registry/imr-details/34,,,,PUBLISHED,Published,,2002.0,2002,,AFR,2002,2002,Africa,,NGA,Nigeria,,AGE40-44,40-44 years,,MLE,Male,,,,,,,,1690290,1690290.00000,,,,,
1194,LIFE_0000000034,Tx - person-years lived above age x,https://www.who.int/data/gho/indicator-metadata-registry/imr-details/34,,,,PUBLISHED,Published,,2002.0,2002,,AFR,2002,2002,Africa,,NGA,Nigeria,,AGE45-49,45-49 years,,MLE,Male,,,,,,,,1375851,1375851.00000,,,,,
1195,LIFE_0000000029,nMx - age-specific death rate between ages x and x+n,https://www.who.int/data/gho/indicator-metadata-registry/imr-details/29,,,,PUBLISHED,Published,,2002.0,2002,,AFR,2002,2002,Africa,,NGA,Nigeria,,AGE50-54,50-54 years,,MLE,Male,,,,,,,,0.019,0.01929,,,,,
1196,LIFE_0000000029,nMx - age-specific death rate between ages x and x+n,https://www.who.int/data/gho/indicator-metadata-registry/imr-details/29,,,,PUBLISHED,Published,,2002.0,2002,,AFR,2002,2002,Africa,,NGA,Nigeria,,AGE55-59,55-59 years,,MLE,Male,,,,,,,,0.025,0.02485,,,,,
1197,LIFE_0000000031,lx - number of people left alive at age x,https://www.who.int/data/gho/indicator-metadata-registry/imr-details/31,,,,PUBLISHED,Published,,2002.0,2002,,AFR,2002,2002,Africa,,NGA,Nigeria,,AGE55-59,55-59 years,,MLE,Male,,,,,,,,51062.7,51062.70000,,,,,
1198,LIFE_0000000029,nMx - age-specific death rate between ages x and x+n,https://www.who.int/data/gho/indicator-metadata-registry/imr-details/29,,,,PUBLISHED,Published,,2002.0,2002,,AFR,2002,2002,Africa,,NGA,Nigeria,,AGE60-64,60-64 years,,MLE,Male,,,,,,,,0.039,0.03899,,,,,
1199,LIFE_0000000031,lx - number of people left alive at age x,https://www.who.int/data/gho/indicator-metadata-registry/imr-details/31,,,,PUBLISHED,Published,,2002.0,2002,,AFR,2002,2002,Africa,,NGA,Nigeria,,AGE60-64,60-64 years,,MLE,Male,,,,,,,,45075.75,45075.75000,,,,,
1200,LIFE_0000000031,lx - number of people left alive at age x,https://www.who.int/data/gho/indicator-metadata-registry/imr-details/31,,,,PUBLISHED,Published,,2002.0,2002,,AFR,2002,2002,Africa,,NGA,Nigeria,,AGE65-69,65-69 years,,MLE,Male,,,,,,,,37044.68,37044.68000,,,,,
1201,LIFE_0000000033,nLx - person-years lived between ages x and x+n,https://www.who.int/data/gho/indicator-metadata-registry/imr-details/33,,,,PUBLISHED,Published,,2002.0,2002,,AFR,2002,2002,Africa,,NGA,Nigeria,,AGE65-69,65-69 years,,MLE,Male,,,,,,,,162175.2,162175.20000,,,,,
1202,LIFE_0000000033,nLx - person-years lived between ages x and x+n,https://www.who.int/data/gho/indicator-metadata-registry/imr-details/33,,,,PUBLISHED,Published,,2002.0,2002,,AFR,2002,2002,Africa,,NGA,Nigeria,,AGE70-74,70-74 years,,MLE,Male,,,,,,,,112083.1,112083.10000,,,,,
1203,LIFE_0000000035,ex - expectation of life at age x,https://www.who.int/data/gho/indicator-metadata-registry/imr-details/35,,,,PUBLISHED,Published,,2002.0,2002,,AFR,2002,2002,Africa,,NGA,Nigeria,,AGE70-74,70-74 years,,MLE,Male,,,,,,,,7.4,7.43754,,,,,
1204,LIFE_0000000033,nLx - person-years lived between ages x and x+n,https://www.who.int/data/gho/indicator-metadata-registry/imr-details/33,,,,PUBLISHED,Published,,2002.0,2002,,AFR,2002,2002,Africa,,NGA,Nigeria,,AGE75-79,75-79 years,,MLE,Male,,,,,,,,62117.74,62117.74000,,,,,
1205,LIFE_0000000035,ex - expectation of life at age x,https://www.who.int/data/gho/indicator-metadata-registry/imr-details/35,,,,PUBLISHED,Published,,2002.0,2002,,AFR,2002,2002,Africa,,NGA,Nigeria,,AGE75-79,75-79 years,,MLE,Male,,,,,,,,5.4,5.41113,,,,,
1206,LIFE_0000000035,ex - expectation of life at age x,https://www.who.int/data/gho/indicator-metadata-registry/imr-details/35,,,,PUBLISHED,Published,,2002.0,2002,,AFR,2002,2002,Africa,,NGA,Nigeria,,AGE80-84,80-84 years,,MLE,Male,,,,,,,,3.9,3.86180,,,,,
1207,LIFE_0000000030,nqx - probability of dying between ages x and x+n,https://www.who.int/data/gho/indicator-metadata-registry/imr-details/30,,,,PUBLISHED,Published,,2002.0,2002,,AFR,2002,2002,Africa,,NGA,Nigeria,,AGE85PLUS,85+ years,,MLE,Male,,,,,,,,1,1.00000,,,,,
1208,LIFE_0000000030,nqx - probability of dying between ages x and x+n,https://www.who.int/data/gho/indicator-metadata-registry/imr-details/30,,,,PUBLISHED,Published,,2002.0,2002,,AFR,2002,2002,Africa,,NGA,Nigeria,,AGELT1,<1 year,,FMLE,Female,,,,,,,,0.101,0.10106,,,,,
1209,LIFE_0000000032,ndx - number of people dying between ages x and x+n,https://www.who.int/data/gho/indicator-metadata-registry/imr-details/32,,,,PUBLISHED,Published,,2002.0,2002,,AFR,2002,2002,Africa,,NGA,Nigeria,,AGELT1,<1 year,,FMLE,Female,,,,,,,,10105.85,10105.85000,,,,,
1210,LIFE_0000000030,nqx - probability of dying between ages x and x+n,https://www.who.int/data/gho/indicator-metadata-registry/imr-details/30,,,,PUBLISHED,Published,,2002.0,2002,,AFR,2002,2002,Africa,,NGA,Nigeria,,AGE1-4,1-4 years,,FMLE,Female,,,,,,,,0.079,0.07890,,,,,
1211,LIFE_0000000032,ndx - number of people dying between ages x and x+n,https://www.who.int/data/gho/indicator-metadata-registry/imr-details/32,,,,PUBLISHED,Published,,2002.0,2002,,AFR,2002,2002,Africa,,NGA,Nigeria,,AGE1-4,1-4 years,,FMLE,Female,,,,,,,,7092.794,7092.79400,,,,,
1212,LIFE_0000000032,ndx - number of people dying between ages x and x+n,https://www.who.int/data/gho/indicator-metadata-registry/imr-details/32,,,,PUBLISHED,Published,,2002.0,2002,,AFR,2002,2002,Africa,,NGA,Nigeria,,AGE5-9,5-9 years,,FMLE,Female,,,,,,,,2223.657,2223.65700,,,,,
1213,LIFE_0000000034,Tx - person-years lived above age x,https://www.who.int/data/gho/indicator-metadata-registry/imr-details/34,,,,PUBLISHED,Published,,2002.0,2002,,AFR,2002,2002,Africa,,NGA,Nigeria,,AGE5-9,5-9 years,,FMLE,Female,,,,,,,,4393326,4393326.00000,,,,,
1214,LIFE_0000000034,Tx - person-years lived above age x,https://www.who.int/data/gho/indicator-metadata-registry/imr-details/34,,,,PUBLISHED,Published,,2002.0,2002,,AFR,2002,2002,Africa,,NGA,Nigeria,,AGE10-14,10-14 years,,FMLE,Female,,,,,,,,3984878,3984878.00000,,,,,
1215,LIFE_0000000029,nMx - age-specific death rate between ages x and x+n,https://www.who.int/data/gho/indicator-metadata-registry/imr-details/29,,,,PUBLISHED,Published,,2002.0,2002,,AFR,2002,2002,Africa,,NGA,Nigeria,,AGE15-19,15-19  years,,FMLE,Female,,,,,,,,0.005,0.00513,,,,,
1216,LIFE_0000000034,Tx - person-years lived above age x,https://www.who.int/data/gho/indicator-metadata-registry/imr-details/34,,,,PUBLISHED,Published,,2002.0,2002,,AFR,2002,2002,Africa,,NGA,Nigeria,,AGE15-19,15-19  years,,FMLE,Female,,,,,,,,3584218,3584218.00000,,,,,
1217,LIFE_0000000029,nMx - age-specific death rate between ages x and x+n,https://www.who.int/data/gho/indicator-metadata-registry/imr-details/29,,,,PUBLISHED,Published,,2002.0,2002,,AFR,2002,2002,Africa,,NGA,Nigeria,,AGE20-24,20-24 years,,FMLE,Female,,,,,,,,0.007,0.00708,,,,,
1218,LIFE_0000000031,lx - number of people left alive at age x,https://www.who.int/data/gho/indicator-metadata-registry/imr-details/31,,,,PUBLISHED,Published,,2002.0,2002,,AFR,2002,2002,Africa,,NGA,Nigeria,,AGE20-24,20-24 years,,FMLE,Female,,,,,,,,77665.09,77665.09000,,,,,
1219,LIFE_0000000029,nMx - age-specific death rate between ages x and x+n,https://www.who.int/data/gho/indicator-metadata-registry/imr-details/29,,,,PUBLISHED,Published,,2002.0,2002,,AFR,2002,2002,Africa,,NGA,Nigeria,,AGE25-29,25-29 years,,FMLE,Female,,,,,,,,0.01,0.00973,,,,,
1220,LIFE_0000000031,lx - number of people left alive at age x,https://www.who.int/data/gho/indicator-metadata-registry/imr-details/31,,,,PUBLISHED,Published,,2002.0,2002,,AFR,2002,2002,Africa,,NGA,Nigeria,,AGE25-29,25-29 years,,FMLE,Female,,,,,,,,74962.85,74962.85000,,,,,
1221,LIFE_0000000031,lx - number of people left alive at age x,https://www.who.int/data/gho/indicator-metadata-registry/imr-details/31,,,,PUBLISHED,Published,,2002.0,2002,,AFR,2002,2002,Africa,,NGA,Nigeria,,AGE30-34,30-34 years,,FMLE,Female,,,,,,,,71403.24,71403.24000,,,,,
1222,LIFE_0000000033,nLx - person-years lived between ages x and x+n,https://www.who.int/data/gho/indicator-metadata-registry/imr-details/33,,,,PUBLISHED,Published,,2002.0,2002,,AFR,2002,2002,Africa,,NGA,Nigeria,,AGE30-34,30-34 years,,FMLE,Female,,,,,,,,347849.7,347849.70000,,,,,
1223,LIFE_0000000031,lx - number of people left alive at age x,https://www.who.int/data/gho/indicator-metadata-registry/imr-details/31,,,,PUBLISHED,Published,,2002.0,2002,,AFR,2002,2002,Africa,,NGA,Nigeria,,AGE35-39,35-39 years,,FMLE,Female,,,,,,,,67729.6,67729.60000,,,,,
1224,LIFE_0000000033,nLx - person-years lived between ages x and x+n,https://www.who.int/data/gho/indicator-metadata-registry/imr-details/33,,,,PUBLISHED,Published,,2002.0,2002,,AFR,2002,2002,Africa,,NGA,Nigeria,,AGE35-39,35-39 years,,FMLE,Female,,,,,,,,329339.1,329339.10000,,,,,
1225,LIFE_0000000035,ex - expectation of life at age x,https://www.who.int/data/gho/indicator-metadata-registry/imr-details/35,,,,PUBLISHED,Published,,2002.0,2002,,AFR,2002,2002,Africa,,NGA,Nigeria,,AGE35-39,35-39 years,,FMLE,Female,,,,,,,,30.9,30.93344,,,,,
1226,LIFE_0000000033,nLx - person-years lived between ages x and x+n,https://www.who.int/data/gho/indicator-metadata-registry/imr-details/33,,,,PUBLISHED,Published,,2002.0,2002,,AFR,2002,2002,Africa,,NGA,Nigeria,,AGE40-44,40-44 years,,FMLE,Female,,,,,,,,311284.7,311284.70000,,,,,
1227,LIFE_0000000035,ex - expectation of life at age x,https://www.who.int/data/gho/indicator-metadata-registry/imr-details/35,,,,PUBLISHED,Published,,2002.0,2002,,AFR,2002,2002,Africa,,NGA,Nigeria,,AGE40-44,40-44 years,,FMLE,Female,,,,,,,,27.6,27.59201,,,,,
1228,LIFE_0000000035,ex - expectation of life at age x,https://www.who.int/data/gho/indicator-metadata-registry/imr-details/35,,,,PUBLISHED,Published,,2002.0,2002,,AFR,2002,2002,Africa,,NGA,Nigeria,,AGE45-49,45-49 years,,FMLE,Female,,,,,,,,24,24.03878,,,,,
1229,LIFE_0000000030,nqx - probability of dying between ages x and x+n,https://www.who.int/data/gho/indicator-metadata-registry/imr-details/30,,,,PUBLISHED,Published,,2002.0,2002,,AFR,2002,2002,Africa,,NGA,Nigeria,,AGE50-54,50-54 years,,FMLE,Female,,,,,,,,0.071,0.07091,,,,,
1230,LIFE_0000000030,nqx - probability of dying between ages x and x+n,https://www.who.int/data/gho/indicator-metadata-registry/imr-details/30,,,,PUBLISHED,Published,,2002.0,2002,,AFR,2002,2002,Africa,,NGA,Nigeria,,AGE55-59,55-59 years,,FMLE,Female,,,,,,,,0.092,0.09216,,,,,
1231,LIFE_0000000032,ndx - number of people dying between ages x and x+n,https://www.who.int/data/gho/indicator-metadata-registry/imr-details/32,,,,PUBLISHED,Published,,2002.0,2002,,AFR,2002,2002,Africa,,NGA,Nigeria,,AGE55-59,55-59 years,,FMLE,Female,,,,,,,,4885.976,4885.97600,,,,,
1232,LIFE_0000000030,nqx - probability of dying between ages x and x+n,https://www.who.int/data/gho/indicator-metadata-registry/imr-details/30,,,,PUBLISHED,Published,,2002.0,2002,,AFR,2002,2002,Africa,,NGA,Nigeria,,AGE60-64,60-64 years,,FMLE,Female,,,,,,,,0.161,0.16061,,,,,
1233,LIFE_0000000032,ndx - number of people dying between ages x and x+n,https://www.who.int/data/gho/indicator-metadata-registry/imr-details/32,,,,PUBLISHED,Published,,2002.0,2002,,AFR,2002,2002,Africa,,NGA,Nigeria,,AGE60-64,60-64 years,,FMLE,Female,,,,,,,,7730.184,7730.18400,,,,,
1234,LIFE_0000000032,ndx - number of people dying between ages x and x+n,https://www.who.int/data/gho/indicator-metadata-registry/imr-details/32,,,,PUBLISHED,Published,,2002.0,2002,,AFR,2002,2002,Africa,,NGA,Nigeria,,AGE65-69,65-69 years,,FMLE,Female,,,,,,,,9777.835,9777.83500,,,,,
1235,LIFE_0000000034,Tx - person-years lived above age x,https://www.who.int/data/gho/indicator-metadata-registry/imr-details/34,,,,PUBLISHED,Published,,2002.0,2002,,AFR,2002,2002,Africa,,NGA,Nigeria,,AGE65-69,65-69 years,,FMLE,Female,,,,,,,,409010.4,409010.40000,,,,,
1236,LIFE_0000000034,Tx - person-years lived above age x,https://www.who.int/data/gho/indicator-metadata-registry/imr-details/34,,,,PUBLISHED,Published,,2002.0,2002,,AFR,2002,2002,Africa,,NGA,Nigeria,,AGE70-74,70-74 years,,FMLE,Female,,,,,,,,230620.5,230620.50000,,,,,
1237,LIFE_0000000029,nMx - age-specific death rate between ages x and x+n,https://www.who.int/data/gho/indicator-metadata-registry/imr-details/29,,,,PUBLISHED,Published,,2002.0,2002,,AFR,2002,2002,Africa,,NGA,Nigeria,,AGE75-79,75-79 years,,FMLE,Female,,,,,,,,0.145,0.14548,,,,,
1238,LIFE_0000000034,Tx - person-years lived above age x,https://www.who.int/data/gho/indicator-metadata-registry/imr-details/34,,,,PUBLISHED,Published,,2002.0,2002,,AFR,2002,2002,Africa,,NGA,Nigeria,,AGE75-79,75-79 years,,FMLE,Female,,,,,,,,105556,105556.00000,,,,,
1239,LIFE_0000000029,nMx - age-specific death rate between ages x and x+n,https://www.who.int/data/gho/indicator-metadata-registry/imr-details/29,,,,PUBLISHED,Published,,2002.0,2002,,AFR,2002,2002,Africa,,NGA,Nigeria,,AGE80-84,80-84 years,,FMLE,Female,,,,,,,,0.23,0.23038,,,,,
1240,LIFE_0000000029,nMx - age-specific death rate between ages x and x+n,https://www.who.int/data/gho/indicator-metadata-registry/imr-details/29,,,,PUBLISHED,Published,,2002.0,2002,,AFR,2002,2002,Africa,,NGA,Nigeria,,AGE85PLUS,85+ years,,FMLE,Female,,,,,,,,0.355,0.35455,,,,,
1241,LIFE_0000000031,lx - number of people left alive at age x,https://www.who.int/data/gho/indicator-metadata-registry/imr-details/31,,,,PUBLISHED,Published,,2002.0,2002,,AFR,2002,2002,Africa,,NGA,Nigeria,,AGE85PLUS,85+ years,,FMLE,Female,,,,,,,,2739.166,2739.16600,,,,,
1242,LIFE_0000000031,lx - number of people left alive at age x,https://www.who.int/data/gho/indicator-metadata-registry/imr-details/31,,,,PUBLISHED,Published,,2003.0,2003,,AFR,2003,2003,Africa,,NGA,Nigeria,,AGELT1,<1 year,,MLE,Male,,,,,,,,100000,100000.00000,,,,,
1243,LIFE_0000000033,nLx - person-years lived between ages x and x+n,https://www.who.int/data/gho/indicator-metadata-registry/imr-details/33,,,,PUBLISHED,Published,,2003.0,2003,,AFR,2003,2003,Africa,,NGA,Nigeria,,AGELT1,<1 year,,MLE,Male,,,,,,,,92568.97,92568.97000,,,,,
1244,LIFE_0000000031,lx - number of people left alive at age x,https://www.who.int/data/gho/indicator-metadata-registry/imr-details/31,,,,PUBLISHED,Published,,2003.0,2003,,AFR,2003,2003,Africa,,NGA,Nigeria,,AGE1-4,1-4 years,,MLE,Male,,,,,,,,88912.46,88912.46000,,,,,
1245,LIFE_0000000033,nLx - person-years lived between ages x and x+n,https://www.who.int/data/gho/indicator-metadata-registry/imr-details/33,,,,PUBLISHED,Published,,2003.0,2003,,AFR,2003,2003,Africa,,NGA,Nigeria,,AGE1-4,1-4 years,,MLE,Male,,,,,,,,338500.3,338500.30000,,,,,
1246,LIFE_0000000033,nLx - person-years lived between ages x and x+n,https://www.who.int/data/gho/indicator-metadata-registry/imr-details/33,,,,PUBLISHED,Published,,2003.0,2003,,AFR,2003,2003,Africa,,NGA,Nigeria,,AGE5-9,5-9 years,,MLE,Male,,,,,,,,407836.8,407836.80000,,,,,
1247,LIFE_0000000035,ex - expectation of life at age x,https://www.who.int/data/gho/indicator-metadata-registry/imr-details/35,,,,PUBLISHED,Published,,2003.0,2003,,AFR,2003,2003,Africa,,NGA,Nigeria,,AGE5-9,5-9 years,,MLE,Male,,,,,,,,52.9,52.89373,,,,,
1248,LIFE_0000000035,ex - expectation of life at age x,https://www.who.int/data/gho/indicator-metadata-registry/imr-details/35,,,,PUBLISHED,Published,,2003.0,2003,,AFR,2003,2003,Africa,,NGA,Nigeria,,AGE10-14,10-14 years,,MLE,Male,,,,,,,,49,48.97798,,,,,
1249,LIFE_0000000030,nqx - probability of dying between ages x and x+n,https://www.who.int/data/gho/indicator-metadata-registry/imr-details/30,,,,PUBLISHED,Published,,2003.0,2003,,AFR,2003,2003,Africa,,NGA,Nigeria,,AGE15-19,15-19  years,,MLE,Male,,,,,,,,0.02,0.02010,,,,,
1250,LIFE_0000000035,ex - expectation of life at age x,https://www.who.int/data/gho/indicator-metadata-registry/imr-details/35,,,,PUBLISHED,Published,,2003.0,2003,,AFR,2003,2003,Africa,,NGA,Nigeria,,AGE15-19,15-19  years,,MLE,Male,,,,,,,,44.4,44.37134,,,,,
1251,LIFE_0000000030,nqx - probability of dying between ages x and x+n,https://www.who.int/data/gho/indicator-metadata-registry/imr-details/30,,,,PUBLISHED,Published,,2003.0,2003,,AFR,2003,2003,Africa,,NGA,Nigeria,,AGE20-24,20-24 years,,MLE,Male,,,,,,,,0.032,0.03226,,,,,
1252,LIFE_0000000030,nqx - probability of dying between ages x and x+n,https://www.who.int/data/gho/indicator-metadata-registry/imr-details/30,,,,PUBLISHED,Published,,2003.0,2003,,AFR,2003,2003,Africa,,NGA,Nigeria,,AGE25-29,25-29 years,,MLE,Male,,,,,,,,0.039,0.03938,,,,,
1253,LIFE_0000000032,ndx - number of people dying between ages x and x+n,https://www.who.int/data/gho/indicator-metadata-registry/imr-details/32,,,,PUBLISHED,Published,,2003.0,2003,,AFR,2003,2003,Africa,,NGA,Nigeria,,AGE25-29,25-29 years,,MLE,Male,,,,,,,,2988.536,2988.53600,,,,,
1254,LIFE_0000000032,ndx - number of people dying between ages x and x+n,https://www.who.int/data/gho/indicator-metadata-registry/imr-details/32,,,,PUBLISHED,Published,,2003.0,2003,,AFR,2003,2003,Africa,,NGA,Nigeria,,AGE30-34,30-34 years,,MLE,Male,,,,,,,,3415.842,3415.84200,,,,,
1255,LIFE_0000000034,Tx - person-years lived above age x,https://www.who.int/data/gho/indicator-metadata-registry/imr-details/34,,,,PUBLISHED,Published,,2003.0,2003,,AFR,2003,2003,Africa,,NGA,Nigeria,,AGE30-34,30-34 years,,MLE,Male,,,,,,,,2396680,2396680.00000,,,,,
1256,LIFE_0000000032,ndx - number of people dying between ages x and x+n,https://www.who.int/data/gho/indicator-metadata-registry/imr-details/32,,,,PUBLISHED,Published,,2003.0,2003,,AFR,2003,2003,Africa,,NGA,Nigeria,,AGE35-39,35-39 years,,MLE,Male,,,,,,,,3972.646,3972.64600,,,,,
1257,LIFE_0000000034,Tx - person-years lived above age x,https://www.who.int/data/gho/indicator-metadata-registry/imr-details/34,,,,PUBLISHED,Published,,2003.0,2003,,AFR,2003,2003,Africa,,NGA,Nigeria,,AGE35-39,35-39 years,,MLE,Male,,,,,,,,2040698,2040698.00000,,,,,
1258,LIFE_0000000034,Tx - person-years lived above age x,https://www.who.int/data/gho/indicator-metadata-registry/imr-details/34,,,,PUBLISHED,Published,,2003.0,2003,,AFR,2003,2003,Africa,,NGA,Nigeria,,AGE40-44,40-44 years,,MLE,Male,,,,,,,,1703050,1703050.00000,,,,,
1259,LIFE_0000000029,nMx - age-specific death rate between ages x and x+n,https://www.who.int/data/gho/indicator-metadata-registry/imr-details/29,,,,PUBLISHED,Published,,2003.0,2003,,AFR,2003,2003,Africa,,NGA,Nigeria,,AGE45-49,45-49 years,,MLE,Male,,,,,,,,0.015,0.01546,,,,,
1260,LIFE_0000000029,nMx - age-specific death rate between ages x and x+n,https://www.who.int/data/gho/indicator-metadata-registry/imr-details/29,,,,PUBLISHED,Published,,2003.0,2003,,AFR,2003,2003,Africa,,NGA,Nigeria,,AGE50-54,50-54 years,,MLE,Male,,,,,,,,0.019,0.01935,,,,,
1261,LIFE_0000000031,lx - number of people left alive at age x,https://www.who.int/data/gho/indicator-metadata-registry/imr-details/31,,,,PUBLISHED,Published,,2003.0,2003,,AFR,2003,2003,Africa,,NGA,Nigeria,,AGE50-54,50-54 years,,MLE,Male,,,,,,,,56673.06,56673.06000,,,,,
1262,LIFE_0000000029,nMx - age-specific death rate between ages x and x+n,https://www.who.int/data/gho/indicator-metadata-registry/imr-details/29,,,,PUBLISHED,Published,,2003.0,2003,,AFR,2003,2003,Africa,,NGA,Nigeria,,AGE55-59,55-59 years,,MLE,Male,,,,,,,,0.025,0.02481,,,,,
1263,LIFE_0000000031,lx - number of people left alive at age x,https://www.who.int/data/gho/indicator-metadata-registry/imr-details/31,,,,PUBLISHED,Published,,2003.0,2003,,AFR,2003,2003,Africa,,NGA,Nigeria,,AGE55-59,55-59 years,,MLE,Male,,,,,,,,51435.5,51435.50000,,,,,
1264,LIFE_0000000031,lx - number of people left alive at age x,https://www.who.int/data/gho/indicator-metadata-registry/imr-details/31,,,,PUBLISHED,Published,,2003.0,2003,,AFR,2003,2003,Africa,,NGA,Nigeria,,AGE60-64,60-64 years,,MLE,Male,,,,,,,,45414.65,45414.65000,,,,,
1265,LIFE_0000000033,nLx - person-years lived between ages x and x+n,https://www.who.int/data/gho/indicator-metadata-registry/imr-details/33,,,,PUBLISHED,Published,,2003.0,2003,,AFR,2003,2003,Africa,,NGA,Nigeria,,AGE60-64,60-64 years,,MLE,Male,,,,,,,,207505.9,207505.90000,,,,,
1266,LIFE_0000000033,nLx - person-years lived between ages x and x+n,https://www.who.int/data/gho/indicator-metadata-registry/imr-details/33,,,,PUBLISHED,Published,,2003.0,2003,,AFR,2003,2003,Africa,,NGA,Nigeria,,AGE65-69,65-69 years,,MLE,Male,,,,,,,,163297.9,163297.90000,,,,,
1267,LIFE_0000000035,ex - expectation of life at age x,https://www.who.int/data/gho/indicator-metadata-registry/imr-details/35,,,,PUBLISHED,Published,,2003.0,2003,,AFR,2003,2003,Africa,,NGA,Nigeria,,AGE65-69,65-69 years,,MLE,Male,,,,,,,,9.9,9.91601,,,,,
1268,LIFE_0000000033,nLx - person-years lived between ages x and x+n,https://www.who.int/data/gho/indicator-metadata-registry/imr-details/33,,,,PUBLISHED,Published,,2003.0,2003,,AFR,2003,2003,Africa,,NGA,Nigeria,,AGE70-74,70-74 years,,MLE,Male,,,,,,,,112827.5,112827.50000,,,,,
1269,LIFE_0000000035,ex - expectation of life at age x,https://www.who.int/data/gho/indicator-metadata-registry/imr-details/35,,,,PUBLISHED,Published,,2003.0,2003,,AFR,2003,2003,Africa,,NGA,Nigeria,,AGE70-74,70-74 years,,MLE,Male,,,,,,,,7.4,7.43686,,,,,
1270,LIFE_0000000035,ex - expectation of life at age x,https://www.who.int/data/gho/indicator-metadata-registry/imr-details/35,,,,PUBLISHED,Published,,2003.0,2003,,AFR,2003,2003,Africa,,NGA,Nigeria,,AGE75-79,75-79 years,,MLE,Male,,,,,,,,5.4,5.41146,,,,,
1271,LIFE_0000000030,nqx - probability of dying between ages x and x+n,https://www.who.int/data/gho/indicator-metadata-registry/imr-details/30,,,,PUBLISHED,Published,,2003.0,2003,,AFR,2003,2003,Africa,,NGA,Nigeria,,AGE80-84,80-84 years,,MLE,Male,,,,,,,,0.701,0.70078,,,,,
1272,LIFE_0000000030,nqx - probability of dying between ages x and x+n,https://www.who.int/data/gho/indicator-metadata-registry/imr-details/30,,,,PUBLISHED,Published,,2003.0,2003,,AFR,2003,2003,Africa,,NGA,Nigeria,,AGE85PLUS,85+ years,,MLE,Male,,,,,,,,1,1.00000,,,,,
1273,LIFE_0000000032,ndx - number of people dying between ages x and x+n,https://www.who.int/data/gho/indicator-metadata-registry/imr-details/32,,,,PUBLISHED,Published,,2003.0,2003,,AFR,2003,2003,Africa,,NGA,Nigeria,,AGE85PLUS,85+ years,,MLE,Male,,,,,,,,2423.519,2423.51900,,,,,
1274,LIFE_0000000030,nqx - probability of dying between ages x and x+n,https://www.who.int/data/gho/indicator-metadata-registry/imr-details/30,,,,PUBLISHED,Published,,2003.0,2003,,AFR,2003,2003,Africa,,NGA,Nigeria,,AGELT1,<1 year,,FMLE,Female,,,,,,,,0.098,0.09761,,,,,
1275,LIFE_0000000032,ndx - number of people dying between ages x and x+n,https://www.who.int/data/gho/indicator-metadata-registry/imr-details/32,,,,PUBLISHED,Published,,2003.0,2003,,AFR,2003,2003,Africa,,NGA,Nigeria,,AGELT1,<1 year,,FMLE,Female,,,,,,,,9760.824,9760.82400,,,,,
1276,LIFE_0000000034,Tx - person-years lived above age x,https://www.who.int/data/gho/indicator-metadata-registry/imr-details/34,,,,PUBLISHED,Published,,2003.0,2003,,AFR,2003,2003,Africa,,NGA,Nigeria,,AGELT1,<1 year,,FMLE,Female,,,,,,,,4861064,4861064.00000,,,,,
1277,LIFE_0000000032,ndx - number of people dying between ages x and x+n,https://www.who.int/data/gho/indicator-metadata-registry/imr-details/32,,,,PUBLISHED,Published,,2003.0,2003,,AFR,2003,2003,Africa,,NGA,Nigeria,,AGE1-4,1-4 years,,FMLE,Female,,,,,,,,6823.488,6823.48800,,,,,
1278,LIFE_0000000034,Tx - person-years lived above age x,https://www.who.int/data/gho/indicator-metadata-registry/imr-details/34,,,,PUBLISHED,Published,,2003.0,2003,,AFR,2003,2003,Africa,,NGA,Nigeria,,AGE1-4,1-4 years,,FMLE,Female,,,,,,,,4767486,4767486.00000,,,,,
1279,LIFE_0000000034,Tx - person-years lived above age x,https://www.who.int/data/gho/indicator-metadata-registry/imr-details/34,,,,PUBLISHED,Published,,2003.0,2003,,AFR,2003,2003,Africa,,NGA,Nigeria,,AGE5-9,5-9 years,,FMLE,Female,,,,,,,,4424503,4424503.00000,,,,,
1280,LIFE_0000000029,nMx - age-specific death rate between ages x and x+n,https://www.who.int/data/gho/indicator-metadata-registry/imr-details/29,,,,PUBLISHED,Published,,2003.0,2003,,AFR,2003,2003,Africa,,NGA,Nigeria,,AGE10-14,10-14 years,,FMLE,Female,,,,,,,,0.002,0.00219,,,,,
1281,LIFE_0000000034,Tx - person-years lived above age x,https://www.who.int/data/gho/indicator-metadata-registry/imr-details/34,,,,PUBLISHED,Published,,2003.0,2003,,AFR,2003,2003,Africa,,NGA,Nigeria,,AGE10-14,10-14 years,,FMLE,Female,,,,,,,,4012879,4012879.00000,,,,,
1282,LIFE_0000000029,nMx - age-specific death rate between ages x and x+n,https://www.who.int/data/gho/indicator-metadata-registry/imr-details/29,,,,PUBLISHED,Published,,2003.0,2003,,AFR,2003,2003,Africa,,NGA,Nigeria,,AGE15-19,15-19  years,,FMLE,Female,,,,,,,,0.005,0.00508,,,,,
1283,LIFE_0000000031,lx - number of people left alive at age x,https://www.who.int/data/gho/indicator-metadata-registry/imr-details/31,,,,PUBLISHED,Published,,2003.0,2003,,AFR,2003,2003,Africa,,NGA,Nigeria,,AGE15-19,15-19  years,,FMLE,Female,,,,,,,,80347.64,80347.64000,,,,,
1284,LIFE_0000000029,nMx - age-specific death rate between ages x and x+n,https://www.who.int/data/gho/indicator-metadata-registry/imr-details/29,,,,PUBLISHED,Published,,2003.0,2003,,AFR,2003,2003,Africa,,NGA,Nigeria,,AGE20-24,20-24 years,,FMLE,Female,,,,,,,,0.007,0.00699,,,,,
1285,LIFE_0000000031,lx - number of people left alive at age x,https://www.who.int/data/gho/indicator-metadata-registry/imr-details/31,,,,PUBLISHED,Published,,2003.0,2003,,AFR,2003,2003,Africa,,NGA,Nigeria,,AGE20-24,20-24 years,,FMLE,Female,,,,,,,,78330.8,78330.80000,,,,,
1286,LIFE_0000000031,lx - number of people left alive at age x,https://www.who.int/data/gho/indicator-metadata-registry/imr-details/31,,,,PUBLISHED,Published,,2003.0,2003,,AFR,2003,2003,Africa,,NGA,Nigeria,,AGE25-29,25-29 years,,FMLE,Female,,,,,,,,75640.79,75640.79000,,,,,
1287,LIFE_0000000033,nLx - person-years lived between ages x and x+n,https://www.who.int/data/gho/indicator-metadata-registry/imr-details/33,,,,PUBLISHED,Published,,2003.0,2003,,AFR,2003,2003,Africa,,NGA,Nigeria,,AGE25-29,25-29 years,,FMLE,Female,,,,,,,,369248.6,369248.60000,,,,,
1288,LIFE_0000000031,lx - number of people left alive at age x,https://www.who.int/data/gho/indicator-metadata-registry/imr-details/31,,,,PUBLISHED,Published,,2003.0,2003,,AFR,2003,2003,Africa,,NGA,Nigeria,,AGE30-34,30-34 years,,FMLE,Female,,,,,,,,72047.33,72047.33000,,,,,
1289,LIFE_0000000033,nLx - person-years lived between ages x and x+n,https://www.who.int/data/gho/indicator-metadata-registry/imr-details/33,,,,PUBLISHED,Published,,2003.0,2003,,AFR,2003,2003,Africa,,NGA,Nigeria,,AGE30-34,30-34 years,,FMLE,Female,,,,,,,,350800.5,350800.50000,,,,,
1290,LIFE_0000000035,ex - expectation of life at age x,https://www.who.int/data/gho/indicator-metadata-registry/imr-details/35,,,,PUBLISHED,Published,,2003.0,2003,,AFR,2003,2003,Africa,,NGA,Nigeria,,AGE30-34,30-34 years,,FMLE,Female,,,,,,,,34.1,34.11206,,,,,
1291,LIFE_0000000033,nLx - person-years lived between ages x and x+n,https://www.who.int/data/gho/indicator-metadata-registry/imr-details/33,,,,PUBLISHED,Published,,2003.0,2003,,AFR,2003,2003,Africa,,NGA,Nigeria,,AGE35-39,35-39 years,,FMLE,Female,,,,,,,,331725.3,331725.30000,,,,,
1292,LIFE_0000000035,ex - expectation of life at age x,https://www.who.int/data/gho/indicator-metadata-registry/imr-details/35,,,,PUBLISHED,Published,,2003.0,2003,,AFR,2003,2003,Africa,,NGA,Nigeria,,AGE35-39,35-39 years,,FMLE,Female,,,,,,,,30.9,30.86300,,,,,
1293,LIFE_0000000035,ex - expectation of life at age x,https://www.who.int/data/gho/indicator-metadata-registry/imr-details/35,,,,PUBLISHED,Published,,2003.0,2003,,AFR,2003,2003,Africa,,NGA,Nigeria,,AGE40-44,40-44 years,,FMLE,Female,,,,,,,,27.6,27.55866,,,,,
1294,LIFE_0000000030,nqx - probability of dying between ages x and x+n,https://www.who.int/data/gho/indicator-metadata-registry/imr-details/30,,,,PUBLISHED,Published,,2003.0,2003,,AFR,2003,2003,Africa,,NGA,Nigeria,,AGE45-49,45-49 years,,FMLE,Female,,,,,,,,0.057,0.05739,,,,,
1295,LIFE_0000000030,nqx - probability of dying between ages x and x+n,https://www.who.int/data/gho/indicator-metadata-registry/imr-details/30,,,,PUBLISHED,Published,,2003.0,2003,,AFR,2003,2003,Africa,,NGA,Nigeria,,AGE50-54,50-54 years,,FMLE,Female,,,,,,,,0.071,0.07112,,,,,
1296,LIFE_0000000032,ndx - number of people dying between ages x and x+n,https://www.who.int/data/gho/indicator-metadata-registry/imr-details/32,,,,PUBLISHED,Published,,2003.0,2003,,AFR,2003,2003,Africa,,NGA,Nigeria,,AGE50-54,50-54 years,,FMLE,Female,,,,,,,,4079.196,4079.19600,,,,,
1297,LIFE_0000000030,nqx - probability of dying between ages x and x+n,https://www.who.int/data/gho/indicator-metadata-registry/imr-details/30,,,,PUBLISHED,Published,,2003.0,2003,,AFR,2003,2003,Africa,,NGA,Nigeria,,AGE55-59,55-59 years,,FMLE,Female,,,,,,,,0.092,0.09202,,,,,
1298,LIFE_0000000032,ndx - number of people dying between ages x and x+n,https://www.who.int/data/gho/indicator-metadata-registry/imr-details/32,,,,PUBLISHED,Published,,2003.0,2003,,AFR,2003,2003,Africa,,NGA,Nigeria,,AGE55-59,55-59 years,,FMLE,Female,,,,,,,,4902.967,4902.96700,,,,,
1299,LIFE_0000000032,ndx - number of people dying between ages x and x+n,https://www.who.int/data/gho/indicator-metadata-registry/imr-details/32,,,,PUBLISHED,Published,,2003.0,2003,,AFR,2003,2003,Africa,,NGA,Nigeria,,AGE60-64,60-64 years,,FMLE,Female,,,,,,,,7777.312,7777.31200,,,,,
1300,LIFE_0000000034,Tx - person-years lived above age x,https://www.who.int/data/gho/indicator-metadata-registry/imr-details/34,,,,PUBLISHED,Published,,2003.0,2003,,AFR,2003,2003,Africa,,NGA,Nigeria,,AGE60-64,60-64 years,,FMLE,Female,,,,,,,,634472,634472.00000,,,,,
1301,LIFE_0000000034,Tx - person-years lived above age x,https://www.who.int/data/gho/indicator-metadata-registry/imr-details/34,,,,PUBLISHED,Published,,2003.0,2003,,AFR,2003,2003,Africa,,NGA,Nigeria,,AGE65-69,65-69 years,,FMLE,Female,,,,,,,,411044,411044.00000,,,,,
1302,LIFE_0000000029,nMx - age-specific death rate between ages x and x+n,https://www.who.int/data/gho/indicator-metadata-registry/imr-details/29,,,,PUBLISHED,Published,,2003.0,2003,,AFR,2003,2003,Africa,,NGA,Nigeria,,AGE70-74,70-74 years,,FMLE,Female,,,,,,,,0.09,0.09030,,,,,
1303,LIFE_0000000034,Tx - person-years lived above age x,https://www.who.int/data/gho/indicator-metadata-registry/imr-details/34,,,,PUBLISHED,Published,,2003.0,2003,,AFR,2003,2003,Africa,,NGA,Nigeria,,AGE70-74,70-74 years,,FMLE,Female,,,,,,,,231771.5,231771.50000,,,,,
1304,LIFE_0000000029,nMx - age-specific death rate between ages x and x+n,https://www.who.int/data/gho/indicator-metadata-registry/imr-details/29,,,,PUBLISHED,Published,,2003.0,2003,,AFR,2003,2003,Africa,,NGA,Nigeria,,AGE75-79,75-79 years,,FMLE,Female,,,,,,,,0.145,0.14545,,,,,
1305,LIFE_0000000029,nMx - age-specific death rate between ages x and x+n,https://www.who.int/data/gho/indicator-metadata-registry/imr-details/29,,,,PUBLISHED,Published,,2003.0,2003,,AFR,2003,2003,Africa,,NGA,Nigeria,,AGE80-84,80-84 years,,FMLE,Female,,,,,,,,0.23,0.23033,,,,,
1306,LIFE_0000000031,lx - number of people left alive at age x,https://www.who.int/data/gho/indicator-metadata-registry/imr-details/31,,,,PUBLISHED,Published,,2003.0,2003,,AFR,2003,2003,Africa,,NGA,Nigeria,,AGE80-84,80-84 years,,FMLE,Female,,,,,,,,9179.259,9179.25900,,,,,
1307,LIFE_0000000031,lx - number of people left alive at age x,https://www.who.int/data/gho/indicator-metadata-registry/imr-details/31,,,,PUBLISHED,Published,,2003.0,2003,,AFR,2003,2003,Africa,,NGA,Nigeria,,AGE85PLUS,85+ years,,FMLE,Female,,,,,,,,2753.777,2753.77700,,,,,
1308,LIFE_0000000033,nLx - person-years lived between ages x and x+n,https://www.who.int/data/gho/indicator-metadata-registry/imr-details/33,,,,PUBLISHED,Published,,2003.0,2003,,AFR,2003,2003,Africa,,NGA,Nigeria,,AGE85PLUS,85+ years,,FMLE,Female,,,,,,,,7769.312,7769.31200,,,,,
1309,LIFE_0000000031,lx - number of people left alive at age x,https://www.who.int/data/gho/indicator-metadata-registry/imr-details/31,,,,PUBLISHED,Published,,2004.0,2004,,AFR,2004,2004,Africa,,NGA,Nigeria,,AGELT1,<1 year,,MLE,Male,,,,,,,,100000,100000.00000,,,,,
1310,LIFE_0000000033,nLx - person-years lived between ages x and x+n,https://www.who.int/data/gho/indicator-metadata-registry/imr-details/33,,,,PUBLISHED,Published,,2004.0,2004,,AFR,2004,2004,Africa,,NGA,Nigeria,,AGELT1,<1 year,,MLE,Male,,,,,,,,92783.56,92783.56000,,,,,
1311,LIFE_0000000033,nLx - person-years lived between ages x and x+n,https://www.who.int/data/gho/indicator-metadata-registry/imr-details/33,,,,PUBLISHED,Published,,2004.0,2004,,AFR,2004,2004,Africa,,NGA,Nigeria,,AGE1-4,1-4 years,,MLE,Male,,,,,,,,340586.8,340586.80000,,,,,
1312,LIFE_0000000035,ex - expectation of life at age x,https://www.who.int/data/gho/indicator-metadata-registry/imr-details/35,,,,PUBLISHED,Published,,2004.0,2004,,AFR,2004,2004,Africa,,NGA,Nigeria,,AGE1-4,1-4 years,,MLE,Male,,,,,,,,53.2,53.24609,,,,,
1313,LIFE_0000000035,ex - expectation of life at age x,https://www.who.int/data/gho/indicator-metadata-registry/imr-details/35,,,,PUBLISHED,Published,,2004.0,2004,,AFR,2004,2004,Africa,,NGA,Nigeria,,AGE5-9,5-9 years,,MLE,Male,,,,,,,,53.1,53.12956,,,,,
1314,LIFE_0000000030,nqx - probability of dying between ages x and x+n,https://www.who.int/data/gho/indicator-metadata-registry/imr-details/30,,,,PUBLISHED,Published,,2004.0,2004,,AFR,2004,2004,Africa,,NGA,Nigeria,,AGE10-14,10-14 years,,MLE,Male,,,,,,,,0.008,0.00838,,,,,
1315,LIFE_0000000035,ex - expectation of life at age x,https://www.who.int/data/gho/indicator-metadata-registry/imr-details/35,,,,PUBLISHED,Published,,2004.0,2004,,AFR,2004,2004,Africa,,NGA,Nigeria,,AGE10-14,10-14 years,,MLE,Male,,,,,,,,49.2,49.17756,,,,,
1316,LIFE_0000000030,nqx - probability of dying between ages x and x+n,https://www.who.int/data/gho/indicator-metadata-registry/imr-details/30,,,,PUBLISHED,Published,,2004.0,2004,,AFR,2004,2004,Africa,,NGA,Nigeria,,AGE15-19,15-19  years,,MLE,Male,,,,,,,,0.019,0.01938,,,,,
1317,LIFE_0000000030,nqx - probability of dying between ages x and x+n,https://www.who.int/data/gho/indicator-metadata-registry/imr-details/30,,,,PUBLISHED,Published,,2004.0,2004,,AFR,2004,2004,Africa,,NGA,Nigeria,,AGE20-24,20-24 years,,MLE,Male,,,,,,,,0.031,0.03109,,,,,
1318,LIFE_0000000032,ndx - number of people dying between ages x and x+n,https://www.who.int/data/gho/indicator-metadata-registry/imr-details/32,,,,PUBLISHED,Published,,2004.0,2004,,AFR,2004,2004,Africa,,NGA,Nigeria,,AGE20-24,20-24 years,,MLE,Male,,,,,,,,2459.975,2459.97500,,,,,
1319,LIFE_0000000032,ndx - number of people dying between ages x and x+n,https://www.who.int/data/gho/indicator-metadata-registry/imr-details/32,,,,PUBLISHED,Published,,2004.0,2004,,AFR,2004,2004,Africa,,NGA,Nigeria,,AGE25-29,25-29 years,,MLE,Male,,,,,,,,2951.956,2951.95600,,,,,
1320,LIFE_0000000034,Tx - person-years lived above age x,https://www.who.int/data/gho/indicator-metadata-registry/imr-details/34,,,,PUBLISHED,Published,,2004.0,2004,,AFR,2004,2004,Africa,,NGA,Nigeria,,AGE25-29,25-29 years,,MLE,Male,,,,,,,,2806871,2806871.00000,,,,,
1321,LIFE_0000000032,ndx - number of people dying between ages x and x+n,https://www.who.int/data/gho/indicator-metadata-registry/imr-details/32,,,,PUBLISHED,Published,,2004.0,2004,,AFR,2004,2004,Africa,,NGA,Nigeria,,AGE30-34,30-34 years,,MLE,Male,,,,,,,,3426.824,3426.82400,,,,,
1322,LIFE_0000000034,Tx - person-years lived above age x,https://www.who.int/data/gho/indicator-metadata-registry/imr-details/34,,,,PUBLISHED,Published,,2004.0,2004,,AFR,2004,2004,Africa,,NGA,Nigeria,,AGE30-34,30-34 years,,MLE,Male,,,,,,,,2430965,2430965.00000,,,,,
1323,LIFE_0000000034,Tx - person-years lived above age x,https://www.who.int/data/gho/indicator-metadata-registry/imr-details/34,,,,PUBLISHED,Published,,2004.0,2004,,AFR,2004,2004,Africa,,NGA,Nigeria,,AGE35-39,35-39 years,,MLE,Male,,,,,,,,2070977,2070977.00000,,,,,
1324,LIFE_0000000029,nMx - age-specific death rate between ages x and x+n,https://www.who.int/data/gho/indicator-metadata-registry/imr-details/29,,,,PUBLISHED,Published,,2004.0,2004,,AFR,2004,2004,Africa,,NGA,Nigeria,,AGE40-44,40-44 years,,MLE,Male,,,,,,,,0.013,0.01340,,,,,
1325,LIFE_0000000029,nMx - age-specific death rate between ages x and x+n,https://www.who.int/data/gho/indicator-metadata-registry/imr-details/29,,,,PUBLISHED,Published,,2004.0,2004,,AFR,2004,2004,Africa,,NGA,Nigeria,,AGE45-49,45-49 years,,MLE,Male,,,,,,,,0.015,0.01534,,,,,
1326,LIFE_0000000031,lx - number of people left alive at age x,https://www.who.int/data/gho/indicator-metadata-registry/imr-details/31,,,,PUBLISHED,Published,,2004.0,2004,,AFR,2004,2004,Africa,,NGA,Nigeria,,AGE45-49,45-49 years,,MLE,Male,,,,,,,,61982.11,61982.11000,,,,,
1327,LIFE_0000000029,nMx - age-specific death rate between ages x and x+n,https://www.who.int/data/gho/indicator-metadata-registry/imr-details/29,,,,PUBLISHED,Published,,2004.0,2004,,AFR,2004,2004,Africa,,NGA,Nigeria,,AGE50-54,50-54 years,,MLE,Male,,,,,,,,0.019,0.01917,,,,,
1328,LIFE_0000000031,lx - number of people left alive at age x,https://www.who.int/data/gho/indicator-metadata-registry/imr-details/31,,,,PUBLISHED,Published,,2004.0,2004,,AFR,2004,2004,Africa,,NGA,Nigeria,,AGE50-54,50-54 years,,MLE,Male,,,,,,,,57398.69,57398.69000,,,,,
1329,LIFE_0000000031,lx - number of people left alive at age x,https://www.who.int/data/gho/indicator-metadata-registry/imr-details/31,,,,PUBLISHED,Published,,2004.0,2004,,AFR,2004,2004,Africa,,NGA,Nigeria,,AGE55-59,55-59 years,,MLE,Male,,,,,,,,52139.8,52139.80000,,,,,
1330,LIFE_0000000033,nLx - person-years lived between ages x and x+n,https://www.who.int/data/gho/indicator-metadata-registry/imr-details/33,,,,PUBLISHED,Published,,2004.0,2004,,AFR,2004,2004,Africa,,NGA,Nigeria,,AGE55-59,55-59 years,,MLE,Male,,,,,,,,246207.2,246207.20000,,,,,
1331,LIFE_0000000033,nLx - person-years lived between ages x and x+n,https://www.who.int/data/gho/indicator-metadata-registry/imr-details/33,,,,PUBLISHED,Published,,2004.0,2004,,AFR,2004,2004,Africa,,NGA,Nigeria,,AGE60-64,60-64 years,,MLE,Male,,,,,,,,210863,210863.00000,,,,,
1332,LIFE_0000000035,ex - expectation of life at age x,https://www.who.int/data/gho/indicator-metadata-registry/imr-details/35,,,,PUBLISHED,Published,,2004.0,2004,,AFR,2004,2004,Africa,,NGA,Nigeria,,AGE60-64,60-64 years,,MLE,Male,,,,,,,,12.8,12.77778,,,,,
1333,LIFE_0000000033,nLx - person-years lived between ages x and x+n,https://www.who.int/data/gho/indicator-metadata-registry/imr-details/33,,,,PUBLISHED,Published,,2004.0,2004,,AFR,2004,2004,Africa,,NGA,Nigeria,,AGE65-69,65-69 years,,MLE,Male,,,,,,,,166313.4,166313.40000,,,,,
1334,LIFE_0000000035,ex - expectation of life at age x,https://www.who.int/data/gho/indicator-metadata-registry/imr-details/35,,,,PUBLISHED,Published,,2004.0,2004,,AFR,2004,2004,Africa,,NGA,Nigeria,,AGE65-69,65-69 years,,MLE,Male,,,,,,,,10,9.97006,,,,,
1335,LIFE_0000000035,ex - expectation of life at age x,https://www.who.int/data/gho/indicator-metadata-registry/imr-details/35,,,,PUBLISHED,Published,,2004.0,2004,,AFR,2004,2004,Africa,,NGA,Nigeria,,AGE70-74,70-74 years,,MLE,Male,,,,,,,,7.5,7.48066,,,,,
1336,LIFE_0000000030,nqx - probability of dying between ages x and x+n,https://www.who.int/data/gho/indicator-metadata-registry/imr-details/30,,,,PUBLISHED,Published,,2004.0,2004,,AFR,2004,2004,Africa,,NGA,Nigeria,,AGE75-79,75-79 years,,MLE,Male,,,,,,,,0.53,0.52955,,,,,
1337,LIFE_0000000030,nqx - probability of dying between ages x and x+n,https://www.who.int/data/gho/indicator-metadata-registry/imr-details/30,,,,PUBLISHED,Published,,2004.0,2004,,AFR,2004,2004,Africa,,NGA,Nigeria,,AGE80-84,80-84 years,,MLE,Male,,,,,,,,0.698,0.69787,,,,,
1338,LIFE_0000000032,ndx - number of people dying between ages x and x+n,https://www.who.int/data/gho/indicator-metadata-registry/imr-details/32,,,,PUBLISHED,Published,,2004.0,2004,,AFR,2004,2004,Africa,,NGA,Nigeria,,AGE80-84,80-84 years,,MLE,Male,,,,,,,,5831.917,5831.91700,,,,,
1339,LIFE_0000000030,nqx - probability of dying between ages x and x+n,https://www.who.int/data/gho/indicator-metadata-registry/imr-details/30,,,,PUBLISHED,Published,,2004.0,2004,,AFR,2004,2004,Africa,,NGA,Nigeria,,AGE85PLUS,85+ years,,MLE,Male,,,,,,,,1,1.00000,,,,,
1340,LIFE_0000000032,ndx - number of people dying between ages x and x+n,https://www.who.int/data/gho/indicator-metadata-registry/imr-details/32,,,,PUBLISHED,Published,,2004.0,2004,,AFR,2004,2004,Africa,,NGA,Nigeria,,AGE85PLUS,85+ years,,MLE,Male,,,,,,,,2524.865,2524.86500,,,,,
1341,LIFE_0000000034,Tx - person-years lived above age x,https://www.who.int/data/gho/indicator-metadata-registry/imr-details/34,,,,PUBLISHED,Published,,2004.0,2004,,AFR,2004,2004,Africa,,NGA,Nigeria,,AGE85PLUS,85+ years,,MLE,Male,,,,,,,,7004.743,7004.74300,,,,,
1342,LIFE_0000000032,ndx - number of people dying between ages x and x+n,https://www.who.int/data/gho/indicator-metadata-registry/imr-details/32,,,,PUBLISHED,Published,,2004.0,2004,,AFR,2004,2004,Africa,,NGA,Nigeria,,AGELT1,<1 year,,FMLE,Female,,,,,,,,9431.032,9431.03200,,,,,
1343,LIFE_0000000034,Tx - person-years lived above age x,https://www.who.int/data/gho/indicator-metadata-registry/imr-details/34,,,,PUBLISHED,Published,,2004.0,2004,,AFR,2004,2004,Africa,,NGA,Nigeria,,AGELT1,<1 year,,FMLE,Female,,,,,,,,4914265,4914265.00000,,,,,
1344,LIFE_0000000034,Tx - person-years lived above age x,https://www.who.int/data/gho/indicator-metadata-registry/imr-details/34,,,,PUBLISHED,Published,,2004.0,2004,,AFR,2004,2004,Africa,,NGA,Nigeria,,AGE1-4,1-4 years,,FMLE,Female,,,,,,,,4820528,4820528.00000,,,,,
1345,LIFE_0000000029,nMx - age-specific death rate between ages x and x+n,https://www.who.int/data/gho/indicator-metadata-registry/imr-details/29,,,,PUBLISHED,Published,,2004.0,2004,,AFR,2004,2004,Africa,,NGA,Nigeria,,AGE5-9,5-9 years,,FMLE,Female,,,,,,,,0.005,0.00516,,,,,
1346,LIFE_0000000034,Tx - person-years lived above age x,https://www.who.int/data/gho/indicator-metadata-registry/imr-details/34,,,,PUBLISHED,Published,,2004.0,2004,,AFR,2004,2004,Africa,,NGA,Nigeria,,AGE5-9,5-9 years,,FMLE,Female,,,,,,,,4475528,4475528.00000,,,,,
1347,LIFE_0000000029,nMx - age-specific death rate between ages x and x+n,https://www.who.int/data/gho/indicator-metadata-registry/imr-details/29,,,,PUBLISHED,Published,,2004.0,2004,,AFR,2004,2004,Africa,,NGA,Nigeria,,AGE10-14,10-14 years,,FMLE,Female,,,,,,,,0.002,0.00219,,,,,
1348,LIFE_0000000031,lx - number of people left alive at age x,https://www.who.int/data/gho/indicator-metadata-registry/imr-details/31,,,,PUBLISHED,Published,,2004.0,2004,,AFR,2004,2004,Africa,,NGA,Nigeria,,AGE10-14,10-14 years,,FMLE,Female,,,,,,,,81861.95,81861.95000,,,,,
1349,LIFE_0000000029,nMx - age-specific death rate between ages x and x+n,https://www.who.int/data/gho/indicator-metadata-registry/imr-details/29,,,,PUBLISHED,Published,,2004.0,2004,,AFR,2004,2004,Africa,,NGA,Nigeria,,AGE15-19,15-19  years,,FMLE,Female,,,,,,,,0.005,0.00493,,,,,
1350,LIFE_0000000031,lx - number of people left alive at age x,https://www.who.int/data/gho/indicator-metadata-registry/imr-details/31,,,,PUBLISHED,Published,,2004.0,2004,,AFR,2004,2004,Africa,,NGA,Nigeria,,AGE15-19,15-19  years,,FMLE,Female,,,,,,,,80969.31,80969.31000,,,,,
1351,LIFE_0000000031,lx - number of people left alive at age x,https://www.who.int/data/gho/indicator-metadata-registry/imr-details/31,,,,PUBLISHED,Published,,2004.0,2004,,AFR,2004,2004,Africa,,NGA,Nigeria,,AGE20-24,20-24 years,,FMLE,Female,,,,,,,,78996.76,78996.76000,,,,,
1352,LIFE_0000000033,nLx - person-years lived between ages x and x+n,https://www.who.int/data/gho/indicator-metadata-registry/imr-details/33,,,,PUBLISHED,Published,,2004.0,2004,,AFR,2004,2004,Africa,,NGA,Nigeria,,AGE20-24,20-24 years,,FMLE,Female,,,,,,,,388553.6,388553.60000,,,,,
1353,LIFE_0000000033,nLx - person-years lived between ages x and x+n,https://www.who.int/data/gho/indicator-metadata-registry/imr-details/33,,,,PUBLISHED,Published,,2004.0,2004,,AFR,2004,2004,Africa,,NGA,Nigeria,,AGE25-29,25-29 years,,FMLE,Female,,,,,,,,373034.6,373034.60000,,,,,
1354,LIFE_0000000035,ex - expectation of life at age x,https://www.who.int/data/gho/indicator-metadata-registry/imr-details/35,,,,PUBLISHED,Published,,2004.0,2004,,AFR,2004,2004,Africa,,NGA,Nigeria,,AGE25-29,25-29 years,,FMLE,Female,,,,,,,,37.5,37.51461,,,,,
1355,LIFE_0000000033,nLx - person-years lived between ages x and x+n,https://www.who.int/data/gho/indicator-metadata-registry/imr-details/33,,,,PUBLISHED,Published,,2004.0,2004,,AFR,2004,2004,Africa,,NGA,Nigeria,,AGE30-34,30-34 years,,FMLE,Female,,,,,,,,354649.9,354649.90000,,,,,
1356,LIFE_0000000035,ex - expectation of life at age x,https://www.who.int/data/gho/indicator-metadata-registry/imr-details/35,,,,PUBLISHED,Published,,2004.0,2004,,AFR,2004,2004,Africa,,NGA,Nigeria,,AGE30-34,30-34 years,,FMLE,Female,,,,,,,,34.2,34.21753,,,,,
1357,LIFE_0000000035,ex - expectation of life at age x,https://www.who.int/data/gho/indicator-metadata-registry/imr-details/35,,,,PUBLISHED,Published,,2004.0,2004,,AFR,2004,2004,Africa,,NGA,Nigeria,,AGE35-39,35-39 years,,FMLE,Female,,,,,,,,31,30.96676,,,,,
1358,LIFE_0000000030,nqx - probability of dying between ages x and x+n,https://www.who.int/data/gho/indicator-metadata-registry/imr-details/30,,,,PUBLISHED,Published,,2004.0,2004,,AFR,2004,2004,Africa,,NGA,Nigeria,,AGE40-44,40-44 years,,FMLE,Female,,,,,,,,0.055,0.05498,,,,,
1359,LIFE_0000000030,nqx - probability of dying between ages x and x+n,https://www.who.int/data/gho/indicator-metadata-registry/imr-details/30,,,,PUBLISHED,Published,,2004.0,2004,,AFR,2004,2004,Africa,,NGA,Nigeria,,AGE45-49,45-49 years,,FMLE,Female,,,,,,,,0.057,0.05684,,,,,
1360,LIFE_0000000032,ndx - number of people dying between ages x and x+n,https://www.who.int/data/gho/indicator-metadata-registry/imr-details/32,,,,PUBLISHED,Published,,2004.0,2004,,AFR,2004,2004,Africa,,NGA,Nigeria,,AGE45-49,45-49 years,,FMLE,Female,,,,,,,,3498.552,3498.55200,,,,,
1361,LIFE_0000000030,nqx - probability of dying between ages x and x+n,https://www.who.int/data/gho/indicator-metadata-registry/imr-details/30,,,,PUBLISHED,Published,,2004.0,2004,,AFR,2004,2004,Africa,,NGA,Nigeria,,AGE50-54,50-54 years,,FMLE,Female,,,,,,,,0.07,0.07018,,,,,
1362,LIFE_0000000032,ndx - number of people dying between ages x and x+n,https://www.who.int/data/gho/indicator-metadata-registry/imr-details/32,,,,PUBLISHED,Published,,2004.0,2004,,AFR,2004,2004,Africa,,NGA,Nigeria,,AGE50-54,50-54 years,,FMLE,Female,,,,,,,,4074.374,4074.37400,,,,,
1363,LIFE_0000000032,ndx - number of people dying between ages x and x+n,https://www.who.int/data/gho/indicator-metadata-registry/imr-details/32,,,,PUBLISHED,Published,,2004.0,2004,,AFR,2004,2004,Africa,,NGA,Nigeria,,AGE55-59,55-59 years,,FMLE,Female,,,,,,,,4889.383,4889.38300,,,,,
1364,LIFE_0000000034,Tx - person-years lived above age x,https://www.who.int/data/gho/indicator-metadata-registry/imr-details/34,,,,PUBLISHED,Published,,2004.0,2004,,AFR,2004,2004,Africa,,NGA,Nigeria,,AGE55-59,55-59 years,,FMLE,Female,,,,,,,,905514.9,905514.90000,,,,,
1365,LIFE_0000000034,Tx - person-years lived above age x,https://www.who.int/data/gho/indicator-metadata-registry/imr-details/34,,,,PUBLISHED,Published,,2004.0,2004,,AFR,2004,2004,Africa,,NGA,Nigeria,,AGE60-64,60-64 years,,FMLE,Female,,,,,,,,647205,647205.00000,,,,,
1366,LIFE_0000000029,nMx - age-specific death rate between ages x and x+n,https://www.who.int/data/gho/indicator-metadata-registry/imr-details/29,,,,PUBLISHED,Published,,2004.0,2004,,AFR,2004,2004,Africa,,NGA,Nigeria,,AGE65-69,65-69 years,,FMLE,Female,,,,,,,,0.054,0.05426,,,,,
1367,LIFE_0000000034,Tx - person-years lived above age x,https://www.who.int/data/gho/indicator-metadata-registry/imr-details/34,,,,PUBLISHED,Published,,2004.0,2004,,AFR,2004,2004,Africa,,NGA,Nigeria,,AGE65-69,65-69 years,,FMLE,Female,,,,,,,,420279.7,420279.70000,,,,,
1368,LIFE_0000000029,nMx - age-specific death rate between ages x and x+n,https://www.who.int/data/gho/indicator-metadata-registry/imr-details/29,,,,PUBLISHED,Published,,2004.0,2004,,AFR,2004,2004,Africa,,NGA,Nigeria,,AGE70-74,70-74 years,,FMLE,Female,,,,,,,,0.089,0.08943,,,,,
1369,LIFE_0000000029,nMx - age-specific death rate between ages x and x+n,https://www.who.int/data/gho/indicator-metadata-registry/imr-details/29,,,,PUBLISHED,Published,,2004.0,2004,,AFR,2004,2004,Africa,,NGA,Nigeria,,AGE75-79,75-79 years,,FMLE,Female,,,,,,,,0.144,0.14414,,,,,
1370,LIFE_0000000031,lx - number of people left alive at age x,https://www.who.int/data/gho/indicator-metadata-registry/imr-details/31,,,,PUBLISHED,Published,,2004.0,2004,,AFR,2004,2004,Africa,,NGA,Nigeria,,AGE75-79,75-79 years,,FMLE,Female,,,,,,,,19896.22,19896.22000,,,,,
1371,LIFE_0000000031,lx - number of people left alive at age x,https://www.who.int/data/gho/indicator-metadata-registry/imr-details/31,,,,PUBLISHED,Published,,2004.0,2004,,AFR,2004,2004,Africa,,NGA,Nigeria,,AGE80-84,80-84 years,,FMLE,Female,,,,,,,,9469.012,9469.01200,,,,,
1372,LIFE_0000000033,nLx - person-years lived between ages x and x+n,https://www.who.int/data/gho/indicator-metadata-registry/imr-details/33,,,,PUBLISHED,Published,,2004.0,2004,,AFR,2004,2004,Africa,,NGA,Nigeria,,AGE80-84,80-84 years,,FMLE,Female,,,,,,,,28880.22,28880.22000,,,,,
1373,LIFE_0000000031,lx - number of people left alive at age x,https://www.who.int/data/gho/indicator-metadata-registry/imr-details/31,,,,PUBLISHED,Published,,2004.0,2004,,AFR,2004,2004,Africa,,NGA,Nigeria,,AGE85PLUS,85+ years,,FMLE,Female,,,,,,,,2869.743,2869.74300,,,,,
1374,LIFE_0000000033,nLx - person-years lived between ages x and x+n,https://www.who.int/data/gho/indicator-metadata-registry/imr-details/33,,,,PUBLISHED,Published,,2004.0,2004,,AFR,2004,2004,Africa,,NGA,Nigeria,,AGE85PLUS,85+ years,,FMLE,Female,,,,,,,,8145.289,8145.28900,,,,,
1375,LIFE_0000000033,nLx - person-years lived between ages x and x+n,https://www.who.int/data/gho/indicator-metadata-registry/imr-details/33,,,,PUBLISHED,Published,,2005.0,2005,,AFR,2005,2005,Africa,,NGA,Nigeria,,AGELT1,<1 year,,MLE,Male,,,,,,,,92998.33,92998.33000,,,,,
1376,LIFE_0000000035,ex - expectation of life at age x,https://www.who.int/data/gho/indicator-metadata-registry/imr-details/35,,,,PUBLISHED,Published,,2005.0,2005,,AFR,2005,2005,Africa,,NGA,Nigeria,,AGELT1,<1 year,,MLE,Male,,,,,,,,49.2,49.22105,,,,,
1377,LIFE_0000000035,ex - expectation of life at age x,https://www.who.int/data/gho/indicator-metadata-registry/imr-details/35,,,,PUBLISHED,Published,,2005.0,2005,,AFR,2005,2005,Africa,,NGA,Nigeria,,AGE1-4,1-4 years,,MLE,Male,,,,,,,,53.9,53.88353,,,,,
1378,LIFE_0000000030,nqx - probability of dying between ages x and x+n,https://www.who.int/data/gho/indicator-metadata-registry/imr-details/30,,,,PUBLISHED,Published,,2005.0,2005,,AFR,2005,2005,Africa,,NGA,Nigeria,,AGE5-9,5-9 years,,MLE,Male,,,,,,,,0.02,0.01953,,,,,
1379,LIFE_0000000035,ex - expectation of life at age x,https://www.who.int/data/gho/indicator-metadata-registry/imr-details/35,,,,PUBLISHED,Published,,2005.0,2005,,AFR,2005,2005,Africa,,NGA,Nigeria,,AGE5-9,5-9 years,,MLE,Male,,,,,,,,53.6,53.60742,,,,,
1380,LIFE_0000000030,nqx - probability of dying between ages x and x+n,https://www.who.int/data/gho/indicator-metadata-registry/imr-details/30,,,,PUBLISHED,Published,,2005.0,2005,,AFR,2005,2005,Africa,,NGA,Nigeria,,AGE10-14,10-14 years,,MLE,Male,,,,,,,,0.008,0.00817,,,,,
1381,LIFE_0000000030,nqx - probability of dying between ages x and x+n,https://www.who.int/data/gho/indicator-metadata-registry/imr-details/30,,,,PUBLISHED,Published,,2005.0,2005,,AFR,2005,2005,Africa,,NGA,Nigeria,,AGE15-19,15-19  years,,MLE,Male,,,,,,,,0.018,0.01827,,,,,
1382,LIFE_0000000032,ndx - number of people dying between ages x and x+n,https://www.who.int/data/gho/indicator-metadata-registry/imr-details/32,,,,PUBLISHED,Published,,2005.0,2005,,AFR,2005,2005,Africa,,NGA,Nigeria,,AGE15-19,15-19  years,,MLE,Male,,,,,,,,1486.534,1486.53400,,,,,
1383,LIFE_0000000032,ndx - number of people dying between ages x and x+n,https://www.who.int/data/gho/indicator-metadata-registry/imr-details/32,,,,PUBLISHED,Published,,2005.0,2005,,AFR,2005,2005,Africa,,NGA,Nigeria,,AGE20-24,20-24 years,,MLE,Male,,,,,,,,2327.374,2327.37400,,,,,
1384,LIFE_0000000034,Tx - person-years lived above age x,https://www.who.int/data/gho/indicator-metadata-registry/imr-details/34,,,,PUBLISHED,Published,,2005.0,2005,,AFR,2005,2005,Africa,,NGA,Nigeria,,AGE20-24,20-24 years,,MLE,Male,,,,,,,,3260028,3260028.00000,,,,,
1385,LIFE_0000000032,ndx - number of people dying between ages x and x+n,https://www.who.int/data/gho/indicator-metadata-registry/imr-details/32,,,,PUBLISHED,Published,,2005.0,2005,,AFR,2005,2005,Africa,,NGA,Nigeria,,AGE25-29,25-29 years,,MLE,Male,,,,,,,,2840.391,2840.39100,,,,,
1386,LIFE_0000000034,Tx - person-years lived above age x,https://www.who.int/data/gho/indicator-metadata-registry/imr-details/34,,,,PUBLISHED,Published,,2005.0,2005,,AFR,2005,2005,Africa,,NGA,Nigeria,,AGE25-29,25-29 years,,MLE,Male,,,,,,,,2866320,2866320.00000,,,,,
1387,LIFE_0000000034,Tx - person-years lived above age x,https://www.who.int/data/gho/indicator-metadata-registry/imr-details/34,,,,PUBLISHED,Published,,2005.0,2005,,AFR,2005,2005,Africa,,NGA,Nigeria,,AGE30-34,30-34 years,,MLE,Male,,,,,,,,2485552,2485552.00000,,,,,
1388,LIFE_0000000029,nMx - age-specific death rate between ages x and x+n,https://www.who.int/data/gho/indicator-metadata-registry/imr-details/29,,,,PUBLISHED,Published,,2005.0,2005,,AFR,2005,2005,Africa,,NGA,Nigeria,,AGE35-39,35-39 years,,MLE,Male,,,,,,,,0.011,0.01129,,,,,
1389,LIFE_0000000029,nMx - age-specific death rate between ages x and x+n,https://www.who.int/data/gho/indicator-metadata-registry/imr-details/29,,,,PUBLISHED,Published,,2005.0,2005,,AFR,2005,2005,Africa,,NGA,Nigeria,,AGE40-44,40-44 years,,MLE,Male,,,,,,,,0.013,0.01311,,,,,
1390,LIFE_0000000031,lx - number of people left alive at age x,https://www.who.int/data/gho/indicator-metadata-registry/imr-details/31,,,,PUBLISHED,Published,,2005.0,2005,,AFR,2005,2005,Africa,,NGA,Nigeria,,AGE40-44,40-44 years,,MLE,Male,,,,,,,,67425.93,67425.93000,,,,,
1391,LIFE_0000000029,nMx - age-specific death rate between ages x and x+n,https://www.who.int/data/gho/indicator-metadata-registry/imr-details/29,,,,PUBLISHED,Published,,2005.0,2005,,AFR,2005,2005,Africa,,NGA,Nigeria,,AGE15-19,15-19  years,,MLE,Male,,,,,,,,0.004,0.00369,,,,,
1392,LIFE_0000000035,ex - expectation of life at age x,https://www.who.int/data/gho/indicator-metadata-registry/imr-details/35,,,,PUBLISHED,Published,,2005.0,2005,,AFR,2005,2005,Africa,,NGA,Nigeria,,AGE20-24,20-24 years,,MLE,Male,,,,,,,,40.8,40.80325,,,,,
1393,LIFE_0000000029,nMx - age-specific death rate between ages x and x+n,https://www.who.int/data/gho/indicator-metadata-registry/imr-details/29,,,,PUBLISHED,Published,,2005.0,2005,,AFR,2005,2005,Africa,,NGA,Nigeria,,AGE25-29,25-29 years,,MLE,Male,,,,,,,,0.007,0.00746,,,,,
1394,LIFE_0000000030,nqx - probability of dying between ages x and x+n,https://www.who.int/data/gho/indicator-metadata-registry/imr-details/30,,,,PUBLISHED,Published,,2005.0,2005,,AFR,2005,2005,Africa,,NGA,Nigeria,,AGE25-29,25-29 years,,MLE,Male,,,,,,,,0.037,0.03662,,,,,
1395,LIFE_0000000031,lx - number of people left alive at age x,https://www.who.int/data/gho/indicator-metadata-registry/imr-details/31,,,,PUBLISHED,Published,,2005.0,2005,,AFR,2005,2005,Africa,,NGA,Nigeria,,AGE25-29,25-29 years,,MLE,Male,,,,,,,,77568.9,77568.90000,,,,,
1396,LIFE_0000000031,lx - number of people left alive at age x,https://www.who.int/data/gho/indicator-metadata-registry/imr-details/31,,,,PUBLISHED,Published,,2005.0,2005,,AFR,2005,2005,Africa,,NGA,Nigeria,,AGE35-39,35-39 years,,MLE,Male,,,,,,,,71345.58,71345.58000,,,,,
1397,LIFE_0000000032,ndx - number of people dying between ages x and x+n,https://www.who.int/data/gho/indicator-metadata-registry/imr-details/32,,,,PUBLISHED,Published,,2005.0,2005,,AFR,2005,2005,Africa,,NGA,Nigeria,,AGE35-39,35-39 years,,MLE,Male,,,,,,,,3919.646,3919.64600,,,,,
1398,LIFE_0000000033,nLx - person-years lived between ages x and x+n,https://www.who.int/data/gho/indicator-metadata-registry/imr-details/33,,,,PUBLISHED,Published,,2005.0,2005,,AFR,2005,2005,Africa,,NGA,Nigeria,,AGE35-39,35-39 years,,MLE,Male,,,,,,,,347114.5,347114.50000,,,,,
1399,LIFE_0000000034,Tx - person-years lived above age x,https://www.who.int/data/gho/indicator-metadata-registry/imr-details/34,,,,PUBLISHED,Published,,2005.0,2005,,AFR,2005,2005,Africa,,NGA,Nigeria,,AGE35-39,35-39 years,,MLE,Male,,,,,,,,2120312,2120312.00000,,,,,
1400,LIFE_0000000033,nLx - person-years lived between ages x and x+n,https://www.who.int/data/gho/indicator-metadata-registry/imr-details/33,,,,PUBLISHED,Published,,2005.0,2005,,AFR,2005,2005,Africa,,NGA,Nigeria,,AGE45-49,45-49 years,,MLE,Male,,,,,,,,304625.2,304625.20000,,,,,
1401,LIFE_0000000034,Tx - person-years lived above age x,https://www.who.int/data/gho/indicator-metadata-registry/imr-details/34,,,,PUBLISHED,Published,,2005.0,2005,,AFR,2005,2005,Africa,,NGA,Nigeria,,AGE45-49,45-49 years,,MLE,Male,,,,,,,,1446511,1446511.00000,,,,,
1402,LIFE_0000000035,ex - expectation of life at age x,https://www.who.int/data/gho/indicator-metadata-registry/imr-details/35,,,,PUBLISHED,Published,,2005.0,2005,,AFR,2005,2005,Africa,,NGA,Nigeria,,AGE45-49,45-49 years,,MLE,Male,,,,,,,,22.9,22.90789,,,,,
1403,LIFE_0000000029,nMx - age-specific death rate between ages x and x+n,https://www.who.int/data/gho/indicator-metadata-registry/imr-details/29,,,,PUBLISHED,Published,,2005.0,2005,,AFR,2005,2005,Africa,,NGA,Nigeria,,AGE50-54,50-54 years,,MLE,Male,,,,,,,,0.019,0.01877,,,,,
1404,LIFE_0000000030,nqx - probability of dying between ages x and x+n,https://www.who.int/data/gho/indicator-metadata-registry/imr-details/30,,,,PUBLISHED,Published,,2005.0,2005,,AFR,2005,2005,Africa,,NGA,Nigeria,,AGE50-54,50-54 years,,MLE,Male,,,,,,,,0.09,0.08976,,,,,
1405,LIFE_0000000029,nMx - age-specific death rate between ages x and x+n,https://www.who.int/data/gho/indicator-metadata-registry/imr-details/29,,,,PUBLISHED,Published,,2005.0,2005,,AFR,2005,2005,Africa,,NGA,Nigeria,,AGE60-64,60-64 years,,MLE,Male,,,,,,,,0.038,0.03799,,,,,
1406,LIFE_0000000030,nqx - probability of dying between ages x and x+n,https://www.who.int/data/gho/indicator-metadata-registry/imr-details/30,,,,PUBLISHED,Published,,2005.0,2005,,AFR,2005,2005,Africa,,NGA,Nigeria,,AGE60-64,60-64 years,,MLE,Male,,,,,,,,0.174,0.17402,,,,,
1407,LIFE_0000000031,lx - number of people left alive at age x,https://www.who.int/data/gho/indicator-metadata-registry/imr-details/31,,,,PUBLISHED,Published,,2005.0,2005,,AFR,2005,2005,Africa,,NGA,Nigeria,,AGE60-64,60-64 years,,MLE,Male,,,,,,,,47281.34,47281.34000,,,,,
1408,LIFE_0000000032,ndx - number of people dying between ages x and x+n,https://www.who.int/data/gho/indicator-metadata-registry/imr-details/32,,,,PUBLISHED,Published,,2005.0,2005,,AFR,2005,2005,Africa,,NGA,Nigeria,,AGE60-64,60-64 years,,MLE,Male,,,,,,,,8228.047,8228.04700,,,,,
1409,LIFE_0000000032,ndx - number of people dying between ages x and x+n,https://www.who.int/data/gho/indicator-metadata-registry/imr-details/32,,,,PUBLISHED,Published,,2005.0,2005,,AFR,2005,2005,Africa,,NGA,Nigeria,,AGE70-74,70-74 years,,MLE,Male,,,,,,,,10801.42,10801.42000,,,,,
1410,LIFE_0000000033,nLx - person-years lived between ages x and x+n,https://www.who.int/data/gho/indicator-metadata-registry/imr-details/33,,,,PUBLISHED,Published,,2005.0,2005,,AFR,2005,2005,Africa,,NGA,Nigeria,,AGE70-74,70-74 years,,MLE,Male,,,,,,,,119676.6,119676.60000,,,,,
1411,LIFE_0000000034,Tx - person-years lived above age x,https://www.who.int/data/gho/indicator-metadata-registry/imr-details/34,,,,PUBLISHED,Published,,2005.0,2005,,AFR,2005,2005,Africa,,NGA,Nigeria,,AGE70-74,70-74 years,,MLE,Male,,,,,,,,221516.9,221516.90000,,,,,
1412,LIFE_0000000035,ex - expectation of life at age x,https://www.who.int/data/gho/indicator-metadata-registry/imr-details/35,,,,PUBLISHED,Published,,2005.0,2005,,AFR,2005,2005,Africa,,NGA,Nigeria,,AGE70-74,70-74 years,,MLE,Male,,,,,,,,7.6,7.55506,,,,,
1413,LIFE_0000000035,ex - expectation of life at age x,https://www.who.int/data/gho/indicator-metadata-registry/imr-details/35,,,,PUBLISHED,Published,,2005.0,2005,,AFR,2005,2005,Africa,,NGA,Nigeria,,AGE80-84,80-84 years,,MLE,Male,,,,,,,,3.9,3.92357,,,,,
1414,LIFE_0000000029,nMx - age-specific death rate between ages x and x+n,https://www.who.int/data/gho/indicator-metadata-registry/imr-details/29,,,,PUBLISHED,Published,,2005.0,2005,,AFR,2005,2005,Africa,,NGA,Nigeria,,AGE85PLUS,85+ years,,MLE,Male,,,,,,,,0.357,0.35720,,,,,
1415,LIFE_0000000030,nqx - probability of dying between ages x and x+n,https://www.who.int/data/gho/indicator-metadata-registry/imr-details/30,,,,PUBLISHED,Published,,2005.0,2005,,AFR,2005,2005,Africa,,NGA,Nigeria,,AGE85PLUS,85+ years,,MLE,Male,,,,,,,,1,1.00000,,,,,
1416,LIFE_0000000031,lx - number of people left alive at age x,https://www.who.int/data/gho/indicator-metadata-registry/imr-details/31,,,,PUBLISHED,Published,,2005.0,2005,,AFR,2005,2005,Africa,,NGA,Nigeria,,AGE85PLUS,85+ years,,MLE,Male,,,,,,,,2703.451,2703.45100,,,,,
1417,LIFE_0000000030,nqx - probability of dying between ages x and x+n,https://www.who.int/data/gho/indicator-metadata-registry/imr-details/30,,,,PUBLISHED,Published,,2005.0,2005,,AFR,2005,2005,Africa,,NGA,Nigeria,,AGE1-4,1-4 years,,FMLE,Female,,,,,,,,0.069,0.06931,,,,,
1418,LIFE_0000000031,lx - number of people left alive at age x,https://www.who.int/data/gho/indicator-metadata-registry/imr-details/31,,,,PUBLISHED,Published,,2005.0,2005,,AFR,2005,2005,Africa,,NGA,Nigeria,,AGE1-4,1-4 years,,FMLE,Female,,,,,,,,90906.54,90906.54000,,,,,
1419,LIFE_0000000032,ndx - number of people dying between ages x and x+n,https://www.who.int/data/gho/indicator-metadata-registry/imr-details/32,,,,PUBLISHED,Published,,2005.0,2005,,AFR,2005,2005,Africa,,NGA,Nigeria,,AGE1-4,1-4 years,,FMLE,Female,,,,,,,,6300.845,6300.84500,,,,,
1420,LIFE_0000000033,nLx - person-years lived between ages x and x+n,https://www.who.int/data/gho/indicator-metadata-registry/imr-details/33,,,,PUBLISHED,Published,,2005.0,2005,,AFR,2005,2005,Africa,,NGA,Nigeria,,AGE1-4,1-4 years,,FMLE,Female,,,,,,,,347079.6,347079.60000,,,,,
1421,LIFE_0000000033,nLx - person-years lived between ages x and x+n,https://www.who.int/data/gho/indicator-metadata-registry/imr-details/33,,,,PUBLISHED,Published,,2005.0,2005,,AFR,2005,2005,Africa,,NGA,Nigeria,,AGE10-14,10-14 years,,FMLE,Female,,,,,,,,410305.9,410305.90000,,,,,
1422,LIFE_0000000034,Tx - person-years lived above age x,https://www.who.int/data/gho/indicator-metadata-registry/imr-details/34,,,,PUBLISHED,Published,,2005.0,2005,,AFR,2005,2005,Africa,,NGA,Nigeria,,AGE10-14,10-14 years,,FMLE,Female,,,,,,,,4124146,4124146.00000,,,,,
1423,LIFE_0000000035,ex - expectation of life at age x,https://www.who.int/data/gho/indicator-metadata-registry/imr-details/35,,,,PUBLISHED,Published,,2005.0,2005,,AFR,2005,2005,Africa,,NGA,Nigeria,,AGE10-14,10-14 years,,FMLE,Female,,,,,,,,50,49.98778,,,,,
1424,LIFE_0000000029,nMx - age-specific death rate between ages x and x+n,https://www.who.int/data/gho/indicator-metadata-registry/imr-details/29,,,,PUBLISHED,Published,,2005.0,2005,,AFR,2005,2005,Africa,,NGA,Nigeria,,AGE15-19,15-19  years,,FMLE,Female,,,,,,,,0.005,0.00470,,,,,
1425,LIFE_0000000029,nMx - age-specific death rate between ages x and x+n,https://www.who.int/data/gho/indicator-metadata-registry/imr-details/29,,,,PUBLISHED,Published,,2005.0,2005,,AFR,2005,2005,Africa,,NGA,Nigeria,,AGE25-29,25-29 years,,FMLE,Female,,,,,,,,0.009,0.00912,,,,,
1426,LIFE_0000000030,nqx - probability of dying between ages x and x+n,https://www.who.int/data/gho/indicator-metadata-registry/imr-details/30,,,,PUBLISHED,Published,,2005.0,2005,,AFR,2005,2005,Africa,,NGA,Nigeria,,AGE25-29,25-29 years,,FMLE,Female,,,,,,,,0.045,0.04458,,,,,
1427,LIFE_0000000031,lx - number of people left alive at age x,https://www.who.int/data/gho/indicator-metadata-registry/imr-details/31,,,,PUBLISHED,Published,,2005.0,2005,,AFR,2005,2005,Africa,,NGA,Nigeria,,AGE25-29,25-29 years,,FMLE,Female,,,,,,,,77202.55,77202.55000,,,,,
1428,LIFE_0000000032,ndx - number of people dying between ages x and x+n,https://www.who.int/data/gho/indicator-metadata-registry/imr-details/32,,,,PUBLISHED,Published,,2005.0,2005,,AFR,2005,2005,Africa,,NGA,Nigeria,,AGE25-29,25-29 years,,FMLE,Female,,,,,,,,3441.36,3441.36000,,,,,
1429,LIFE_0000000031,lx - number of people left alive at age x,https://www.who.int/data/gho/indicator-metadata-registry/imr-details/31,,,,PUBLISHED,Published,,2005.0,2005,,AFR,2005,2005,Africa,,NGA,Nigeria,,AGE35-39,35-39 years,,FMLE,Female,,,,,,,,69965.58,69965.58000,,,,,
1430,LIFE_0000000032,ndx - number of people dying between ages x and x+n,https://www.who.int/data/gho/indicator-metadata-registry/imr-details/32,,,,PUBLISHED,Published,,2005.0,2005,,AFR,2005,2005,Africa,,NGA,Nigeria,,AGE35-39,35-39 years,,FMLE,Female,,,,,,,,3862.856,3862.85600,,,,,
1431,LIFE_0000000033,nLx - person-years lived between ages x and x+n,https://www.who.int/data/gho/indicator-metadata-registry/imr-details/33,,,,PUBLISHED,Published,,2005.0,2005,,AFR,2005,2005,Africa,,NGA,Nigeria,,AGE35-39,35-39 years,,FMLE,Female,,,,,,,,340202.7,340202.70000,,,,,
1432,LIFE_0000000034,Tx - person-years lived above age x,https://www.who.int/data/gho/indicator-metadata-registry/imr-details/34,,,,PUBLISHED,Published,,2005.0,2005,,AFR,2005,2005,Africa,,NGA,Nigeria,,AGE35-39,35-39 years,,FMLE,Female,,,,,,,,2181047,2181047.00000,,,,,
1433,LIFE_0000000035,ex - expectation of life at age x,https://www.who.int/data/gho/indicator-metadata-registry/imr-details/35,,,,PUBLISHED,Published,,2005.0,2005,,AFR,2005,2005,Africa,,NGA,Nigeria,,AGE35-39,35-39 years,,FMLE,Female,,,,,,,,31.2,31.17314,,,,,
1434,LIFE_0000000034,Tx - person-years lived above age x,https://www.who.int/data/gho/indicator-metadata-registry/imr-details/34,,,,PUBLISHED,Published,,2005.0,2005,,AFR,2005,2005,Africa,,NGA,Nigeria,,AGE45-49,45-49 years,,FMLE,Female,,,,,,,,1519246,1519246.00000,,,,,
1435,LIFE_0000000035,ex - expectation of life at age x,https://www.who.int/data/gho/indicator-metadata-registry/imr-details/35,,,,PUBLISHED,Published,,2005.0,2005,,AFR,2005,2005,Africa,,NGA,Nigeria,,AGE45-49,45-49 years,,FMLE,Female,,,,,,,,24.3,24.29960,,,,,
1436,LIFE_0000000029,nMx - age-specific death rate between ages x and x+n,https://www.who.int/data/gho/indicator-metadata-registry/imr-details/29,,,,PUBLISHED,Published,,2005.0,2005,,AFR,2005,2005,Africa,,NGA,Nigeria,,AGE50-54,50-54 years,,FMLE,Female,,,,,,,,0.014,0.01421,,,,,
1437,LIFE_0000000030,nqx - probability of dying between ages x and x+n,https://www.who.int/data/gho/indicator-metadata-registry/imr-details/30,,,,PUBLISHED,Published,,2005.0,2005,,AFR,2005,2005,Africa,,NGA,Nigeria,,AGE50-54,50-54 years,,FMLE,Female,,,,,,,,0.069,0.06869,,,,,
1438,LIFE_0000000030,nqx - probability of dying between ages x and x+n,https://www.who.int/data/gho/indicator-metadata-registry/imr-details/30,,,,PUBLISHED,Published,,2005.0,2005,,AFR,2005,2005,Africa,,NGA,Nigeria,,AGE60-64,60-64 years,,FMLE,Female,,,,,,,,0.156,0.15637,,,,,
1439,LIFE_0000000031,lx - number of people left alive at age x,https://www.who.int/data/gho/indicator-metadata-registry/imr-details/31,,,,PUBLISHED,Published,,2005.0,2005,,AFR,2005,2005,Africa,,NGA,Nigeria,,AGE60-64,60-64 years,,FMLE,Female,,,,,,,,50116.2,50116.20000,,,,,
1440,LIFE_0000000032,ndx - number of people dying between ages x and x+n,https://www.who.int/data/gho/indicator-metadata-registry/imr-details/32,,,,PUBLISHED,Published,,2005.0,2005,,AFR,2005,2005,Africa,,NGA,Nigeria,,AGE60-64,60-64 years,,FMLE,Female,,,,,,,,7836.706,7836.70600,,,,,
1441,LIFE_0000000033,nLx - person-years lived between ages x and x+n,https://www.who.int/data/gho/indicator-metadata-registry/imr-details/33,,,,PUBLISHED,Published,,2005.0,2005,,AFR,2005,2005,Africa,,NGA,Nigeria,,AGE60-64,60-64 years,,FMLE,Female,,,,,,,,231993.7,231993.70000,,,,,
1442,LIFE_0000000033,nLx - person-years lived between ages x and x+n,https://www.who.int/data/gho/indicator-metadata-registry/imr-details/33,,,,PUBLISHED,Published,,2005.0,2005,,AFR,2005,2005,Africa,,NGA,Nigeria,,AGE70-74,70-74 years,,FMLE,Female,,,,,,,,132537.9,132537.90000,,,,,
1443,LIFE_0000000034,Tx - person-years lived above age x,https://www.who.int/data/gho/indicator-metadata-registry/imr-details/34,,,,PUBLISHED,Published,,2005.0,2005,,AFR,2005,2005,Africa,,NGA,Nigeria,,AGE70-74,70-74 years,,FMLE,Female,,,,,,,,247056.9,247056.90000,,,,,
1444,LIFE_0000000035,ex - expectation of life at age x,https://www.who.int/data/gho/indicator-metadata-registry/imr-details/35,,,,PUBLISHED,Published,,2005.0,2005,,AFR,2005,2005,Africa,,NGA,Nigeria,,AGE70-74,70-74 years,,FMLE,Female,,,,,,,,7.7,7.65101,,,,,
1445,LIFE_0000000029,nMx - age-specific death rate between ages x and x+n,https://www.who.int/data/gho/indicator-metadata-registry/imr-details/29,,,,PUBLISHED,Published,,2005.0,2005,,AFR,2005,2005,Africa,,NGA,Nigeria,,AGE75-79,75-79 years,,FMLE,Female,,,,,,,,0.142,0.14205,,,,,
1446,LIFE_0000000035,ex - expectation of life at age x,https://www.who.int/data/gho/indicator-metadata-registry/imr-details/35,,,,PUBLISHED,Published,,2005.0,2005,,AFR,2005,2005,Africa,,NGA,Nigeria,,AGE80-84,80-84 years,,FMLE,Female,,,,,,,,3.9,3.94983,,,,,
1447,LIFE_0000000029,nMx - age-specific death rate between ages x and x+n,https://www.who.int/data/gho/indicator-metadata-registry/imr-details/29,,,,PUBLISHED,Published,,2005.0,2005,,AFR,2005,2005,Africa,,NGA,Nigeria,,AGE85PLUS,85+ years,,FMLE,Female,,,,,,,,0.349,0.34897,,,,,
1448,LIFE_0000000030,nqx - probability of dying between ages x and x+n,https://www.who.int/data/gho/indicator-metadata-registry/imr-details/30,,,,PUBLISHED,Published,,2005.0,2005,,AFR,2005,2005,Africa,,NGA,Nigeria,,AGE85PLUS,85+ years,,FMLE,Female,,,,,,,,1,1.00000,,,,,
1449,LIFE_0000000031,lx - number of people left alive at age x,https://www.who.int/data/gho/indicator-metadata-registry/imr-details/31,,,,PUBLISHED,Published,,2005.0,2005,,AFR,2005,2005,Africa,,NGA,Nigeria,,AGE85PLUS,85+ years,,FMLE,Female,,,,,,,,3056.562,3056.56200,,,,,
1450,LIFE_0000000031,lx - number of people left alive at age x,https://www.who.int/data/gho/indicator-metadata-registry/imr-details/31,,,,PUBLISHED,Published,,2006.0,2006,,AFR,2006,2006,Africa,,NGA,Nigeria,,AGE1-4,1-4 years,,MLE,Male,,,,,,,,89962.78,89962.78000,,,,,
1451,LIFE_0000000032,ndx - number of people dying between ages x and x+n,https://www.who.int/data/gho/indicator-metadata-registry/imr-details/32,,,,PUBLISHED,Published,,2006.0,2006,,AFR,2006,2006,Africa,,NGA,Nigeria,,AGE1-4,1-4 years,,MLE,Male,,,,,,,,5642.984,5642.98400,,,,,
1452,LIFE_0000000033,nLx - person-years lived between ages x and x+n,https://www.who.int/data/gho/indicator-metadata-registry/imr-details/33,,,,PUBLISHED,Published,,2006.0,2006,,AFR,2006,2006,Africa,,NGA,Nigeria,,AGE1-4,1-4 years,,MLE,Male,,,,,,,,344956.6,344956.60000,,,,,
1453,LIFE_0000000034,Tx - person-years lived above age x,https://www.who.int/data/gho/indicator-metadata-registry/imr-details/34,,,,PUBLISHED,Published,,2006.0,2006,,AFR,2006,2006,Africa,,NGA,Nigeria,,AGE1-4,1-4 years,,MLE,Male,,,,,,,,4900936,4900936.00000,,,,,
1454,LIFE_0000000034,Tx - person-years lived above age x,https://www.who.int/data/gho/indicator-metadata-registry/imr-details/34,,,,PUBLISHED,Published,,2006.0,2006,,AFR,2006,2006,Africa,,NGA,Nigeria,,AGE10-14,10-14 years,,MLE,Male,,,,,,,,4138347,4138347.00000,,,,,
1455,LIFE_0000000035,ex - expectation of life at age x,https://www.who.int/data/gho/indicator-metadata-registry/imr-details/35,,,,PUBLISHED,Published,,2006.0,2006,,AFR,2006,2006,Africa,,NGA,Nigeria,,AGE10-14,10-14 years,,MLE,Male,,,,,,,,50,50.02062,,,,,
1456,LIFE_0000000029,nMx - age-specific death rate between ages x and x+n,https://www.who.int/data/gho/indicator-metadata-registry/imr-details/29,,,,PUBLISHED,Published,,2006.0,2006,,AFR,2006,2006,Africa,,NGA,Nigeria,,AGE15-19,15-19  years,,MLE,Male,,,,,,,,0.003,0.00350,,,,,
1457,LIFE_0000000030,nqx - probability of dying between ages x and x+n,https://www.who.int/data/gho/indicator-metadata-registry/imr-details/30,,,,PUBLISHED,Published,,2006.0,2006,,AFR,2006,2006,Africa,,NGA,Nigeria,,AGE15-19,15-19  years,,MLE,Male,,,,,,,,0.017,0.01734,,,,,
1458,LIFE_0000000029,nMx - age-specific death rate between ages x and x+n,https://www.who.int/data/gho/indicator-metadata-registry/imr-details/29,,,,PUBLISHED,Published,,2006.0,2006,,AFR,2006,2006,Africa,,NGA,Nigeria,,AGE25-29,25-29 years,,MLE,Male,,,,,,,,0.007,0.00713,,,,,
1459,LIFE_0000000030,nqx - probability of dying between ages x and x+n,https://www.who.int/data/gho/indicator-metadata-registry/imr-details/30,,,,PUBLISHED,Published,,2006.0,2006,,AFR,2006,2006,Africa,,NGA,Nigeria,,AGE25-29,25-29 years,,MLE,Male,,,,,,,,0.035,0.03500,,,,,
1460,LIFE_0000000031,lx - number of people left alive at age x,https://www.who.int/data/gho/indicator-metadata-registry/imr-details/31,,,,PUBLISHED,Published,,2006.0,2006,,AFR,2006,2006,Africa,,NGA,Nigeria,,AGE25-29,25-29 years,,MLE,Male,,,,,,,,78426.15,78426.15000,,,,,
1461,LIFE_0000000032,ndx - number of people dying between ages x and x+n,https://www.who.int/data/gho/indicator-metadata-registry/imr-details/32,,,,PUBLISHED,Published,,2006.0,2006,,AFR,2006,2006,Africa,,NGA,Nigeria,,AGE25-29,25-29 years,,MLE,Male,,,,,,,,2745.283,2745.28300,,,,,
1462,LIFE_0000000033,nLx - person-years lived between ages x and x+n,https://www.who.int/data/gho/indicator-metadata-registry/imr-details/33,,,,PUBLISHED,Published,,2006.0,2006,,AFR,2006,2006,Africa,,NGA,Nigeria,,AGE25-29,25-29 years,,MLE,Male,,,,,,,,385296.9,385296.90000,,,,,
1463,LIFE_0000000032,ndx - number of people dying between ages x and x+n,https://www.who.int/data/gho/indicator-metadata-registry/imr-details/32,,,,PUBLISHED,Published,,2006.0,2006,,AFR,2006,2006,Africa,,NGA,Nigeria,,AGE35-39,35-39 years,,MLE,Male,,,,,,,,3917.008,3917.00800,,,,,
1464,LIFE_0000000033,nLx - person-years lived between ages x and x+n,https://www.who.int/data/gho/indicator-metadata-registry/imr-details/33,,,,PUBLISHED,Published,,2006.0,2006,,AFR,2006,2006,Africa,,NGA,Nigeria,,AGE35-39,35-39 years,,MLE,Male,,,,,,,,352230.6,352230.60000,,,,,
1465,LIFE_0000000034,Tx - person-years lived above age x,https://www.who.int/data/gho/indicator-metadata-registry/imr-details/34,,,,PUBLISHED,Published,,2006.0,2006,,AFR,2006,2006,Africa,,NGA,Nigeria,,AGE35-39,35-39 years,,MLE,Male,,,,,,,,2166246,2166246.00000,,,,,
1466,LIFE_0000000035,ex - expectation of life at age x,https://www.who.int/data/gho/indicator-metadata-registry/imr-details/35,,,,PUBLISHED,Published,,2006.0,2006,,AFR,2006,2006,Africa,,NGA,Nigeria,,AGE35-39,35-39 years,,MLE,Male,,,,,,,,29.9,29.93431,,,,,
1467,LIFE_0000000035,ex - expectation of life at age x,https://www.who.int/data/gho/indicator-metadata-registry/imr-details/35,,,,PUBLISHED,Published,,2006.0,2006,,AFR,2006,2006,Africa,,NGA,Nigeria,,AGE45-49,45-49 years,,MLE,Male,,,,,,,,23.1,23.09395,,,,,
1468,LIFE_0000000029,nMx - age-specific death rate between ages x and x+n,https://www.who.int/data/gho/indicator-metadata-registry/imr-details/29,,,,PUBLISHED,Published,,2006.0,2006,,AFR,2006,2006,Africa,,NGA,Nigeria,,AGE50-54,50-54 years,,MLE,Male,,,,,,,,0.018,0.01840,,,,,
1469,LIFE_0000000030,nqx - probability of dying between ages x and x+n,https://www.who.int/data/gho/indicator-metadata-registry/imr-details/30,,,,PUBLISHED,Published,,2006.0,2006,,AFR,2006,2006,Africa,,NGA,Nigeria,,AGE50-54,50-54 years,,MLE,Male,,,,,,,,0.088,0.08808,,,,,
1470,LIFE_0000000031,lx - number of people left alive at age x,https://www.who.int/data/gho/indicator-metadata-registry/imr-details/31,,,,PUBLISHED,Published,,2006.0,2006,,AFR,2006,2006,Africa,,NGA,Nigeria,,AGE50-54,50-54 years,,MLE,Male,,,,,,,,59621.82,59621.82000,,,,,
1471,LIFE_0000000031,lx - number of people left alive at age x,https://www.who.int/data/gho/indicator-metadata-registry/imr-details/31,,,,PUBLISHED,Published,,2006.0,2006,,AFR,2006,2006,Africa,,NGA,Nigeria,,AGE60-64,60-64 years,,MLE,Male,,,,,,,,48340.74,48340.74000,,,,,
1472,LIFE_0000000032,ndx - number of people dying between ages x and x+n,https://www.who.int/data/gho/indicator-metadata-registry/imr-details/32,,,,PUBLISHED,Published,,2006.0,2006,,AFR,2006,2006,Africa,,NGA,Nigeria,,AGE60-64,60-64 years,,MLE,Male,,,,,,,,8255.521,8255.52100,,,,,
1473,LIFE_0000000033,nLx - person-years lived between ages x and x+n,https://www.who.int/data/gho/indicator-metadata-registry/imr-details/33,,,,PUBLISHED,Published,,2006.0,2006,,AFR,2006,2006,Africa,,NGA,Nigeria,,AGE60-64,60-64 years,,MLE,Male,,,,,,,,221810.7,221810.70000,,,,,
1474,LIFE_0000000034,Tx - person-years lived above age x,https://www.who.int/data/gho/indicator-metadata-registry/imr-details/34,,,,PUBLISHED,Published,,2006.0,2006,,AFR,2006,2006,Africa,,NGA,Nigeria,,AGE60-64,60-64 years,,MLE,Male,,,,,,,,629516,629516.00000,,,,,
1475,LIFE_0000000033,nLx - person-years lived between ages x and x+n,https://www.who.int/data/gho/indicator-metadata-registry/imr-details/33,,,,PUBLISHED,Published,,2006.0,2006,,AFR,2006,2006,Africa,,NGA,Nigeria,,AGE70-74,70-74 years,,MLE,Male,,,,,,,,123972.3,123972.30000,,,,,
1476,LIFE_0000000034,Tx - person-years lived above age x,https://www.who.int/data/gho/indicator-metadata-registry/imr-details/34,,,,PUBLISHED,Published,,2006.0,2006,,AFR,2006,2006,Africa,,NGA,Nigeria,,AGE70-74,70-74 years,,MLE,Male,,,,,,,,231189.9,231189.90000,,,,,
1477,LIFE_0000000035,ex - expectation of life at age x,https://www.who.int/data/gho/indicator-metadata-registry/imr-details/35,,,,PUBLISHED,Published,,2006.0,2006,,AFR,2006,2006,Africa,,NGA,Nigeria,,AGE70-74,70-74 years,,MLE,Male,,,,,,,,7.6,7.63886,,,,,
1478,LIFE_0000000029,nMx - age-specific death rate between ages x and x+n,https://www.who.int/data/gho/indicator-metadata-registry/imr-details/29,,,,PUBLISHED,Published,,2006.0,2006,,AFR,2006,2006,Africa,,NGA,Nigeria,,AGE75-79,75-79 years,,MLE,Male,,,,,,,,0.142,0.14197,,,,,
1479,LIFE_0000000029,nMx - age-specific death rate between ages x and x+n,https://www.who.int/data/gho/indicator-metadata-registry/imr-details/29,,,,PUBLISHED,Published,,2006.0,2006,,AFR,2006,2006,Africa,,NGA,Nigeria,,AGE85PLUS,85+ years,,MLE,Male,,,,,,,,0.354,0.35381,,,,,
1480,LIFE_0000000030,nqx - probability of dying between ages x and x+n,https://www.who.int/data/gho/indicator-metadata-registry/imr-details/30,,,,PUBLISHED,Published,,2006.0,2006,,AFR,2006,2006,Africa,,NGA,Nigeria,,AGE85PLUS,85+ years,,MLE,Male,,,,,,,,1,1.00000,,,,,
1481,LIFE_0000000031,lx - number of people left alive at age x,https://www.who.int/data/gho/indicator-metadata-registry/imr-details/31,,,,PUBLISHED,Published,,2006.0,2006,,AFR,2006,2006,Africa,,NGA,Nigeria,,AGE85PLUS,85+ years,,MLE,Male,,,,,,,,2901.715,2901.71500,,,,,
1482,LIFE_0000000032,ndx - number of people dying between ages x and x+n,https://www.who.int/data/gho/indicator-metadata-registry/imr-details/32,,,,PUBLISHED,Published,,2006.0,2006,,AFR,2006,2006,Africa,,NGA,Nigeria,,AGE85PLUS,85+ years,,MLE,Male,,,,,,,,2901.715,2901.71500,,,,,
1483,LIFE_0000000032,ndx - number of people dying between ages x and x+n,https://www.who.int/data/gho/indicator-metadata-registry/imr-details/32,,,,PUBLISHED,Published,,2006.0,2006,,AFR,2006,2006,Africa,,NGA,Nigeria,,AGE1-4,1-4 years,,FMLE,Female,,,,,,,,5996.518,5996.51800,,,,,
1484,LIFE_0000000033,nLx - person-years lived between ages x and x+n,https://www.who.int/data/gho/indicator-metadata-registry/imr-details/33,,,,PUBLISHED,Published,,2006.0,2006,,AFR,2006,2006,Africa,,NGA,Nigeria,,AGE1-4,1-4 years,,FMLE,Female,,,,,,,,349081.4,349081.40000,,,,,
1485,LIFE_0000000034,Tx - person-years lived above age x,https://www.who.int/data/gho/indicator-metadata-registry/imr-details/34,,,,PUBLISHED,Published,,2006.0,2006,,AFR,2006,2006,Africa,,NGA,Nigeria,,AGE1-4,1-4 years,,FMLE,Female,,,,,,,,4955563,4955563.00000,,,,,
1486,LIFE_0000000035,ex - expectation of life at age x,https://www.who.int/data/gho/indicator-metadata-registry/imr-details/35,,,,PUBLISHED,Published,,2006.0,2006,,AFR,2006,2006,Africa,,NGA,Nigeria,,AGE1-4,1-4 years,,FMLE,Female,,,,,,,,54.3,54.33772,,,,,
1487,LIFE_0000000034,Tx - person-years lived above age x,https://www.who.int/data/gho/indicator-metadata-registry/imr-details/34,,,,PUBLISHED,Published,,2006.0,2006,,AFR,2006,2006,Africa,,NGA,Nigeria,,AGE10-14,10-14 years,,FMLE,Female,,,,,,,,4185622,4185622.00000,,,,,
1488,LIFE_0000000035,ex - expectation of life at age x,https://www.who.int/data/gho/indicator-metadata-registry/imr-details/35,,,,PUBLISHED,Published,,2006.0,2006,,AFR,2006,2006,Africa,,NGA,Nigeria,,AGE10-14,10-14 years,,FMLE,Female,,,,,,,,50.3,50.34368,,,,,
1489,LIFE_0000000029,nMx - age-specific death rate between ages x and x+n,https://www.who.int/data/gho/indicator-metadata-registry/imr-details/29,,,,PUBLISHED,Published,,2006.0,2006,,AFR,2006,2006,Africa,,NGA,Nigeria,,AGE15-19,15-19  years,,FMLE,Female,,,,,,,,0.004,0.00449,,,,,
1490,LIFE_0000000030,nqx - probability of dying between ages x and x+n,https://www.who.int/data/gho/indicator-metadata-registry/imr-details/30,,,,PUBLISHED,Published,,2006.0,2006,,AFR,2006,2006,Africa,,NGA,Nigeria,,AGE15-19,15-19  years,,FMLE,Female,,,,,,,,0.022,0.02222,,,,,
1491,LIFE_0000000031,lx - number of people left alive at age x,https://www.who.int/data/gho/indicator-metadata-registry/imr-details/31,,,,PUBLISHED,Published,,2006.0,2006,,AFR,2006,2006,Africa,,NGA,Nigeria,,AGE15-19,15-19  years,,FMLE,Female,,,,,,,,82264.73,82264.73000,,,,,
1492,LIFE_0000000030,nqx - probability of dying between ages x and x+n,https://www.who.int/data/gho/indicator-metadata-registry/imr-details/30,,,,PUBLISHED,Published,,2006.0,2006,,AFR,2006,2006,Africa,,NGA,Nigeria,,AGE25-29,25-29 years,,FMLE,Female,,,,,,,,0.043,0.04284,,,,,
1493,LIFE_0000000031,lx - number of people left alive at age x,https://www.who.int/data/gho/indicator-metadata-registry/imr-details/31,,,,PUBLISHED,Published,,2006.0,2006,,AFR,2006,2006,Africa,,NGA,Nigeria,,AGE25-29,25-29 years,,FMLE,Female,,,,,,,,78014.7,78014.70000,,,,,
1494,LIFE_0000000032,ndx - number of people dying between ages x and x+n,https://www.who.int/data/gho/indicator-metadata-registry/imr-details/32,,,,PUBLISHED,Published,,2006.0,2006,,AFR,2006,2006,Africa,,NGA,Nigeria,,AGE25-29,25-29 years,,FMLE,Female,,,,,,,,3342.211,3342.21100,,,,,
1495,LIFE_0000000033,nLx - person-years lived between ages x and x+n,https://www.who.int/data/gho/indicator-metadata-registry/imr-details/33,,,,PUBLISHED,Published,,2006.0,2006,,AFR,2006,2006,Africa,,NGA,Nigeria,,AGE25-29,25-29 years,,FMLE,Female,,,,,,,,381747.8,381747.80000,,,,,
1496,LIFE_0000000033,nLx - person-years lived between ages x and x+n,https://www.who.int/data/gho/indicator-metadata-registry/imr-details/33,,,,PUBLISHED,Published,,2006.0,2006,,AFR,2006,2006,Africa,,NGA,Nigeria,,AGE35-39,35-39 years,,FMLE,Female,,,,,,,,344884.3,344884.30000,,,,,
1497,LIFE_0000000034,Tx - person-years lived above age x,https://www.who.int/data/gho/indicator-metadata-registry/imr-details/34,,,,PUBLISHED,Published,,2006.0,2006,,AFR,2006,2006,Africa,,NGA,Nigeria,,AGE35-39,35-39 years,,FMLE,Female,,,,,,,,2223122,2223122.00000,,,,,
1498,LIFE_0000000035,ex - expectation of life at age x,https://www.who.int/data/gho/indicator-metadata-registry/imr-details/35,,,,PUBLISHED,Published,,2006.0,2006,,AFR,2006,2006,Africa,,NGA,Nigeria,,AGE35-39,35-39 years,,FMLE,Female,,,,,,,,31.3,31.34480,,,,,
1499,LIFE_0000000029,nMx - age-specific death rate between ages x and x+n,https://www.who.int/data/gho/indicator-metadata-registry/imr-details/29,,,,PUBLISHED,Published,,2006.0,2006,,AFR,2006,2006,Africa,,NGA,Nigeria,,AGE40-44,40-44 years,,FMLE,Female,,,,,,,,0.011,0.01102,,,,,
1500,LIFE_0000000029,nMx - age-specific death rate between ages x and x+n,https://www.who.int/data/gho/indicator-metadata-registry/imr-details/29,,,,PUBLISHED,Published,,2006.0,2006,,AFR,2006,2006,Africa,,NGA,Nigeria,,AGE50-54,50-54 years,,FMLE,Female,,,,,,,,0.014,0.01392,,,,,
1501,LIFE_0000000030,nqx - probability of dying between ages x and x+n,https://www.who.int/data/gho/indicator-metadata-registry/imr-details/30,,,,PUBLISHED,Published,,2006.0,2006,,AFR,2006,2006,Africa,,NGA,Nigeria,,AGE50-54,50-54 years,,FMLE,Female,,,,,,,,0.067,0.06736,,,,,
1502,LIFE_0000000031,lx - number of people left alive at age x,https://www.who.int/data/gho/indicator-metadata-registry/imr-details/31,,,,PUBLISHED,Published,,2006.0,2006,,AFR,2006,2006,Africa,,NGA,Nigeria,,AGE50-54,50-54 years,,FMLE,Female,,,,,,,,59942.04,59942.04000,,,,,
1503,LIFE_0000000032,ndx - number of people dying between ages x and x+n,https://www.who.int/data/gho/indicator-metadata-registry/imr-details/32,,,,PUBLISHED,Published,,2006.0,2006,,AFR,2006,2006,Africa,,NGA,Nigeria,,AGE50-54,50-54 years,,FMLE,Female,,,,,,,,4037.421,4037.42100,,,,,
1504,LIFE_0000000031,lx - number of people left alive at age x,https://www.who.int/data/gho/indicator-metadata-registry/imr-details/31,,,,PUBLISHED,Published,,2006.0,2006,,AFR,2006,2006,Africa,,NGA,Nigeria,,AGE60-64,60-64 years,,FMLE,Female,,,,,,,,51069.34,51069.34000,,,,,
1505,LIFE_0000000032,ndx - number of people dying between ages x and x+n,https://www.who.int/data/gho/indicator-metadata-registry/imr-details/32,,,,PUBLISHED,Published,,2006.0,2006,,AFR,2006,2006,Africa,,NGA,Nigeria,,AGE60-64,60-64 years,,FMLE,Female,,,,,,,,7836.604,7836.60400,,,,,
1506,LIFE_0000000033,nLx - person-years lived between ages x and x+n,https://www.who.int/data/gho/indicator-metadata-registry/imr-details/33,,,,PUBLISHED,Published,,2006.0,2006,,AFR,2006,2006,Africa,,NGA,Nigeria,,AGE60-64,60-64 years,,FMLE,Female,,,,,,,,236769.7,236769.70000,,,,,
1507,LIFE_0000000034,Tx - person-years lived above age x,https://www.who.int/data/gho/indicator-metadata-registry/imr-details/34,,,,PUBLISHED,Published,,2006.0,2006,,AFR,2006,2006,Africa,,NGA,Nigeria,,AGE60-64,60-64 years,,FMLE,Female,,,,,,,,685421.2,685421.20000,,,,,
1508,LIFE_0000000034,Tx - person-years lived above age x,https://www.who.int/data/gho/indicator-metadata-registry/imr-details/34,,,,PUBLISHED,Published,,2006.0,2006,,AFR,2006,2006,Africa,,NGA,Nigeria,,AGE70-74,70-74 years,,FMLE,Female,,,,,,,,256680.3,256680.30000,,,,,
1509,LIFE_0000000035,ex - expectation of life at age x,https://www.who.int/data/gho/indicator-metadata-registry/imr-details/35,,,,PUBLISHED,Published,,2006.0,2006,,AFR,2006,2006,Africa,,NGA,Nigeria,,AGE70-74,70-74 years,,FMLE,Female,,,,,,,,7.7,7.73383,,,,,
1510,LIFE_0000000029,nMx - age-specific death rate between ages x and x+n,https://www.who.int/data/gho/indicator-metadata-registry/imr-details/29,,,,PUBLISHED,Published,,2006.0,2006,,AFR,2006,2006,Africa,,NGA,Nigeria,,AGE75-79,75-79 years,,FMLE,Female,,,,,,,,0.14,0.13975,,,,,
1511,LIFE_0000000030,nqx - probability of dying between ages x and x+n,https://www.who.int/data/gho/indicator-metadata-registry/imr-details/30,,,,PUBLISHED,Published,,2006.0,2006,,AFR,2006,2006,Africa,,NGA,Nigeria,,AGE75-79,75-79 years,,FMLE,Female,,,,,,,,0.513,0.51282,,,,,
1512,LIFE_0000000030,nqx - probability of dying between ages x and x+n,https://www.who.int/data/gho/indicator-metadata-registry/imr-details/30,,,,PUBLISHED,Published,,2006.0,2006,,AFR,2006,2006,Africa,,NGA,Nigeria,,AGE85PLUS,85+ years,,FMLE,Female,,,,,,,,1,1.00000,,,,,
1513,LIFE_0000000031,lx - number of people left alive at age x,https://www.who.int/data/gho/indicator-metadata-registry/imr-details/31,,,,PUBLISHED,Published,,2006.0,2006,,AFR,2006,2006,Africa,,NGA,Nigeria,,AGE85PLUS,85+ years,,FMLE,Female,,,,,,,,3263.448,3263.44800,,,,,
1514,LIFE_0000000032,ndx - number of people dying between ages x and x+n,https://www.who.int/data/gho/indicator-metadata-registry/imr-details/32,,,,PUBLISHED,Published,,2006.0,2006,,AFR,2006,2006,Africa,,NGA,Nigeria,,AGE85PLUS,85+ years,,FMLE,Female,,,,,,,,3263.448,3263.44800,,,,,
1515,LIFE_0000000033,nLx - person-years lived between ages x and x+n,https://www.who.int/data/gho/indicator-metadata-registry/imr-details/33,,,,PUBLISHED,Published,,2006.0,2006,,AFR,2006,2006,Africa,,NGA,Nigeria,,AGE85PLUS,85+ years,,FMLE,Female,,,,,,,,9448.595,9448.59500,,,,,
1516,LIFE_0000000032,ndx - number of people dying between ages x and x+n,https://www.who.int/data/gho/indicator-metadata-registry/imr-details/32,,,,PUBLISHED,Published,,2007.0,2007,,AFR,2007,2007,Africa,,NGA,Nigeria,,AGE1-4,1-4 years,,MLE,Male,,,,,,,,5391.05,5391.05000,,,,,
1517,LIFE_0000000033,nLx - person-years lived between ages x and x+n,https://www.who.int/data/gho/indicator-metadata-registry/imr-details/33,,,,PUBLISHED,Published,,2007.0,2007,,AFR,2007,2007,Africa,,NGA,Nigeria,,AGE1-4,1-4 years,,MLE,Male,,,,,,,,346958.5,346958.50000,,,,,
1518,LIFE_0000000034,Tx - person-years lived above age x,https://www.who.int/data/gho/indicator-metadata-registry/imr-details/34,,,,PUBLISHED,Published,,2007.0,2007,,AFR,2007,2007,Africa,,NGA,Nigeria,,AGE1-4,1-4 years,,MLE,Male,,,,,,,,4967812,4967812.00000,,,,,
1519,LIFE_0000000035,ex - expectation of life at age x,https://www.who.int/data/gho/indicator-metadata-registry/imr-details/35,,,,PUBLISHED,Published,,2007.0,2007,,AFR,2007,2007,Africa,,NGA,Nigeria,,AGE1-4,1-4 years,,MLE,Male,,,,,,,,55,55.01991,,,,,
1520,LIFE_0000000029,nMx - age-specific death rate between ages x and x+n,https://www.who.int/data/gho/indicator-metadata-registry/imr-details/29,,,,PUBLISHED,Published,,2007.0,2007,,AFR,2007,2007,Africa,,NGA,Nigeria,,AGE5-9,5-9 years,,MLE,Male,,,,,,,,0.004,0.00366,,,,,
1521,LIFE_0000000035,ex - expectation of life at age x,https://www.who.int/data/gho/indicator-metadata-registry/imr-details/35,,,,PUBLISHED,Published,,2007.0,2007,,AFR,2007,2007,Africa,,NGA,Nigeria,,AGE10-14,10-14 years,,MLE,Male,,,,,,,,50.4,50.38638,,,,,
1522,LIFE_0000000029,nMx - age-specific death rate between ages x and x+n,https://www.who.int/data/gho/indicator-metadata-registry/imr-details/29,,,,PUBLISHED,Published,,2007.0,2007,,AFR,2007,2007,Africa,,NGA,Nigeria,,AGE15-19,15-19  years,,MLE,Male,,,,,,,,0.003,0.00337,,,,,
1523,LIFE_0000000030,nqx - probability of dying between ages x and x+n,https://www.who.int/data/gho/indicator-metadata-registry/imr-details/30,,,,PUBLISHED,Published,,2007.0,2007,,AFR,2007,2007,Africa,,NGA,Nigeria,,AGE15-19,15-19  years,,MLE,Male,,,,,,,,0.017,0.01671,,,,,
1524,LIFE_0000000031,lx - number of people left alive at age x,https://www.who.int/data/gho/indicator-metadata-registry/imr-details/31,,,,PUBLISHED,Published,,2007.0,2007,,AFR,2007,2007,Africa,,NGA,Nigeria,,AGE15-19,15-19  years,,MLE,Male,,,,,,,,82699.83,82699.83000,,,,,
1525,LIFE_0000000031,lx - number of people left alive at age x,https://www.who.int/data/gho/indicator-metadata-registry/imr-details/31,,,,PUBLISHED,Published,,2007.0,2007,,AFR,2007,2007,Africa,,NGA,Nigeria,,AGE25-29,25-29 years,,MLE,Male,,,,,,,,79179.32,79179.32000,,,,,
1526,LIFE_0000000032,ndx - number of people dying between ages x and x+n,https://www.who.int/data/gho/indicator-metadata-registry/imr-details/32,,,,PUBLISHED,Published,,2007.0,2007,,AFR,2007,2007,Africa,,NGA,Nigeria,,AGE25-29,25-29 years,,MLE,Male,,,,,,,,2651.235,2651.23500,,,,,
1527,LIFE_0000000033,nLx - person-years lived between ages x and x+n,https://www.who.int/data/gho/indicator-metadata-registry/imr-details/33,,,,PUBLISHED,Published,,2007.0,2007,,AFR,2007,2007,Africa,,NGA,Nigeria,,AGE25-29,25-29 years,,MLE,Male,,,,,,,,389300.7,389300.70000,,,,,
1528,LIFE_0000000034,Tx - person-years lived above age x,https://www.who.int/data/gho/indicator-metadata-registry/imr-details/34,,,,PUBLISHED,Published,,2007.0,2007,,AFR,2007,2007,Africa,,NGA,Nigeria,,AGE25-29,25-29 years,,MLE,Male,,,,,,,,2973605,2973605.00000,,,,,
1529,LIFE_0000000034,Tx - person-years lived above age x,https://www.who.int/data/gho/indicator-metadata-registry/imr-details/34,,,,PUBLISHED,Published,,2007.0,2007,,AFR,2007,2007,Africa,,NGA,Nigeria,,AGE35-39,35-39 years,,MLE,Male,,,,,,,,2209691,2209691.00000,,,,,
1530,LIFE_0000000035,ex - expectation of life at age x,https://www.who.int/data/gho/indicator-metadata-registry/imr-details/35,,,,PUBLISHED,Published,,2007.0,2007,,AFR,2007,2007,Africa,,NGA,Nigeria,,AGE35-39,35-39 years,,MLE,Male,,,,,,,,30.1,30.14892,,,,,
1531,LIFE_0000000029,nMx - age-specific death rate between ages x and x+n,https://www.who.int/data/gho/indicator-metadata-registry/imr-details/29,,,,PUBLISHED,Published,,2007.0,2007,,AFR,2007,2007,Africa,,NGA,Nigeria,,AGE40-44,40-44 years,,MLE,Male,,,,,,,,0.013,0.01260,,,,,
1532,LIFE_0000000030,nqx - probability of dying between ages x and x+n,https://www.who.int/data/gho/indicator-metadata-registry/imr-details/30,,,,PUBLISHED,Published,,2007.0,2007,,AFR,2007,2007,Africa,,NGA,Nigeria,,AGE40-44,40-44 years,,MLE,Male,,,,,,,,0.061,0.06113,,,,,
1533,LIFE_0000000029,nMx - age-specific death rate between ages x and x+n,https://www.who.int/data/gho/indicator-metadata-registry/imr-details/29,,,,PUBLISHED,Published,,2007.0,2007,,AFR,2007,2007,Africa,,NGA,Nigeria,,AGE50-54,50-54 years,,MLE,Male,,,,,,,,0.018,0.01804,,,,,
1534,LIFE_0000000030,nqx - probability of dying between ages x and x+n,https://www.who.int/data/gho/indicator-metadata-registry/imr-details/30,,,,PUBLISHED,Published,,2007.0,2007,,AFR,2007,2007,Africa,,NGA,Nigeria,,AGE50-54,50-54 years,,MLE,Male,,,,,,,,0.086,0.08644,,,,,
1535,LIFE_0000000031,lx - number of people left alive at age x,https://www.who.int/data/gho/indicator-metadata-registry/imr-details/31,,,,PUBLISHED,Published,,2007.0,2007,,AFR,2007,2007,Africa,,NGA,Nigeria,,AGE50-54,50-54 years,,MLE,Male,,,,,,,,60624.59,60624.59000,,,,,
1536,LIFE_0000000032,ndx - number of people dying between ages x and x+n,https://www.who.int/data/gho/indicator-metadata-registry/imr-details/32,,,,PUBLISHED,Published,,2007.0,2007,,AFR,2007,2007,Africa,,NGA,Nigeria,,AGE50-54,50-54 years,,MLE,Male,,,,,,,,5240.283,5240.28300,,,,,
1537,LIFE_0000000032,ndx - number of people dying between ages x and x+n,https://www.who.int/data/gho/indicator-metadata-registry/imr-details/32,,,,PUBLISHED,Published,,2007.0,2007,,AFR,2007,2007,Africa,,NGA,Nigeria,,AGE60-64,60-64 years,,MLE,Male,,,,,,,,8277.785,8277.78500,,,,,
1538,LIFE_0000000033,nLx - person-years lived between ages x and x+n,https://www.who.int/data/gho/indicator-metadata-registry/imr-details/33,,,,PUBLISHED,Published,,2007.0,2007,,AFR,2007,2007,Africa,,NGA,Nigeria,,AGE60-64,60-64 years,,MLE,Male,,,,,,,,226800.9,226800.90000,,,,,
1539,LIFE_0000000034,Tx - person-years lived above age x,https://www.who.int/data/gho/indicator-metadata-registry/imr-details/34,,,,PUBLISHED,Published,,2007.0,2007,,AFR,2007,2007,Africa,,NGA,Nigeria,,AGE60-64,60-64 years,,MLE,Male,,,,,,,,648317.4,648317.40000,,,,,
1540,LIFE_0000000035,ex - expectation of life at age x,https://www.who.int/data/gho/indicator-metadata-registry/imr-details/35,,,,PUBLISHED,Published,,2007.0,2007,,AFR,2007,2007,Africa,,NGA,Nigeria,,AGE60-64,60-64 years,,MLE,Male,,,,,,,,13.1,13.13795,,,,,
1541,LIFE_0000000035,ex - expectation of life at age x,https://www.who.int/data/gho/indicator-metadata-registry/imr-details/35,,,,PUBLISHED,Published,,2007.0,2007,,AFR,2007,2007,Africa,,NGA,Nigeria,,AGE70-74,70-74 years,,MLE,Male,,,,,,,,7.7,7.70997,,,,,
1542,LIFE_0000000029,nMx - age-specific death rate between ages x and x+n,https://www.who.int/data/gho/indicator-metadata-registry/imr-details/29,,,,PUBLISHED,Published,,2007.0,2007,,AFR,2007,2007,Africa,,NGA,Nigeria,,AGE75-79,75-79 years,,MLE,Male,,,,,,,,0.14,0.14005,,,,,
1543,LIFE_0000000030,nqx - probability of dying between ages x and x+n,https://www.who.int/data/gho/indicator-metadata-registry/imr-details/30,,,,PUBLISHED,Published,,2007.0,2007,,AFR,2007,2007,Africa,,NGA,Nigeria,,AGE75-79,75-79 years,,MLE,Male,,,,,,,,0.513,0.51333,,,,,
1544,LIFE_0000000031,lx - number of people left alive at age x,https://www.who.int/data/gho/indicator-metadata-registry/imr-details/31,,,,PUBLISHED,Published,,2007.0,2007,,AFR,2007,2007,Africa,,NGA,Nigeria,,AGE75-79,75-79 years,,MLE,Male,,,,,,,,19992.55,19992.55000,,,,,
1545,LIFE_0000000030,nqx - probability of dying between ages x and x+n,https://www.who.int/data/gho/indicator-metadata-registry/imr-details/30,,,,PUBLISHED,Published,,2007.0,2007,,AFR,2007,2007,Africa,,NGA,Nigeria,,AGE85PLUS,85+ years,,MLE,Male,,,,,,,,1,1.00000,,,,,
1546,LIFE_0000000031,lx - number of people left alive at age x,https://www.who.int/data/gho/indicator-metadata-registry/imr-details/31,,,,PUBLISHED,Published,,2007.0,2007,,AFR,2007,2007,Africa,,NGA,Nigeria,,AGE85PLUS,85+ years,,MLE,Male,,,,,,,,3082.854,3082.85400,,,,,
1547,LIFE_0000000032,ndx - number of people dying between ages x and x+n,https://www.who.int/data/gho/indicator-metadata-registry/imr-details/32,,,,PUBLISHED,Published,,2007.0,2007,,AFR,2007,2007,Africa,,NGA,Nigeria,,AGE85PLUS,85+ years,,MLE,Male,,,,,,,,3082.854,3082.85400,,,,,
1548,LIFE_0000000033,nLx - person-years lived between ages x and x+n,https://www.who.int/data/gho/indicator-metadata-registry/imr-details/33,,,,PUBLISHED,Published,,2007.0,2007,,AFR,2007,2007,Africa,,NGA,Nigeria,,AGE85PLUS,85+ years,,MLE,Male,,,,,,,,8776.605,8776.60500,,,,,
1549,LIFE_0000000034,Tx - person-years lived above age x,https://www.who.int/data/gho/indicator-metadata-registry/imr-details/34,,,,PUBLISHED,Published,,2007.0,2007,,AFR,2007,2007,Africa,,NGA,Nigeria,,AGE85PLUS,85+ years,,MLE,Male,,,,,,,,8776.605,8776.60500,,,,,
1550,LIFE_0000000033,nLx - person-years lived between ages x and x+n,https://www.who.int/data/gho/indicator-metadata-registry/imr-details/33,,,,PUBLISHED,Published,,2007.0,2007,,AFR,2007,2007,Africa,,NGA,Nigeria,,AGE1-4,1-4 years,,FMLE,Female,,,,,,,,350980.3,350980.30000,,,,,
1551,LIFE_0000000034,Tx - person-years lived above age x,https://www.who.int/data/gho/indicator-metadata-registry/imr-details/34,,,,PUBLISHED,Published,,2007.0,2007,,AFR,2007,2007,Africa,,NGA,Nigeria,,AGE1-4,1-4 years,,FMLE,Female,,,,,,,,5020503,5020503.00000,,,,,
1552,LIFE_0000000035,ex - expectation of life at age x,https://www.who.int/data/gho/indicator-metadata-registry/imr-details/35,,,,PUBLISHED,Published,,2007.0,2007,,AFR,2007,2007,Africa,,NGA,Nigeria,,AGE1-4,1-4 years,,FMLE,Female,,,,,,,,54.9,54.88132,,,,,
1553,LIFE_0000000029,nMx - age-specific death rate between ages x and x+n,https://www.who.int/data/gho/indicator-metadata-registry/imr-details/29,,,,PUBLISHED,Published,,2007.0,2007,,AFR,2007,2007,Africa,,NGA,Nigeria,,AGE5-9,5-9 years,,FMLE,Female,,,,,,,,0.005,0.00475,,,,,
1554,LIFE_0000000029,nMx - age-specific death rate between ages x and x+n,https://www.who.int/data/gho/indicator-metadata-registry/imr-details/29,,,,PUBLISHED,Published,,2007.0,2007,,AFR,2007,2007,Africa,,NGA,Nigeria,,AGE15-19,15-19  years,,FMLE,Female,,,,,,,,0.004,0.00434,,,,,
1555,LIFE_0000000030,nqx - probability of dying between ages x and x+n,https://www.who.int/data/gho/indicator-metadata-registry/imr-details/30,,,,PUBLISHED,Published,,2007.0,2007,,AFR,2007,2007,Africa,,NGA,Nigeria,,AGE15-19,15-19  years,,FMLE,Female,,,,,,,,0.021,0.02149,,,,,
1556,LIFE_0000000031,lx - number of people left alive at age x,https://www.who.int/data/gho/indicator-metadata-registry/imr-details/31,,,,PUBLISHED,Published,,2007.0,2007,,AFR,2007,2007,Africa,,NGA,Nigeria,,AGE15-19,15-19  years,,FMLE,Female,,,,,,,,82887.38,82887.38000,,,,,
1557,LIFE_0000000032,ndx - number of people dying between ages x and x+n,https://www.who.int/data/gho/indicator-metadata-registry/imr-details/32,,,,PUBLISHED,Published,,2007.0,2007,,AFR,2007,2007,Africa,,NGA,Nigeria,,AGE15-19,15-19  years,,FMLE,Female,,,,,,,,1780.991,1780.99100,,,,,
1558,LIFE_0000000032,ndx - number of people dying between ages x and x+n,https://www.who.int/data/gho/indicator-metadata-registry/imr-details/32,,,,PUBLISHED,Published,,2007.0,2007,,AFR,2007,2007,Africa,,NGA,Nigeria,,AGE25-29,25-29 years,,FMLE,Female,,,,,,,,3230.633,3230.63300,,,,,
1559,LIFE_0000000033,nLx - person-years lived between ages x and x+n,https://www.who.int/data/gho/indicator-metadata-registry/imr-details/33,,,,PUBLISHED,Published,,2007.0,2007,,AFR,2007,2007,Africa,,NGA,Nigeria,,AGE25-29,25-29 years,,FMLE,Female,,,,,,,,385742.4,385742.40000,,,,,
1560,LIFE_0000000034,Tx - person-years lived above age x,https://www.who.int/data/gho/indicator-metadata-registry/imr-details/34,,,,PUBLISHED,Published,,2007.0,2007,,AFR,2007,2007,Africa,,NGA,Nigeria,,AGE25-29,25-29 years,,FMLE,Female,,,,,,,,3019128,3019128.00000,,,,,
1561,LIFE_0000000035,ex - expectation of life at age x,https://www.who.int/data/gho/indicator-metadata-registry/imr-details/35,,,,PUBLISHED,Published,,2007.0,2007,,AFR,2007,2007,Africa,,NGA,Nigeria,,AGE25-29,25-29 years,,FMLE,Female,,,,,,,,38.3,38.33436,,,,,
1562,LIFE_0000000034,Tx - person-years lived above age x,https://www.who.int/data/gho/indicator-metadata-registry/imr-details/34,,,,PUBLISHED,Published,,2007.0,2007,,AFR,2007,2007,Africa,,NGA,Nigeria,,AGE35-39,35-39 years,,FMLE,Female,,,,,,,,2264907,2264907.00000,,,,,
1563,LIFE_0000000035,ex - expectation of life at age x,https://www.who.int/data/gho/indicator-metadata-registry/imr-details/35,,,,PUBLISHED,Published,,2007.0,2007,,AFR,2007,2007,Africa,,NGA,Nigeria,,AGE35-39,35-39 years,,FMLE,Female,,,,,,,,31.5,31.52052,,,,,
1564,LIFE_0000000029,nMx - age-specific death rate between ages x and x+n,https://www.who.int/data/gho/indicator-metadata-registry/imr-details/29,,,,PUBLISHED,Published,,2007.0,2007,,AFR,2007,2007,Africa,,NGA,Nigeria,,AGE40-44,40-44 years,,FMLE,Female,,,,,,,,0.011,0.01088,,,,,
1565,LIFE_0000000030,nqx - probability of dying between ages x and x+n,https://www.who.int/data/gho/indicator-metadata-registry/imr-details/30,,,,PUBLISHED,Published,,2007.0,2007,,AFR,2007,2007,Africa,,NGA,Nigeria,,AGE40-44,40-44 years,,FMLE,Female,,,,,,,,0.053,0.05295,,,,,
1566,LIFE_0000000030,nqx - probability of dying between ages x and x+n,https://www.who.int/data/gho/indicator-metadata-registry/imr-details/30,,,,PUBLISHED,Published,,2007.0,2007,,AFR,2007,2007,Africa,,NGA,Nigeria,,AGE50-54,50-54 years,,FMLE,Female,,,,,,,,0.066,0.06615,,,,,
1567,LIFE_0000000031,lx - number of people left alive at age x,https://www.who.int/data/gho/indicator-metadata-registry/imr-details/31,,,,PUBLISHED,Published,,2007.0,2007,,AFR,2007,2007,Africa,,NGA,Nigeria,,AGE50-54,50-54 years,,FMLE,Female,,,,,,,,60863.45,60863.45000,,,,,
1568,LIFE_0000000032,ndx - number of people dying between ages x and x+n,https://www.who.int/data/gho/indicator-metadata-registry/imr-details/32,,,,PUBLISHED,Published,,2007.0,2007,,AFR,2007,2007,Africa,,NGA,Nigeria,,AGE50-54,50-54 years,,FMLE,Female,,,,,,,,4026.406,4026.40600,,,,,
1569,LIFE_0000000033,nLx - person-years lived between ages x and x+n,https://www.who.int/data/gho/indicator-metadata-registry/imr-details/33,,,,PUBLISHED,Published,,2007.0,2007,,AFR,2007,2007,Africa,,NGA,Nigeria,,AGE50-54,50-54 years,,FMLE,Female,,,,,,,,294649.3,294649.30000,,,,,
1570,LIFE_0000000033,nLx - person-years lived between ages x and x+n,https://www.who.int/data/gho/indicator-metadata-registry/imr-details/33,,,,PUBLISHED,Published,,2007.0,2007,,AFR,2007,2007,Africa,,NGA,Nigeria,,AGE60-64,60-64 years,,FMLE,Female,,,,,,,,241492.9,241492.90000,,,,,
1571,LIFE_0000000034,Tx - person-years lived above age x,https://www.who.int/data/gho/indicator-metadata-registry/imr-details/34,,,,PUBLISHED,Published,,2007.0,2007,,AFR,2007,2007,Africa,,NGA,Nigeria,,AGE60-64,60-64 years,,FMLE,Female,,,,,,,,704074.8,704074.80000,,,,,
1572,LIFE_0000000035,ex - expectation of life at age x,https://www.who.int/data/gho/indicator-metadata-registry/imr-details/35,,,,PUBLISHED,Published,,2007.0,2007,,AFR,2007,2007,Africa,,NGA,Nigeria,,AGE60-64,60-64 years,,FMLE,Female,,,,,,,,13.5,13.53647,,,,,
1573,LIFE_0000000029,nMx - age-specific death rate between ages x and x+n,https://www.who.int/data/gho/indicator-metadata-registry/imr-details/29,,,,PUBLISHED,Published,,2007.0,2007,,AFR,2007,2007,Africa,,NGA,Nigeria,,AGE65-69,65-69 years,,FMLE,Female,,,,,,,,0.051,0.05140,,,,,
1574,LIFE_0000000035,ex - expectation of life at age x,https://www.who.int/data/gho/indicator-metadata-registry/imr-details/35,,,,PUBLISHED,Published,,2007.0,2007,,AFR,2007,2007,Africa,,NGA,Nigeria,,AGE70-74,70-74 years,,FMLE,Female,,,,,,,,7.8,7.80774,,,,,
1575,LIFE_0000000029,nMx - age-specific death rate between ages x and x+n,https://www.who.int/data/gho/indicator-metadata-registry/imr-details/29,,,,PUBLISHED,Published,,2007.0,2007,,AFR,2007,2007,Africa,,NGA,Nigeria,,AGE75-79,75-79 years,,FMLE,Female,,,,,,,,0.138,0.13776,,,,,
1576,LIFE_0000000030,nqx - probability of dying between ages x and x+n,https://www.who.int/data/gho/indicator-metadata-registry/imr-details/30,,,,PUBLISHED,Published,,2007.0,2007,,AFR,2007,2007,Africa,,NGA,Nigeria,,AGE75-79,75-79 years,,FMLE,Female,,,,,,,,0.508,0.50766,,,,,
1577,LIFE_0000000031,lx - number of people left alive at age x,https://www.who.int/data/gho/indicator-metadata-registry/imr-details/31,,,,PUBLISHED,Published,,2007.0,2007,,AFR,2007,2007,Africa,,NGA,Nigeria,,AGE75-79,75-79 years,,FMLE,Female,,,,,,,,22092.96,22092.96000,,,,,
1578,LIFE_0000000032,ndx - number of people dying between ages x and x+n,https://www.who.int/data/gho/indicator-metadata-registry/imr-details/32,,,,PUBLISHED,Published,,2007.0,2007,,AFR,2007,2007,Africa,,NGA,Nigeria,,AGE75-79,75-79 years,,FMLE,Female,,,,,,,,11215.61,11215.61000,,,,,
1579,LIFE_0000000031,lx - number of people left alive at age x,https://www.who.int/data/gho/indicator-metadata-registry/imr-details/31,,,,PUBLISHED,Published,,2007.0,2007,,AFR,2007,2007,Africa,,NGA,Nigeria,,AGE85PLUS,85+ years,,FMLE,Female,,,,,,,,3460.544,3460.54400,,,,,
1580,LIFE_0000000032,ndx - number of people dying between ages x and x+n,https://www.who.int/data/gho/indicator-metadata-registry/imr-details/32,,,,PUBLISHED,Published,,2007.0,2007,,AFR,2007,2007,Africa,,NGA,Nigeria,,AGE85PLUS,85+ years,,FMLE,Female,,,,,,,,3460.544,3460.54400,,,,,
1581,LIFE_0000000033,nLx - person-years lived between ages x and x+n,https://www.who.int/data/gho/indicator-metadata-registry/imr-details/33,,,,PUBLISHED,Published,,2007.0,2007,,AFR,2007,2007,Africa,,NGA,Nigeria,,AGE85PLUS,85+ years,,FMLE,Female,,,,,,,,10102.7,10102.70000,,,,,
1582,LIFE_0000000034,Tx - person-years lived above age x,https://www.who.int/data/gho/indicator-metadata-registry/imr-details/34,,,,PUBLISHED,Published,,2007.0,2007,,AFR,2007,2007,Africa,,NGA,Nigeria,,AGE85PLUS,85+ years,,FMLE,Female,,,,,,,,10102.7,10102.70000,,,,,
1583,LIFE_0000000034,Tx - person-years lived above age x,https://www.who.int/data/gho/indicator-metadata-registry/imr-details/34,,,,PUBLISHED,Published,,2008.0,2008,,AFR,2008,2008,Africa,,NGA,Nigeria,,AGE1-4,1-4 years,,MLE,Male,,,,,,,,5015121,5015121.00000,,,,,
1584,LIFE_0000000035,ex - expectation of life at age x,https://www.who.int/data/gho/indicator-metadata-registry/imr-details/35,,,,PUBLISHED,Published,,2008.0,2008,,AFR,2008,2008,Africa,,NGA,Nigeria,,AGE1-4,1-4 years,,MLE,Male,,,,,,,,55.4,55.35992,,,,,
1585,LIFE_0000000029,nMx - age-specific death rate between ages x and x+n,https://www.who.int/data/gho/indicator-metadata-registry/imr-details/29,,,,PUBLISHED,Published,,2008.0,2008,,AFR,2008,2008,Africa,,NGA,Nigeria,,AGE5-9,5-9 years,,MLE,Male,,,,,,,,0.004,0.00353,,,,,
1586,LIFE_0000000030,nqx - probability of dying between ages x and x+n,https://www.who.int/data/gho/indicator-metadata-registry/imr-details/30,,,,PUBLISHED,Published,,2008.0,2008,,AFR,2008,2008,Africa,,NGA,Nigeria,,AGE5-9,5-9 years,,MLE,Male,,,,,,,,0.017,0.01750,,,,,
1587,LIFE_0000000030,nqx - probability of dying between ages x and x+n,https://www.who.int/data/gho/indicator-metadata-registry/imr-details/30,,,,PUBLISHED,Published,,2008.0,2008,,AFR,2008,2008,Africa,,NGA,Nigeria,,AGE15-19,15-19  years,,MLE,Male,,,,,,,,0.017,0.01653,,,,,
1588,LIFE_0000000031,lx - number of people left alive at age x,https://www.who.int/data/gho/indicator-metadata-registry/imr-details/31,,,,PUBLISHED,Published,,2008.0,2008,,AFR,2008,2008,Africa,,NGA,Nigeria,,AGE15-19,15-19  years,,MLE,Male,,,,,,,,83302.94,83302.94000,,,,,
1589,LIFE_0000000032,ndx - number of people dying between ages x and x+n,https://www.who.int/data/gho/indicator-metadata-registry/imr-details/32,,,,PUBLISHED,Published,,2008.0,2008,,AFR,2008,2008,Africa,,NGA,Nigeria,,AGE15-19,15-19  years,,MLE,Male,,,,,,,,1377.149,1377.14900,,,,,
1590,LIFE_0000000033,nLx - person-years lived between ages x and x+n,https://www.who.int/data/gho/indicator-metadata-registry/imr-details/33,,,,PUBLISHED,Published,,2008.0,2008,,AFR,2008,2008,Africa,,NGA,Nigeria,,AGE15-19,15-19  years,,MLE,Male,,,,,,,,413195,413195.00000,,,,,
1591,LIFE_0000000032,ndx - number of people dying between ages x and x+n,https://www.who.int/data/gho/indicator-metadata-registry/imr-details/32,,,,PUBLISHED,Published,,2008.0,2008,,AFR,2008,2008,Africa,,NGA,Nigeria,,AGE25-29,25-29 years,,MLE,Male,,,,,,,,2611.356,2611.35600,,,,,
1592,LIFE_0000000033,nLx - person-years lived between ages x and x+n,https://www.who.int/data/gho/indicator-metadata-registry/imr-details/33,,,,PUBLISHED,Published,,2008.0,2008,,AFR,2008,2008,Africa,,NGA,Nigeria,,AGE25-29,25-29 years,,MLE,Male,,,,,,,,392569.3,392569.30000,,,,,
1593,LIFE_0000000034,Tx - person-years lived above age x,https://www.who.int/data/gho/indicator-metadata-registry/imr-details/34,,,,PUBLISHED,Published,,2008.0,2008,,AFR,2008,2008,Africa,,NGA,Nigeria,,AGE25-29,25-29 years,,MLE,Male,,,,,,,,3007016,3007016.00000,,,,,
1594,LIFE_0000000035,ex - expectation of life at age x,https://www.who.int/data/gho/indicator-metadata-registry/imr-details/35,,,,PUBLISHED,Published,,2008.0,2008,,AFR,2008,2008,Africa,,NGA,Nigeria,,AGE25-29,25-29 years,,MLE,Male,,,,,,,,37.7,37.67581,,,,,
1595,LIFE_0000000035,ex - expectation of life at age x,https://www.who.int/data/gho/indicator-metadata-registry/imr-details/35,,,,PUBLISHED,Published,,2008.0,2008,,AFR,2008,2008,Africa,,NGA,Nigeria,,AGE35-39,35-39 years,,MLE,Male,,,,,,,,30.2,30.22882,,,,,
1596,LIFE_0000000029,nMx - age-specific death rate between ages x and x+n,https://www.who.int/data/gho/indicator-metadata-registry/imr-details/29,,,,PUBLISHED,Published,,2008.0,2008,,AFR,2008,2008,Africa,,NGA,Nigeria,,AGE40-44,40-44 years,,MLE,Male,,,,,,,,0.013,0.01255,,,,,
1597,LIFE_0000000030,nqx - probability of dying between ages x and x+n,https://www.who.int/data/gho/indicator-metadata-registry/imr-details/30,,,,PUBLISHED,Published,,2008.0,2008,,AFR,2008,2008,Africa,,NGA,Nigeria,,AGE40-44,40-44 years,,MLE,Male,,,,,,,,0.061,0.06090,,,,,
1598,LIFE_0000000031,lx - number of people left alive at age x,https://www.who.int/data/gho/indicator-metadata-registry/imr-details/31,,,,PUBLISHED,Published,,2008.0,2008,,AFR,2008,2008,Africa,,NGA,Nigeria,,AGE40-44,40-44 years,,MLE,Male,,,,,,,,70070.31,70070.31000,,,,,
1599,LIFE_0000000031,lx - number of people left alive at age x,https://www.who.int/data/gho/indicator-metadata-registry/imr-details/31,,,,PUBLISHED,Published,,2008.0,2008,,AFR,2008,2008,Africa,,NGA,Nigeria,,AGE50-54,50-54 years,,MLE,Male,,,,,,,,61245.61,61245.61000,,,,,
1600,LIFE_0000000032,ndx - number of people dying between ages x and x+n,https://www.who.int/data/gho/indicator-metadata-registry/imr-details/32,,,,PUBLISHED,Published,,2008.0,2008,,AFR,2008,2008,Africa,,NGA,Nigeria,,AGE50-54,50-54 years,,MLE,Male,,,,,,,,5263.59,5263.59000,,,,,
1601,LIFE_0000000033,nLx - person-years lived between ages x and x+n,https://www.who.int/data/gho/indicator-metadata-registry/imr-details/33,,,,PUBLISHED,Published,,2008.0,2008,,AFR,2008,2008,Africa,,NGA,Nigeria,,AGE50-54,50-54 years,,MLE,Male,,,,,,,,293544.7,293544.70000,,,,,
1602,LIFE_0000000034,Tx - person-years lived above age x,https://www.who.int/data/gho/indicator-metadata-registry/imr-details/34,,,,PUBLISHED,Published,,2008.0,2008,,AFR,2008,2008,Africa,,NGA,Nigeria,,AGE50-54,50-54 years,,MLE,Male,,,,,,,,1218176,1218176.00000,,,,,
1603,LIFE_0000000033,nLx - person-years lived between ages x and x+n,https://www.who.int/data/gho/indicator-metadata-registry/imr-details/33,,,,PUBLISHED,Published,,2008.0,2008,,AFR,2008,2008,Africa,,NGA,Nigeria,,AGE60-64,60-64 years,,MLE,Male,,,,,,,,229664.9,229664.90000,,,,,
1604,LIFE_0000000034,Tx - person-years lived above age x,https://www.who.int/data/gho/indicator-metadata-registry/imr-details/34,,,,PUBLISHED,Published,,2008.0,2008,,AFR,2008,2008,Africa,,NGA,Nigeria,,AGE60-64,60-64 years,,MLE,Male,,,,,,,,659267.1,659267.10000,,,,,
1605,LIFE_0000000035,ex - expectation of life at age x,https://www.who.int/data/gho/indicator-metadata-registry/imr-details/35,,,,PUBLISHED,Published,,2008.0,2008,,AFR,2008,2008,Africa,,NGA,Nigeria,,AGE60-64,60-64 years,,MLE,Male,,,,,,,,13.2,13.20664,,,,,
1606,LIFE_0000000029,nMx - age-specific death rate between ages x and x+n,https://www.who.int/data/gho/indicator-metadata-registry/imr-details/29,,,,PUBLISHED,Published,,2008.0,2008,,AFR,2008,2008,Africa,,NGA,Nigeria,,AGE65-69,65-69 years,,MLE,Male,,,,,,,,0.054,0.05405,,,,,
1607,LIFE_0000000030,nqx - probability of dying between ages x and x+n,https://www.who.int/data/gho/indicator-metadata-registry/imr-details/30,,,,PUBLISHED,Published,,2008.0,2008,,AFR,2008,2008,Africa,,NGA,Nigeria,,AGE65-69,65-69 years,,MLE,Male,,,,,,,,0.239,0.23888,,,,,
1608,LIFE_0000000029,nMx - age-specific death rate between ages x and x+n,https://www.who.int/data/gho/indicator-metadata-registry/imr-details/29,,,,PUBLISHED,Published,,2008.0,2008,,AFR,2008,2008,Africa,,NGA,Nigeria,,AGE75-79,75-79 years,,MLE,Male,,,,,,,,0.139,0.13902,,,,,
1609,LIFE_0000000030,nqx - probability of dying between ages x and x+n,https://www.who.int/data/gho/indicator-metadata-registry/imr-details/30,,,,PUBLISHED,Published,,2008.0,2008,,AFR,2008,2008,Africa,,NGA,Nigeria,,AGE75-79,75-79 years,,MLE,Male,,,,,,,,0.511,0.51073,,,,,
1610,LIFE_0000000031,lx - number of people left alive at age x,https://www.who.int/data/gho/indicator-metadata-registry/imr-details/31,,,,PUBLISHED,Published,,2008.0,2008,,AFR,2008,2008,Africa,,NGA,Nigeria,,AGE75-79,75-79 years,,MLE,Male,,,,,,,,20415.23,20415.23000,,,,,
1611,LIFE_0000000032,ndx - number of people dying between ages x and x+n,https://www.who.int/data/gho/indicator-metadata-registry/imr-details/32,,,,PUBLISHED,Published,,2008.0,2008,,AFR,2008,2008,Africa,,NGA,Nigeria,,AGE75-79,75-79 years,,MLE,Male,,,,,,,,10426.61,10426.61000,,,,,
1612,LIFE_0000000032,ndx - number of people dying between ages x and x+n,https://www.who.int/data/gho/indicator-metadata-registry/imr-details/32,,,,PUBLISHED,Published,,2008.0,2008,,AFR,2008,2008,Africa,,NGA,Nigeria,,AGE85PLUS,85+ years,,MLE,Male,,,,,,,,3184.334,3184.33400,,,,,
1613,LIFE_0000000033,nLx - person-years lived between ages x and x+n,https://www.who.int/data/gho/indicator-metadata-registry/imr-details/33,,,,PUBLISHED,Published,,2008.0,2008,,AFR,2008,2008,Africa,,NGA,Nigeria,,AGE85PLUS,85+ years,,MLE,Male,,,,,,,,9093.659,9093.65900,,,,,
1614,LIFE_0000000034,Tx - person-years lived above age x,https://www.who.int/data/gho/indicator-metadata-registry/imr-details/34,,,,PUBLISHED,Published,,2008.0,2008,,AFR,2008,2008,Africa,,NGA,Nigeria,,AGE85PLUS,85+ years,,MLE,Male,,,,,,,,9093.659,9093.65900,,,,,
1615,LIFE_0000000035,ex - expectation of life at age x,https://www.who.int/data/gho/indicator-metadata-registry/imr-details/35,,,,PUBLISHED,Published,,2008.0,2008,,AFR,2008,2008,Africa,,NGA,Nigeria,,AGE85PLUS,85+ years,,MLE,Male,,,,,,,,2.9,2.85575,,,,,
1616,LIFE_0000000035,ex - expectation of life at age x,https://www.who.int/data/gho/indicator-metadata-registry/imr-details/35,,,,PUBLISHED,Published,,2008.0,2008,,AFR,2008,2008,Africa,,NGA,Nigeria,,AGE1-4,1-4 years,,FMLE,Female,,,,,,,,55.2,55.22049,,,,,
1617,LIFE_0000000029,nMx - age-specific death rate between ages x and x+n,https://www.who.int/data/gho/indicator-metadata-registry/imr-details/29,,,,PUBLISHED,Published,,2008.0,2008,,AFR,2008,2008,Africa,,NGA,Nigeria,,AGE5-9,5-9 years,,FMLE,Female,,,,,,,,0.005,0.00459,,,,,
1618,LIFE_0000000030,nqx - probability of dying between ages x and x+n,https://www.who.int/data/gho/indicator-metadata-registry/imr-details/30,,,,PUBLISHED,Published,,2008.0,2008,,AFR,2008,2008,Africa,,NGA,Nigeria,,AGE5-9,5-9 years,,FMLE,Female,,,,,,,,0.023,0.02268,,,,,
1619,LIFE_0000000031,lx - number of people left alive at age x,https://www.who.int/data/gho/indicator-metadata-registry/imr-details/31,,,,PUBLISHED,Published,,2008.0,2008,,AFR,2008,2008,Africa,,NGA,Nigeria,,AGE5-9,5-9 years,,FMLE,Female,,,,,,,,86299.3,86299.30000,,,,,
1620,LIFE_0000000030,nqx - probability of dying between ages x and x+n,https://www.who.int/data/gho/indicator-metadata-registry/imr-details/30,,,,PUBLISHED,Published,,2008.0,2008,,AFR,2008,2008,Africa,,NGA,Nigeria,,AGE15-19,15-19  years,,FMLE,Female,,,,,,,,0.021,0.02125,,,,,
1621,LIFE_0000000031,lx - number of people left alive at age x,https://www.who.int/data/gho/indicator-metadata-registry/imr-details/31,,,,PUBLISHED,Published,,2008.0,2008,,AFR,2008,2008,Africa,,NGA,Nigeria,,AGE15-19,15-19  years,,FMLE,Female,,,,,,,,83484.79,83484.79000,,,,,
1622,LIFE_0000000032,ndx - number of people dying between ages x and x+n,https://www.who.int/data/gho/indicator-metadata-registry/imr-details/32,,,,PUBLISHED,Published,,2008.0,2008,,AFR,2008,2008,Africa,,NGA,Nigeria,,AGE15-19,15-19  years,,FMLE,Female,,,,,,,,1773.639,1773.63900,,,,,
1623,LIFE_0000000033,nLx - person-years lived between ages x and x+n,https://www.who.int/data/gho/indicator-metadata-registry/imr-details/33,,,,PUBLISHED,Published,,2008.0,2008,,AFR,2008,2008,Africa,,NGA,Nigeria,,AGE15-19,15-19  years,,FMLE,Female,,,,,,,,413205,413205.00000,,,,,
1624,LIFE_0000000033,nLx - person-years lived between ages x and x+n,https://www.who.int/data/gho/indicator-metadata-registry/imr-details/33,,,,PUBLISHED,Published,,2008.0,2008,,AFR,2008,2008,Africa,,NGA,Nigeria,,AGE25-29,25-29 years,,FMLE,Female,,,,,,,,389044.5,389044.50000,,,,,
1625,LIFE_0000000034,Tx - person-years lived above age x,https://www.who.int/data/gho/indicator-metadata-registry/imr-details/34,,,,PUBLISHED,Published,,2008.0,2008,,AFR,2008,2008,Africa,,NGA,Nigeria,,AGE25-29,25-29 years,,FMLE,Female,,,,,,,,3051563,3051563.00000,,,,,
1626,LIFE_0000000035,ex - expectation of life at age x,https://www.who.int/data/gho/indicator-metadata-registry/imr-details/35,,,,PUBLISHED,Published,,2008.0,2008,,AFR,2008,2008,Africa,,NGA,Nigeria,,AGE25-29,25-29 years,,FMLE,Female,,,,,,,,38.4,38.43760,,,,,
1627,LIFE_0000000029,nMx - age-specific death rate between ages x and x+n,https://www.who.int/data/gho/indicator-metadata-registry/imr-details/29,,,,PUBLISHED,Published,,2008.0,2008,,AFR,2008,2008,Africa,,NGA,Nigeria,,AGE30-34,30-34 years,,FMLE,Female,,,,,,,,0.01,0.00984,,,,,
1628,LIFE_0000000029,nMx - age-specific death rate between ages x and x+n,https://www.who.int/data/gho/indicator-metadata-registry/imr-details/29,,,,PUBLISHED,Published,,2008.0,2008,,AFR,2008,2008,Africa,,NGA,Nigeria,,AGE40-44,40-44 years,,FMLE,Female,,,,,,,,0.011,0.01093,,,,,
1629,LIFE_0000000030,nqx - probability of dying between ages x and x+n,https://www.who.int/data/gho/indicator-metadata-registry/imr-details/30,,,,PUBLISHED,Published,,2008.0,2008,,AFR,2008,2008,Africa,,NGA,Nigeria,,AGE40-44,40-44 years,,FMLE,Female,,,,,,,,0.053,0.05318,,,,,
1630,LIFE_0000000031,lx - number of people left alive at age x,https://www.who.int/data/gho/indicator-metadata-registry/imr-details/31,,,,PUBLISHED,Published,,2008.0,2008,,AFR,2008,2008,Africa,,NGA,Nigeria,,AGE40-44,40-44 years,,FMLE,Female,,,,,,,,68560.38,68560.38000,,,,,
1631,LIFE_0000000032,ndx - number of people dying between ages x and x+n,https://www.who.int/data/gho/indicator-metadata-registry/imr-details/32,,,,PUBLISHED,Published,,2008.0,2008,,AFR,2008,2008,Africa,,NGA,Nigeria,,AGE40-44,40-44 years,,FMLE,Female,,,,,,,,3646.211,3646.21100,,,,,
1632,LIFE_0000000031,lx - number of people left alive at age x,https://www.who.int/data/gho/indicator-metadata-registry/imr-details/31,,,,PUBLISHED,Published,,2008.0,2008,,AFR,2008,2008,Africa,,NGA,Nigeria,,AGE50-54,50-54 years,,FMLE,Female,,,,,,,,61415.79,61415.79000,,,,,
1633,LIFE_0000000032,ndx - number of people dying between ages x and x+n,https://www.who.int/data/gho/indicator-metadata-registry/imr-details/32,,,,PUBLISHED,Published,,2008.0,2008,,AFR,2008,2008,Africa,,NGA,Nigeria,,AGE50-54,50-54 years,,FMLE,Female,,,,,,,,4044.068,4044.06800,,,,,
1634,LIFE_0000000033,nLx - person-years lived between ages x and x+n,https://www.who.int/data/gho/indicator-metadata-registry/imr-details/33,,,,PUBLISHED,Published,,2008.0,2008,,AFR,2008,2008,Africa,,NGA,Nigeria,,AGE50-54,50-54 years,,FMLE,Female,,,,,,,,297371,297371.00000,,,,,
1635,LIFE_0000000034,Tx - person-years lived above age x,https://www.who.int/data/gho/indicator-metadata-registry/imr-details/34,,,,PUBLISHED,Published,,2008.0,2008,,AFR,2008,2008,Africa,,NGA,Nigeria,,AGE50-54,50-54 years,,FMLE,Female,,,,,,,,1287979,1287979.00000,,,,,
1636,LIFE_0000000035,ex - expectation of life at age x,https://www.who.int/data/gho/indicator-metadata-registry/imr-details/35,,,,PUBLISHED,Published,,2008.0,2008,,AFR,2008,2008,Africa,,NGA,Nigeria,,AGE50-54,50-54 years,,FMLE,Female,,,,,,,,21,20.97147,,,,,
1637,LIFE_0000000034,Tx - person-years lived above age x,https://www.who.int/data/gho/indicator-metadata-registry/imr-details/34,,,,PUBLISHED,Published,,2008.0,2008,,AFR,2008,2008,Africa,,NGA,Nigeria,,AGE60-64,60-64 years,,FMLE,Female,,,,,,,,715207.3,715207.30000,,,,,
1638,LIFE_0000000035,ex - expectation of life at age x,https://www.who.int/data/gho/indicator-metadata-registry/imr-details/35,,,,PUBLISHED,Published,,2008.0,2008,,AFR,2008,2008,Africa,,NGA,Nigeria,,AGE60-64,60-64 years,,FMLE,Female,,,,,,,,13.6,13.61379,,,,,
1639,LIFE_0000000029,nMx - age-specific death rate between ages x and x+n,https://www.who.int/data/gho/indicator-metadata-registry/imr-details/29,,,,PUBLISHED,Published,,2008.0,2008,,AFR,2008,2008,Africa,,NGA,Nigeria,,AGE65-69,65-69 years,,FMLE,Female,,,,,,,,0.051,0.05077,,,,,
1640,LIFE_0000000030,nqx - probability of dying between ages x and x+n,https://www.who.int/data/gho/indicator-metadata-registry/imr-details/30,,,,PUBLISHED,Published,,2008.0,2008,,AFR,2008,2008,Africa,,NGA,Nigeria,,AGE65-69,65-69 years,,FMLE,Female,,,,,,,,0.226,0.22621,,,,,
1641,LIFE_0000000030,nqx - probability of dying between ages x and x+n,https://www.who.int/data/gho/indicator-metadata-registry/imr-details/30,,,,PUBLISHED,Published,,2008.0,2008,,AFR,2008,2008,Africa,,NGA,Nigeria,,AGE75-79,75-79 years,,FMLE,Female,,,,,,,,0.504,0.50438,,,,,
1642,LIFE_0000000031,lx - number of people left alive at age x,https://www.who.int/data/gho/indicator-metadata-registry/imr-details/31,,,,PUBLISHED,Published,,2008.0,2008,,AFR,2008,2008,Africa,,NGA,Nigeria,,AGE75-79,75-79 years,,FMLE,Female,,,,,,,,22541.52,22541.52000,,,,,
1643,LIFE_0000000032,ndx - number of people dying between ages x and x+n,https://www.who.int/data/gho/indicator-metadata-registry/imr-details/32,,,,PUBLISHED,Published,,2008.0,2008,,AFR,2008,2008,Africa,,NGA,Nigeria,,AGE75-79,75-79 years,,FMLE,Female,,,,,,,,11369.42,11369.42000,,,,,
1644,LIFE_0000000033,nLx - person-years lived between ages x and x+n,https://www.who.int/data/gho/indicator-metadata-registry/imr-details/33,,,,PUBLISHED,Published,,2008.0,2008,,AFR,2008,2008,Africa,,NGA,Nigeria,,AGE75-79,75-79 years,,FMLE,Female,,,,,,,,83297.15,83297.15000,,,,,
1645,LIFE_0000000033,nLx - person-years lived between ages x and x+n,https://www.who.int/data/gho/indicator-metadata-registry/imr-details/33,,,,PUBLISHED,Published,,2008.0,2008,,AFR,2008,2008,Africa,,NGA,Nigeria,,AGE85PLUS,85+ years,,FMLE,Female,,,,,,,,10509.93,10509.93000,,,,,
1646,LIFE_0000000034,Tx - person-years lived above age x,https://www.who.int/data/gho/indicator-metadata-registry/imr-details/34,,,,PUBLISHED,Published,,2008.0,2008,,AFR,2008,2008,Africa,,NGA,Nigeria,,AGE85PLUS,85+ years,,FMLE,Female,,,,,,,,10509.93,10509.93000,,,,,
1647,LIFE_0000000035,ex - expectation of life at age x,https://www.who.int/data/gho/indicator-metadata-registry/imr-details/35,,,,PUBLISHED,Published,,2008.0,2008,,AFR,2008,2008,Africa,,NGA,Nigeria,,AGE85PLUS,85+ years,,FMLE,Female,,,,,,,,2.9,2.93228,,,,,
1648,LIFE_0000000029,nMx - age-specific death rate between ages x and x+n,https://www.who.int/data/gho/indicator-metadata-registry/imr-details/29,,,,PUBLISHED,Published,,2009.0,2009,,AFR,2009,2009,Africa,,NGA,Nigeria,,AGELT1,<1 year,,MLE,Male,,,,,,,,0.097,0.09694,,,,,
1649,LIFE_0000000035,ex - expectation of life at age x,https://www.who.int/data/gho/indicator-metadata-registry/imr-details/35,,,,PUBLISHED,Published,,2009.0,2009,,AFR,2009,2009,Africa,,NGA,Nigeria,,AGE1-4,1-4 years,,MLE,Male,,,,,,,,55.8,55.76164,,,,,
1650,LIFE_0000000029,nMx - age-specific death rate between ages x and x+n,https://www.who.int/data/gho/indicator-metadata-registry/imr-details/29,,,,PUBLISHED,Published,,2009.0,2009,,AFR,2009,2009,Africa,,NGA,Nigeria,,AGE5-9,5-9 years,,MLE,Male,,,,,,,,0.003,0.00338,,,,,
1651,LIFE_0000000030,nqx - probability of dying between ages x and x+n,https://www.who.int/data/gho/indicator-metadata-registry/imr-details/30,,,,PUBLISHED,Published,,2009.0,2009,,AFR,2009,2009,Africa,,NGA,Nigeria,,AGE5-9,5-9 years,,MLE,Male,,,,,,,,0.017,0.01677,,,,,
1652,LIFE_0000000031,lx - number of people left alive at age x,https://www.who.int/data/gho/indicator-metadata-registry/imr-details/31,,,,PUBLISHED,Published,,2009.0,2009,,AFR,2009,2009,Africa,,NGA,Nigeria,,AGE5-9,5-9 years,,MLE,Male,,,,,,,,86003.36,86003.36000,,,,,
1653,LIFE_0000000031,lx - number of people left alive at age x,https://www.who.int/data/gho/indicator-metadata-registry/imr-details/31,,,,PUBLISHED,Published,,2009.0,2009,,AFR,2009,2009,Africa,,NGA,Nigeria,,AGE15-19,15-19  years,,MLE,Male,,,,,,,,83910.74,83910.74000,,,,,
1654,LIFE_0000000032,ndx - number of people dying between ages x and x+n,https://www.who.int/data/gho/indicator-metadata-registry/imr-details/32,,,,PUBLISHED,Published,,2009.0,2009,,AFR,2009,2009,Africa,,NGA,Nigeria,,AGE15-19,15-19  years,,MLE,Male,,,,,,,,1380.767,1380.76700,,,,,
1655,LIFE_0000000033,nLx - person-years lived between ages x and x+n,https://www.who.int/data/gho/indicator-metadata-registry/imr-details/33,,,,PUBLISHED,Published,,2009.0,2009,,AFR,2009,2009,Africa,,NGA,Nigeria,,AGE15-19,15-19  years,,MLE,Male,,,,,,,,416227.8,416227.80000,,,,,
1656,LIFE_0000000034,Tx - person-years lived above age x,https://www.who.int/data/gho/indicator-metadata-registry/imr-details/34,,,,PUBLISHED,Published,,2009.0,2009,,AFR,2009,2009,Africa,,NGA,Nigeria,,AGE15-19,15-19  years,,MLE,Male,,,,,,,,3871328,3871328.00000,,,,,
1657,LIFE_0000000034,Tx - person-years lived above age x,https://www.who.int/data/gho/indicator-metadata-registry/imr-details/34,,,,PUBLISHED,Published,,2009.0,2009,,AFR,2009,2009,Africa,,NGA,Nigeria,,AGE25-29,25-29 years,,MLE,Male,,,,,,,,3047662,3047662.00000,,,,,
1658,LIFE_0000000035,ex - expectation of life at age x,https://www.who.int/data/gho/indicator-metadata-registry/imr-details/35,,,,PUBLISHED,Published,,2009.0,2009,,AFR,2009,2009,Africa,,NGA,Nigeria,,AGE25-29,25-29 years,,MLE,Male,,,,,,,,37.9,37.89222,,,,,
1659,LIFE_0000000029,nMx - age-specific death rate between ages x and x+n,https://www.who.int/data/gho/indicator-metadata-registry/imr-details/29,,,,PUBLISHED,Published,,2009.0,2009,,AFR,2009,2009,Africa,,NGA,Nigeria,,AGE30-34,30-34 years,,MLE,Male,,,,,,,,0.008,0.00826,,,,,
1660,LIFE_0000000030,nqx - probability of dying between ages x and x+n,https://www.who.int/data/gho/indicator-metadata-registry/imr-details/30,,,,PUBLISHED,Published,,2009.0,2009,,AFR,2009,2009,Africa,,NGA,Nigeria,,AGE30-34,30-34 years,,MLE,Male,,,,,,,,0.04,0.04048,,,,,
1661,LIFE_0000000029,nMx - age-specific death rate between ages x and x+n,https://www.who.int/data/gho/indicator-metadata-registry/imr-details/29,,,,PUBLISHED,Published,,2009.0,2009,,AFR,2009,2009,Africa,,NGA,Nigeria,,AGE40-44,40-44 years,,MLE,Male,,,,,,,,0.012,0.01228,,,,,
1662,LIFE_0000000030,nqx - probability of dying between ages x and x+n,https://www.who.int/data/gho/indicator-metadata-registry/imr-details/30,,,,PUBLISHED,Published,,2009.0,2009,,AFR,2009,2009,Africa,,NGA,Nigeria,,AGE40-44,40-44 years,,MLE,Male,,,,,,,,0.06,0.05962,,,,,
1663,LIFE_0000000031,lx - number of people left alive at age x,https://www.who.int/data/gho/indicator-metadata-registry/imr-details/31,,,,PUBLISHED,Published,,2009.0,2009,,AFR,2009,2009,Africa,,NGA,Nigeria,,AGE40-44,40-44 years,,MLE,Male,,,,,,,,70851.21,70851.21000,,,,,
1664,LIFE_0000000032,ndx - number of people dying between ages x and x+n,https://www.who.int/data/gho/indicator-metadata-registry/imr-details/32,,,,PUBLISHED,Published,,2009.0,2009,,AFR,2009,2009,Africa,,NGA,Nigeria,,AGE40-44,40-44 years,,MLE,Male,,,,,,,,4224.129,4224.12900,,,,,
1665,LIFE_0000000033,nLx - person-years lived between ages x and x+n,https://www.who.int/data/gho/indicator-metadata-registry/imr-details/33,,,,PUBLISHED,Published,,2009.0,2009,,AFR,2009,2009,Africa,,NGA,Nigeria,,AGE40-44,40-44 years,,MLE,Male,,,,,,,,343963.3,343963.30000,,,,,
1666,LIFE_0000000032,ndx - number of people dying between ages x and x+n,https://www.who.int/data/gho/indicator-metadata-registry/imr-details/32,,,,PUBLISHED,Published,,2009.0,2009,,AFR,2009,2009,Africa,,NGA,Nigeria,,AGE50-54,50-54 years,,MLE,Male,,,,,,,,5264.941,5264.94100,,,,,
1667,LIFE_0000000033,nLx - person-years lived between ages x and x+n,https://www.who.int/data/gho/indicator-metadata-registry/imr-details/33,,,,PUBLISHED,Published,,2009.0,2009,,AFR,2009,2009,Africa,,NGA,Nigeria,,AGE50-54,50-54 years,,MLE,Male,,,,,,,,297703.6,297703.60000,,,,,
1668,LIFE_0000000034,Tx - person-years lived above age x,https://www.who.int/data/gho/indicator-metadata-registry/imr-details/34,,,,PUBLISHED,Published,,2009.0,2009,,AFR,2009,2009,Africa,,NGA,Nigeria,,AGE50-54,50-54 years,,MLE,Male,,,,,,,,1240048,1240048.00000,,,,,
1669,LIFE_0000000035,ex - expectation of life at age x,https://www.who.int/data/gho/indicator-metadata-registry/imr-details/35,,,,PUBLISHED,Published,,2009.0,2009,,AFR,2009,2009,Africa,,NGA,Nigeria,,AGE50-54,50-54 years,,MLE,Male,,,,,,,,20,19.97578,,,,,
1670,LIFE_0000000035,ex - expectation of life at age x,https://www.who.int/data/gho/indicator-metadata-registry/imr-details/35,,,,PUBLISHED,Published,,2009.0,2009,,AFR,2009,2009,Africa,,NGA,Nigeria,,AGE60-64,60-64 years,,MLE,Male,,,,,,,,13.3,13.26785,,,,,
1671,LIFE_0000000029,nMx - age-specific death rate between ages x and x+n,https://www.who.int/data/gho/indicator-metadata-registry/imr-details/29,,,,PUBLISHED,Published,,2009.0,2009,,AFR,2009,2009,Africa,,NGA,Nigeria,,AGE65-69,65-69 years,,MLE,Male,,,,,,,,0.054,0.05352,,,,,
1672,LIFE_0000000030,nqx - probability of dying between ages x and x+n,https://www.who.int/data/gho/indicator-metadata-registry/imr-details/30,,,,PUBLISHED,Published,,2009.0,2009,,AFR,2009,2009,Africa,,NGA,Nigeria,,AGE65-69,65-69 years,,MLE,Male,,,,,,,,0.237,0.23682,,,,,
1673,LIFE_0000000031,lx - number of people left alive at age x,https://www.who.int/data/gho/indicator-metadata-registry/imr-details/31,,,,PUBLISHED,Published,,2009.0,2009,,AFR,2009,2009,Africa,,NGA,Nigeria,,AGE65-69,65-69 years,,MLE,Male,,,,,,,,42396.73,42396.73000,,,,,
1674,LIFE_0000000030,nqx - probability of dying between ages x and x+n,https://www.who.int/data/gho/indicator-metadata-registry/imr-details/30,,,,PUBLISHED,Published,,2009.0,2009,,AFR,2009,2009,Africa,,NGA,Nigeria,,AGE75-79,75-79 years,,MLE,Male,,,,,,,,0.509,0.50882,,,,,
1675,LIFE_0000000031,lx - number of people left alive at age x,https://www.who.int/data/gho/indicator-metadata-registry/imr-details/31,,,,PUBLISHED,Published,,2009.0,2009,,AFR,2009,2009,Africa,,NGA,Nigeria,,AGE75-79,75-79 years,,MLE,Male,,,,,,,,20914.03,20914.03000,,,,,
1676,LIFE_0000000032,ndx - number of people dying between ages x and x+n,https://www.who.int/data/gho/indicator-metadata-registry/imr-details/32,,,,PUBLISHED,Published,,2009.0,2009,,AFR,2009,2009,Africa,,NGA,Nigeria,,AGE75-79,75-79 years,,MLE,Male,,,,,,,,10641.54,10641.54000,,,,,
1677,LIFE_0000000033,nLx - person-years lived between ages x and x+n,https://www.who.int/data/gho/indicator-metadata-registry/imr-details/33,,,,PUBLISHED,Published,,2009.0,2009,,AFR,2009,2009,Africa,,NGA,Nigeria,,AGE75-79,75-79 years,,MLE,Male,,,,,,,,76964.59,76964.59000,,,,,
1678,LIFE_0000000034,Tx - person-years lived above age x,https://www.who.int/data/gho/indicator-metadata-registry/imr-details/34,,,,PUBLISHED,Published,,2009.0,2009,,AFR,2009,2009,Africa,,NGA,Nigeria,,AGE75-79,75-79 years,,MLE,Male,,,,,,,,118348.2,118348.20000,,,,,
1679,LIFE_0000000033,nLx - person-years lived between ages x and x+n,https://www.who.int/data/gho/indicator-metadata-registry/imr-details/33,,,,PUBLISHED,Published,,2009.0,2009,,AFR,2009,2009,Africa,,NGA,Nigeria,,AGE85PLUS,85+ years,,MLE,Male,,,,,,,,9402.766,9402.76600,,,,,
1680,LIFE_0000000034,Tx - person-years lived above age x,https://www.who.int/data/gho/indicator-metadata-registry/imr-details/34,,,,PUBLISHED,Published,,2009.0,2009,,AFR,2009,2009,Africa,,NGA,Nigeria,,AGE85PLUS,85+ years,,MLE,Male,,,,,,,,9402.766,9402.76600,,,,,
1681,LIFE_0000000035,ex - expectation of life at age x,https://www.who.int/data/gho/indicator-metadata-registry/imr-details/35,,,,PUBLISHED,Published,,2009.0,2009,,AFR,2009,2009,Africa,,NGA,Nigeria,,AGE85PLUS,85+ years,,MLE,Male,,,,,,,,2.9,2.86058,,,,,
1682,LIFE_0000000029,nMx - age-specific death rate between ages x and x+n,https://www.who.int/data/gho/indicator-metadata-registry/imr-details/29,,,,PUBLISHED,Published,,2009.0,2009,,AFR,2009,2009,Africa,,NGA,Nigeria,,AGELT1,<1 year,,FMLE,Female,,,,,,,,0.084,0.08440,,,,,
1683,LIFE_0000000029,nMx - age-specific death rate between ages x and x+n,https://www.who.int/data/gho/indicator-metadata-registry/imr-details/29,,,,PUBLISHED,Published,,2009.0,2009,,AFR,2009,2009,Africa,,NGA,Nigeria,,AGE5-9,5-9 years,,FMLE,Female,,,,,,,,0.004,0.00440,,,,,
1684,LIFE_0000000030,nqx - probability of dying between ages x and x+n,https://www.who.int/data/gho/indicator-metadata-registry/imr-details/30,,,,PUBLISHED,Published,,2009.0,2009,,AFR,2009,2009,Africa,,NGA,Nigeria,,AGE5-9,5-9 years,,FMLE,Female,,,,,,,,0.022,0.02178,,,,,
1685,LIFE_0000000031,lx - number of people left alive at age x,https://www.who.int/data/gho/indicator-metadata-registry/imr-details/31,,,,PUBLISHED,Published,,2009.0,2009,,AFR,2009,2009,Africa,,NGA,Nigeria,,AGE5-9,5-9 years,,FMLE,Female,,,,,,,,86806.47,86806.47000,,,,,
1686,LIFE_0000000032,ndx - number of people dying between ages x and x+n,https://www.who.int/data/gho/indicator-metadata-registry/imr-details/32,,,,PUBLISHED,Published,,2009.0,2009,,AFR,2009,2009,Africa,,NGA,Nigeria,,AGE5-9,5-9 years,,FMLE,Female,,,,,,,,1890.356,1890.35600,,,,,
1687,LIFE_0000000032,ndx - number of people dying between ages x and x+n,https://www.who.int/data/gho/indicator-metadata-registry/imr-details/32,,,,PUBLISHED,Published,,2009.0,2009,,AFR,2009,2009,Africa,,NGA,Nigeria,,AGE15-19,15-19  years,,FMLE,Female,,,,,,,,1775.483,1775.48300,,,,,
1688,LIFE_0000000033,nLx - person-years lived between ages x and x+n,https://www.who.int/data/gho/indicator-metadata-registry/imr-details/33,,,,PUBLISHED,Published,,2009.0,2009,,AFR,2009,2009,Africa,,NGA,Nigeria,,AGE15-19,15-19  years,,FMLE,Female,,,,,,,,416126.8,416126.80000,,,,,
1689,LIFE_0000000034,Tx - person-years lived above age x,https://www.who.int/data/gho/indicator-metadata-registry/imr-details/34,,,,PUBLISHED,Published,,2009.0,2009,,AFR,2009,2009,Africa,,NGA,Nigeria,,AGE15-19,15-19  years,,FMLE,Female,,,,,,,,3914878,3914878.00000,,,,,
1690,LIFE_0000000035,ex - expectation of life at age x,https://www.who.int/data/gho/indicator-metadata-registry/imr-details/35,,,,PUBLISHED,Published,,2009.0,2009,,AFR,2009,2009,Africa,,NGA,Nigeria,,AGE15-19,15-19  years,,FMLE,Female,,,,,,,,46.6,46.56712,,,,,
1691,LIFE_0000000034,Tx - person-years lived above age x,https://www.who.int/data/gho/indicator-metadata-registry/imr-details/34,,,,PUBLISHED,Published,,2009.0,2009,,AFR,2009,2009,Africa,,NGA,Nigeria,,AGE25-29,25-29 years,,FMLE,Female,,,,,,,,3092921,3092921.00000,,,,,
1692,LIFE_0000000035,ex - expectation of life at age x,https://www.who.int/data/gho/indicator-metadata-registry/imr-details/35,,,,PUBLISHED,Published,,2009.0,2009,,AFR,2009,2009,Africa,,NGA,Nigeria,,AGE25-29,25-29 years,,FMLE,Female,,,,,,,,38.7,38.66634,,,,,
1693,LIFE_0000000029,nMx - age-specific death rate between ages x and x+n,https://www.who.int/data/gho/indicator-metadata-registry/imr-details/29,,,,PUBLISHED,Published,,2009.0,2009,,AFR,2009,2009,Africa,,NGA,Nigeria,,AGE30-34,30-34 years,,FMLE,Female,,,,,,,,0.01,0.00950,,,,,
1694,LIFE_0000000030,nqx - probability of dying between ages x and x+n,https://www.who.int/data/gho/indicator-metadata-registry/imr-details/30,,,,PUBLISHED,Published,,2009.0,2009,,AFR,2009,2009,Africa,,NGA,Nigeria,,AGE30-34,30-34 years,,FMLE,Female,,,,,,,,0.046,0.04642,,,,,
1695,LIFE_0000000031,lx - number of people left alive at age x,https://www.who.int/data/gho/indicator-metadata-registry/imr-details/31,,,,PUBLISHED,Published,,2009.0,2009,,AFR,2009,2009,Africa,,NGA,Nigeria,,AGE30-34,30-34 years,,FMLE,Female,,,,,,,,76912.51,76912.51000,,,,,
1696,LIFE_0000000030,nqx - probability of dying between ages x and x+n,https://www.who.int/data/gho/indicator-metadata-registry/imr-details/30,,,,PUBLISHED,Published,,2009.0,2009,,AFR,2009,2009,Africa,,NGA,Nigeria,,AGE40-44,40-44 years,,FMLE,Female,,,,,,,,0.052,0.05238,,,,,
1697,LIFE_0000000031,lx - number of people left alive at age x,https://www.who.int/data/gho/indicator-metadata-registry/imr-details/31,,,,PUBLISHED,Published,,2009.0,2009,,AFR,2009,2009,Africa,,NGA,Nigeria,,AGE40-44,40-44 years,,FMLE,Female,,,,,,,,69365.07,69365.07000,,,,,
1698,LIFE_0000000032,ndx - number of people dying between ages x and x+n,https://www.who.int/data/gho/indicator-metadata-registry/imr-details/32,,,,PUBLISHED,Published,,2009.0,2009,,AFR,2009,2009,Africa,,NGA,Nigeria,,AGE40-44,40-44 years,,FMLE,Female,,,,,,,,3633.465,3633.46500,,,,,
1699,LIFE_0000000033,nLx - person-years lived between ages x and x+n,https://www.who.int/data/gho/indicator-metadata-registry/imr-details/33,,,,PUBLISHED,Published,,2009.0,2009,,AFR,2009,2009,Africa,,NGA,Nigeria,,AGE40-44,40-44 years,,FMLE,Female,,,,,,,,337790.3,337790.30000,,,,,
1700,LIFE_0000000033,nLx - person-years lived between ages x and x+n,https://www.who.int/data/gho/indicator-metadata-registry/imr-details/33,,,,PUBLISHED,Published,,2009.0,2009,,AFR,2009,2009,Africa,,NGA,Nigeria,,AGE50-54,50-54 years,,FMLE,Female,,,,,,,,301420.3,301420.30000,,,,,
1701,LIFE_0000000034,Tx - person-years lived above age x,https://www.who.int/data/gho/indicator-metadata-registry/imr-details/34,,,,PUBLISHED,Published,,2009.0,2009,,AFR,2009,2009,Africa,,NGA,Nigeria,,AGE50-54,50-54 years,,FMLE,Female,,,,,,,,1310262,1310262.00000,,,,,
1702,LIFE_0000000035,ex - expectation of life at age x,https://www.who.int/data/gho/indicator-metadata-registry/imr-details/35,,,,PUBLISHED,Published,,2009.0,2009,,AFR,2009,2009,Africa,,NGA,Nigeria,,AGE50-54,50-54 years,,FMLE,Female,,,,,,,,21.1,21.05528,,,,,
1703,LIFE_0000000029,nMx - age-specific death rate between ages x and x+n,https://www.who.int/data/gho/indicator-metadata-registry/imr-details/29,,,,PUBLISHED,Published,,2009.0,2009,,AFR,2009,2009,Africa,,NGA,Nigeria,,AGE55-59,55-59 years,,FMLE,Female,,,,,,,,0.017,0.01740,,,,,
1704,LIFE_0000000035,ex - expectation of life at age x,https://www.who.int/data/gho/indicator-metadata-registry/imr-details/35,,,,PUBLISHED,Published,,2009.0,2009,,AFR,2009,2009,Africa,,NGA,Nigeria,,AGE60-64,60-64 years,,FMLE,Female,,,,,,,,13.7,13.68251,,,,,
1705,LIFE_0000000029,nMx - age-specific death rate between ages x and x+n,https://www.who.int/data/gho/indicator-metadata-registry/imr-details/29,,,,PUBLISHED,Published,,2009.0,2009,,AFR,2009,2009,Africa,,NGA,Nigeria,,AGE65-69,65-69 years,,FMLE,Female,,,,,,,,0.05,0.05020,,,,,
1706,LIFE_0000000030,nqx - probability of dying between ages x and x+n,https://www.who.int/data/gho/indicator-metadata-registry/imr-details/30,,,,PUBLISHED,Published,,2009.0,2009,,AFR,2009,2009,Africa,,NGA,Nigeria,,AGE65-69,65-69 years,,FMLE,Female,,,,,,,,0.224,0.22400,,,,,
1707,LIFE_0000000031,lx - number of people left alive at age x,https://www.who.int/data/gho/indicator-metadata-registry/imr-details/31,,,,PUBLISHED,Published,,2009.0,2009,,AFR,2009,2009,Africa,,NGA,Nigeria,,AGE65-69,65-69 years,,FMLE,Female,,,,,,,,45469.49,45469.49000,,,,,
1708,LIFE_0000000032,ndx - number of people dying between ages x and x+n,https://www.who.int/data/gho/indicator-metadata-registry/imr-details/32,,,,PUBLISHED,Published,,2009.0,2009,,AFR,2009,2009,Africa,,NGA,Nigeria,,AGE65-69,65-69 years,,FMLE,Female,,,,,,,,10185,10185.00000,,,,,
1709,LIFE_0000000031,lx - number of people left alive at age x,https://www.who.int/data/gho/indicator-metadata-registry/imr-details/31,,,,PUBLISHED,Published,,2009.0,2009,,AFR,2009,2009,Africa,,NGA,Nigeria,,AGE75-79,75-79 years,,FMLE,Female,,,,,,,,23080.7,23080.70000,,,,,
1710,LIFE_0000000032,ndx - number of people dying between ages x and x+n,https://www.who.int/data/gho/indicator-metadata-registry/imr-details/32,,,,PUBLISHED,Published,,2009.0,2009,,AFR,2009,2009,Africa,,NGA,Nigeria,,AGE75-79,75-79 years,,FMLE,Female,,,,,,,,11582.14,11582.14000,,,,,
1711,LIFE_0000000033,nLx - person-years lived between ages x and x+n,https://www.who.int/data/gho/indicator-metadata-registry/imr-details/33,,,,PUBLISHED,Published,,2009.0,2009,,AFR,2009,2009,Africa,,NGA,Nigeria,,AGE75-79,75-79 years,,FMLE,Female,,,,,,,,85477.42,85477.42000,,,,,
1712,LIFE_0000000034,Tx - person-years lived above age x,https://www.who.int/data/gho/indicator-metadata-registry/imr-details/34,,,,PUBLISHED,Published,,2009.0,2009,,AFR,2009,2009,Africa,,NGA,Nigeria,,AGE75-79,75-79 years,,FMLE,Female,,,,,,,,132285.5,132285.50000,,,,,
1713,LIFE_0000000034,Tx - person-years lived above age x,https://www.who.int/data/gho/indicator-metadata-registry/imr-details/34,,,,PUBLISHED,Published,,2009.0,2009,,AFR,2009,2009,Africa,,NGA,Nigeria,,AGE85PLUS,85+ years,,FMLE,Female,,,,,,,,10912.17,10912.17000,,,,,
1714,LIFE_0000000035,ex - expectation of life at age x,https://www.who.int/data/gho/indicator-metadata-registry/imr-details/35,,,,PUBLISHED,Published,,2009.0,2009,,AFR,2009,2009,Africa,,NGA,Nigeria,,AGE85PLUS,85+ years,,FMLE,Female,,,,,,,,2.9,2.94059,,,,,
1715,LIFE_0000000029,nMx - age-specific death rate between ages x and x+n,https://www.who.int/data/gho/indicator-metadata-registry/imr-details/29,,,,PUBLISHED,Published,,2010.0,2010,,AFR,2010,2010,Africa,,NGA,Nigeria,,AGELT1,<1 year,,MLE,Male,,,,,,,,0.093,0.09344,,,,,
1716,LIFE_0000000030,nqx - probability of dying between ages x and x+n,https://www.who.int/data/gho/indicator-metadata-registry/imr-details/30,,,,PUBLISHED,Published,,2010.0,2010,,AFR,2010,2010,Africa,,NGA,Nigeria,,AGELT1,<1 year,,MLE,Male,,,,,,,,0.088,0.08767,,,,,
1717,LIFE_0000000030,nqx - probability of dying between ages x and x+n,https://www.who.int/data/gho/indicator-metadata-registry/imr-details/30,,,,PUBLISHED,Published,,2010.0,2010,,AFR,2010,2010,Africa,,NGA,Nigeria,,AGE5-9,5-9 years,,MLE,Male,,,,,,,,0.016,0.01614,,,,,
1718,LIFE_0000000031,lx - number of people left alive at age x,https://www.who.int/data/gho/indicator-metadata-registry/imr-details/31,,,,PUBLISHED,Published,,2010.0,2010,,AFR,2010,2010,Africa,,NGA,Nigeria,,AGE5-9,5-9 years,,MLE,Male,,,,,,,,86533.48,86533.48000,,,,,
1719,LIFE_0000000032,ndx - number of people dying between ages x and x+n,https://www.who.int/data/gho/indicator-metadata-registry/imr-details/32,,,,PUBLISHED,Published,,2010.0,2010,,AFR,2010,2010,Africa,,NGA,Nigeria,,AGE5-9,5-9 years,,MLE,Male,,,,,,,,1396.463,1396.46300,,,,,
1720,LIFE_0000000033,nLx - person-years lived between ages x and x+n,https://www.who.int/data/gho/indicator-metadata-registry/imr-details/33,,,,PUBLISHED,Published,,2010.0,2010,,AFR,2010,2010,Africa,,NGA,Nigeria,,AGE5-9,5-9 years,,MLE,Male,,,,,,,,429176.3,429176.30000,,,,,
1721,LIFE_0000000032,ndx - number of people dying between ages x and x+n,https://www.who.int/data/gho/indicator-metadata-registry/imr-details/32,,,,PUBLISHED,Published,,2010.0,2010,,AFR,2010,2010,Africa,,NGA,Nigeria,,AGE15-19,15-19  years,,MLE,Male,,,,,,,,1388.675,1388.67500,,,,,
1722,LIFE_0000000033,nLx - person-years lived between ages x and x+n,https://www.who.int/data/gho/indicator-metadata-registry/imr-details/33,,,,PUBLISHED,Published,,2010.0,2010,,AFR,2010,2010,Africa,,NGA,Nigeria,,AGE15-19,15-19  years,,MLE,Male,,,,,,,,419130.2,419130.20000,,,,,
1723,LIFE_0000000034,Tx - person-years lived above age x,https://www.who.int/data/gho/indicator-metadata-registry/imr-details/34,,,,PUBLISHED,Published,,2010.0,2010,,AFR,2010,2010,Africa,,NGA,Nigeria,,AGE15-19,15-19  years,,MLE,Male,,,,,,,,3911073,3911073.00000,,,,,
1724,LIFE_0000000035,ex - expectation of life at age x,https://www.who.int/data/gho/indicator-metadata-registry/imr-details/35,,,,PUBLISHED,Published,,2010.0,2010,,AFR,2010,2010,Africa,,NGA,Nigeria,,AGE15-19,15-19  years,,MLE,Male,,,,,,,,46.3,46.28807,,,,,
1725,LIFE_0000000029,nMx - age-specific death rate between ages x and x+n,https://www.who.int/data/gho/indicator-metadata-registry/imr-details/29,,,,PUBLISHED,Published,,2010.0,2010,,AFR,2010,2010,Africa,,NGA,Nigeria,,AGE20-24,20-24 years,,MLE,Male,,,,,,,,0.005,0.00509,,,,,
1726,LIFE_0000000035,ex - expectation of life at age x,https://www.who.int/data/gho/indicator-metadata-registry/imr-details/35,,,,PUBLISHED,Published,,2010.0,2010,,AFR,2010,2010,Africa,,NGA,Nigeria,,AGE25-29,25-29 years,,MLE,Male,,,,,,,,38,38.03732,,,,,
1727,LIFE_0000000029,nMx - age-specific death rate between ages x and x+n,https://www.who.int/data/gho/indicator-metadata-registry/imr-details/29,,,,PUBLISHED,Published,,2010.0,2010,,AFR,2010,2010,Africa,,NGA,Nigeria,,AGE30-34,30-34 years,,MLE,Male,,,,,,,,0.008,0.00809,,,,,
1728,LIFE_0000000030,nqx - probability of dying between ages x and x+n,https://www.who.int/data/gho/indicator-metadata-registry/imr-details/30,,,,PUBLISHED,Published,,2010.0,2010,,AFR,2010,2010,Africa,,NGA,Nigeria,,AGE30-34,30-34 years,,MLE,Male,,,,,,,,0.04,0.03967,,,,,
1729,LIFE_0000000031,lx - number of people left alive at age x,https://www.who.int/data/gho/indicator-metadata-registry/imr-details/31,,,,PUBLISHED,Published,,2010.0,2010,,AFR,2010,2010,Africa,,NGA,Nigeria,,AGE30-34,30-34 years,,MLE,Male,,,,,,,,78514.63,78514.63000,,,,,
1730,LIFE_0000000031,lx - number of people left alive at age x,https://www.who.int/data/gho/indicator-metadata-registry/imr-details/31,,,,PUBLISHED,Published,,2010.0,2010,,AFR,2010,2010,Africa,,NGA,Nigeria,,AGE40-44,40-44 years,,MLE,Male,,,,,,,,71502.76,71502.76000,,,,,
1731,LIFE_0000000032,ndx - number of people dying between ages x and x+n,https://www.who.int/data/gho/indicator-metadata-registry/imr-details/32,,,,PUBLISHED,Published,,2010.0,2010,,AFR,2010,2010,Africa,,NGA,Nigeria,,AGE40-44,40-44 years,,MLE,Male,,,,,,,,4189.705,4189.70500,,,,,
1732,LIFE_0000000033,nLx - person-years lived between ages x and x+n,https://www.who.int/data/gho/indicator-metadata-registry/imr-details/33,,,,PUBLISHED,Published,,2010.0,2010,,AFR,2010,2010,Africa,,NGA,Nigeria,,AGE40-44,40-44 years,,MLE,Male,,,,,,,,347303.6,347303.60000,,,,,
1733,LIFE_0000000034,Tx - person-years lived above age x,https://www.who.int/data/gho/indicator-metadata-registry/imr-details/34,,,,PUBLISHED,Published,,2010.0,2010,,AFR,2010,2010,Africa,,NGA,Nigeria,,AGE40-44,40-44 years,,MLE,Male,,,,,,,,1930447,1930447.00000,,,,,
1734,LIFE_0000000033,nLx - person-years lived between ages x and x+n,https://www.who.int/data/gho/indicator-metadata-registry/imr-details/33,,,,PUBLISHED,Published,,2010.0,2010,,AFR,2010,2010,Africa,,NGA,Nigeria,,AGE50-54,50-54 years,,MLE,Male,,,,,,,,301062,301062.00000,,,,,
1735,LIFE_0000000034,Tx - person-years lived above age x,https://www.who.int/data/gho/indicator-metadata-registry/imr-details/34,,,,PUBLISHED,Published,,2010.0,2010,,AFR,2010,2010,Africa,,NGA,Nigeria,,AGE50-54,50-54 years,,MLE,Male,,,,,,,,1257630,1257630.00000,,,,,
1736,LIFE_0000000035,ex - expectation of life at age x,https://www.who.int/data/gho/indicator-metadata-registry/imr-details/35,,,,PUBLISHED,Published,,2010.0,2010,,AFR,2010,2010,Africa,,NGA,Nigeria,,AGE50-54,50-54 years,,MLE,Male,,,,,,,,20,20.04006,,,,,
1737,LIFE_0000000029,nMx - age-specific death rate between ages x and x+n,https://www.who.int/data/gho/indicator-metadata-registry/imr-details/29,,,,PUBLISHED,Published,,2010.0,2010,,AFR,2010,2010,Africa,,NGA,Nigeria,,AGE55-59,55-59 years,,MLE,Male,,,,,,,,0.022,0.02246,,,,,
1738,LIFE_0000000030,nqx - probability of dying between ages x and x+n,https://www.who.int/data/gho/indicator-metadata-registry/imr-details/30,,,,PUBLISHED,Published,,2010.0,2010,,AFR,2010,2010,Africa,,NGA,Nigeria,,AGE55-59,55-59 years,,MLE,Male,,,,,,,,0.107,0.10658,,,,,
1739,LIFE_0000000029,nMx - age-specific death rate between ages x and x+n,https://www.who.int/data/gho/indicator-metadata-registry/imr-details/29,,,,PUBLISHED,Published,,2010.0,2010,,AFR,2010,2010,Africa,,NGA,Nigeria,,AGE65-69,65-69 years,,MLE,Male,,,,,,,,0.053,0.05308,,,,,
1740,LIFE_0000000030,nqx - probability of dying between ages x and x+n,https://www.who.int/data/gho/indicator-metadata-registry/imr-details/30,,,,PUBLISHED,Published,,2010.0,2010,,AFR,2010,2010,Africa,,NGA,Nigeria,,AGE65-69,65-69 years,,MLE,Male,,,,,,,,0.235,0.23512,,,,,
1741,LIFE_0000000031,lx - number of people left alive at age x,https://www.who.int/data/gho/indicator-metadata-registry/imr-details/31,,,,PUBLISHED,Published,,2010.0,2010,,AFR,2010,2010,Africa,,NGA,Nigeria,,AGE65-69,65-69 years,,MLE,Male,,,,,,,,43003.35,43003.35000,,,,,
1742,LIFE_0000000032,ndx - number of people dying between ages x and x+n,https://www.who.int/data/gho/indicator-metadata-registry/imr-details/32,,,,PUBLISHED,Published,,2010.0,2010,,AFR,2010,2010,Africa,,NGA,Nigeria,,AGE65-69,65-69 years,,MLE,Male,,,,,,,,10110.84,10110.84000,,,,,
1743,LIFE_0000000032,ndx - number of people dying between ages x and x+n,https://www.who.int/data/gho/indicator-metadata-registry/imr-details/32,,,,PUBLISHED,Published,,2010.0,2010,,AFR,2010,2010,Africa,,NGA,Nigeria,,AGE75-79,75-79 years,,MLE,Male,,,,,,,,10815.75,10815.75000,,,,,
1744,LIFE_0000000033,nLx - person-years lived between ages x and x+n,https://www.who.int/data/gho/indicator-metadata-registry/imr-details/33,,,,PUBLISHED,Published,,2010.0,2010,,AFR,2010,2010,Africa,,NGA,Nigeria,,AGE75-79,75-79 years,,MLE,Male,,,,,,,,78560.04,78560.04000,,,,,
1745,LIFE_0000000034,Tx - person-years lived above age x,https://www.who.int/data/gho/indicator-metadata-registry/imr-details/34,,,,PUBLISHED,Published,,2010.0,2010,,AFR,2010,2010,Africa,,NGA,Nigeria,,AGE75-79,75-79 years,,MLE,Male,,,,,,,,120942.9,120942.90000,,,,,
1746,LIFE_0000000035,ex - expectation of life at age x,https://www.who.int/data/gho/indicator-metadata-registry/imr-details/35,,,,PUBLISHED,Published,,2010.0,2010,,AFR,2010,2010,Africa,,NGA,Nigeria,,AGE75-79,75-79 years,,MLE,Male,,,,,,,,5.7,5.67317,,,,,
1747,LIFE_0000000035,ex - expectation of life at age x,https://www.who.int/data/gho/indicator-metadata-registry/imr-details/35,,,,PUBLISHED,Published,,2010.0,2010,,AFR,2010,2010,Africa,,NGA,Nigeria,,AGE85PLUS,85+ years,,MLE,Male,,,,,,,,2.9,2.86420,,,,,
1748,LIFE_0000000029,nMx - age-specific death rate between ages x and x+n,https://www.who.int/data/gho/indicator-metadata-registry/imr-details/29,,,,PUBLISHED,Published,,2010.0,2010,,AFR,2010,2010,Africa,,NGA,Nigeria,,AGELT1,<1 year,,FMLE,Female,,,,,,,,0.082,0.08151,,,,,
1749,LIFE_0000000030,nqx - probability of dying between ages x and x+n,https://www.who.int/data/gho/indicator-metadata-registry/imr-details/30,,,,PUBLISHED,Published,,2010.0,2010,,AFR,2010,2010,Africa,,NGA,Nigeria,,AGELT1,<1 year,,FMLE,Female,,,,,,,,0.077,0.07702,,,,,
1750,LIFE_0000000031,lx - number of people left alive at age x,https://www.who.int/data/gho/indicator-metadata-registry/imr-details/31,,,,PUBLISHED,Published,,2010.0,2010,,AFR,2010,2010,Africa,,NGA,Nigeria,,AGELT1,<1 year,,FMLE,Female,,,,,,,,100000,100000.00000,,,,,
1751,LIFE_0000000030,nqx - probability of dying between ages x and x+n,https://www.who.int/data/gho/indicator-metadata-registry/imr-details/30,,,,PUBLISHED,Published,,2010.0,2010,,AFR,2010,2010,Africa,,NGA,Nigeria,,AGE5-9,5-9 years,,FMLE,Female,,,,,,,,0.021,0.02098,,,,,
1752,LIFE_0000000031,lx - number of people left alive at age x,https://www.who.int/data/gho/indicator-metadata-registry/imr-details/31,,,,PUBLISHED,Published,,2010.0,2010,,AFR,2010,2010,Africa,,NGA,Nigeria,,AGE5-9,5-9 years,,FMLE,Female,,,,,,,,87318.85,87318.85000,,,,,
1753,LIFE_0000000032,ndx - number of people dying between ages x and x+n,https://www.who.int/data/gho/indicator-metadata-registry/imr-details/32,,,,PUBLISHED,Published,,2010.0,2010,,AFR,2010,2010,Africa,,NGA,Nigeria,,AGE5-9,5-9 years,,FMLE,Female,,,,,,,,1831.977,1831.97700,,,,,
1754,LIFE_0000000033,nLx - person-years lived between ages x and x+n,https://www.who.int/data/gho/indicator-metadata-registry/imr-details/33,,,,PUBLISHED,Published,,2010.0,2010,,AFR,2010,2010,Africa,,NGA,Nigeria,,AGE5-9,5-9 years,,FMLE,Female,,,,,,,,432014.3,432014.30000,,,,,
1755,LIFE_0000000033,nLx - person-years lived between ages x and x+n,https://www.who.int/data/gho/indicator-metadata-registry/imr-details/33,,,,PUBLISHED,Published,,2010.0,2010,,AFR,2010,2010,Africa,,NGA,Nigeria,,AGE15-19,15-19  years,,FMLE,Female,,,,,,,,419021.5,419021.50000,,,,,
1756,LIFE_0000000034,Tx - person-years lived above age x,https://www.who.int/data/gho/indicator-metadata-registry/imr-details/34,,,,PUBLISHED,Published,,2010.0,2010,,AFR,2010,2010,Africa,,NGA,Nigeria,,AGE15-19,15-19  years,,FMLE,Female,,,,,,,,3953414,3953414.00000,,,,,
1757,LIFE_0000000035,ex - expectation of life at age x,https://www.who.int/data/gho/indicator-metadata-registry/imr-details/35,,,,PUBLISHED,Published,,2010.0,2010,,AFR,2010,2010,Africa,,NGA,Nigeria,,AGE15-19,15-19  years,,FMLE,Female,,,,,,,,46.7,46.70200,,,,,
1758,LIFE_0000000029,nMx - age-specific death rate between ages x and x+n,https://www.who.int/data/gho/indicator-metadata-registry/imr-details/29,,,,PUBLISHED,Published,,2010.0,2010,,AFR,2010,2010,Africa,,NGA,Nigeria,,AGE20-24,20-24 years,,FMLE,Female,,,,,,,,0.006,0.00562,,,,,
1759,LIFE_0000000029,nMx - age-specific death rate between ages x and x+n,https://www.who.int/data/gho/indicator-metadata-registry/imr-details/29,,,,PUBLISHED,Published,,2010.0,2010,,AFR,2010,2010,Africa,,NGA,Nigeria,,AGE30-34,30-34 years,,FMLE,Female,,,,,,,,0.009,0.00930,,,,,
1760,LIFE_0000000030,nqx - probability of dying between ages x and x+n,https://www.who.int/data/gho/indicator-metadata-registry/imr-details/30,,,,PUBLISHED,Published,,2010.0,2010,,AFR,2010,2010,Africa,,NGA,Nigeria,,AGE30-34,30-34 years,,FMLE,Female,,,,,,,,0.045,0.04544,,,,,
1761,LIFE_0000000031,lx - number of people left alive at age x,https://www.who.int/data/gho/indicator-metadata-registry/imr-details/31,,,,PUBLISHED,Published,,2010.0,2010,,AFR,2010,2010,Africa,,NGA,Nigeria,,AGE30-34,30-34 years,,FMLE,Female,,,,,,,,77556.99,77556.99000,,,,,
1762,LIFE_0000000032,ndx - number of people dying between ages x and x+n,https://www.who.int/data/gho/indicator-metadata-registry/imr-details/32,,,,PUBLISHED,Published,,2010.0,2010,,AFR,2010,2010,Africa,,NGA,Nigeria,,AGE30-34,30-34 years,,FMLE,Female,,,,,,,,3523.947,3523.94700,,,,,
1763,LIFE_0000000031,lx - number of people left alive at age x,https://www.who.int/data/gho/indicator-metadata-registry/imr-details/31,,,,PUBLISHED,Published,,2010.0,2010,,AFR,2010,2010,Africa,,NGA,Nigeria,,AGE40-44,40-44 years,,FMLE,Female,,,,,,,,70009.41,70009.41000,,,,,
1764,LIFE_0000000032,ndx - number of people dying between ages x and x+n,https://www.who.int/data/gho/indicator-metadata-registry/imr-details/32,,,,PUBLISHED,Published,,2010.0,2010,,AFR,2010,2010,Africa,,NGA,Nigeria,,AGE40-44,40-44 years,,FMLE,Female,,,,,,,,3642.244,3642.24400,,,,,
1765,LIFE_0000000033,nLx - person-years lived between ages x and x+n,https://www.who.int/data/gho/indicator-metadata-registry/imr-details/33,,,,PUBLISHED,Published,,2010.0,2010,,AFR,2010,2010,Africa,,NGA,Nigeria,,AGE40-44,40-44 years,,FMLE,Female,,,,,,,,340991.1,340991.10000,,,,,
1766,LIFE_0000000034,Tx - person-years lived above age x,https://www.who.int/data/gho/indicator-metadata-registry/imr-details/34,,,,PUBLISHED,Published,,2010.0,2010,,AFR,2010,2010,Africa,,NGA,Nigeria,,AGE40-44,40-44 years,,FMLE,Female,,,,,,,,1991163,1991163.00000,,,,,
1767,LIFE_0000000035,ex - expectation of life at age x,https://www.who.int/data/gho/indicator-metadata-registry/imr-details/35,,,,PUBLISHED,Published,,2010.0,2010,,AFR,2010,2010,Africa,,NGA,Nigeria,,AGE40-44,40-44 years,,FMLE,Female,,,,,,,,28.4,28.44136,,,,,
1768,LIFE_0000000034,Tx - person-years lived above age x,https://www.who.int/data/gho/indicator-metadata-registry/imr-details/34,,,,PUBLISHED,Published,,2010.0,2010,,AFR,2010,2010,Africa,,NGA,Nigeria,,AGE50-54,50-54 years,,FMLE,Female,,,,,,,,1326948,1326948.00000,,,,,
1769,LIFE_0000000035,ex - expectation of life at age x,https://www.who.int/data/gho/indicator-metadata-registry/imr-details/35,,,,PUBLISHED,Published,,2010.0,2010,,AFR,2010,2010,Africa,,NGA,Nigeria,,AGE50-54,50-54 years,,FMLE,Female,,,,,,,,21.1,21.11670,,,,,
1770,LIFE_0000000029,nMx - age-specific death rate between ages x and x+n,https://www.who.int/data/gho/indicator-metadata-registry/imr-details/29,,,,PUBLISHED,Published,,2010.0,2010,,AFR,2010,2010,Africa,,NGA,Nigeria,,AGE55-59,55-59 years,,FMLE,Female,,,,,,,,0.017,0.01732,,,,,
1771,LIFE_0000000030,nqx - probability of dying between ages x and x+n,https://www.who.int/data/gho/indicator-metadata-registry/imr-details/30,,,,PUBLISHED,Published,,2010.0,2010,,AFR,2010,2010,Africa,,NGA,Nigeria,,AGE55-59,55-59 years,,FMLE,Female,,,,,,,,0.083,0.08319,,,,,
1772,LIFE_0000000030,nqx - probability of dying between ages x and x+n,https://www.who.int/data/gho/indicator-metadata-registry/imr-details/30,,,,PUBLISHED,Published,,2010.0,2010,,AFR,2010,2010,Africa,,NGA,Nigeria,,AGE65-69,65-69 years,,FMLE,Female,,,,,,,,0.222,0.22210,,,,,
1773,LIFE_0000000031,lx - number of people left alive at age x,https://www.who.int/data/gho/indicator-metadata-registry/imr-details/31,,,,PUBLISHED,Published,,2010.0,2010,,AFR,2010,2010,Africa,,NGA,Nigeria,,AGE65-69,65-69 years,,FMLE,Female,,,,,,,,46024.84,46024.84000,,,,,
1774,LIFE_0000000032,ndx - number of people dying between ages x and x+n,https://www.who.int/data/gho/indicator-metadata-registry/imr-details/32,,,,PUBLISHED,Published,,2010.0,2010,,AFR,2010,2010,Africa,,NGA,Nigeria,,AGE65-69,65-69 years,,FMLE,Female,,,,,,,,10222.21,10222.21000,,,,,
1775,LIFE_0000000033,nLx - person-years lived between ages x and x+n,https://www.who.int/data/gho/indicator-metadata-registry/imr-details/33,,,,PUBLISHED,Published,,2010.0,2010,,AFR,2010,2010,Africa,,NGA,Nigeria,,AGE65-69,65-69 years,,FMLE,Female,,,,,,,,205578.7,205578.70000,,,,,
1776,LIFE_0000000033,nLx - person-years lived between ages x and x+n,https://www.who.int/data/gho/indicator-metadata-registry/imr-details/33,,,,PUBLISHED,Published,,2010.0,2010,,AFR,2010,2010,Africa,,NGA,Nigeria,,AGE75-79,75-79 years,,FMLE,Female,,,,,,,,87196.38,87196.38000,,,,,
1777,LIFE_0000000034,Tx - person-years lived above age x,https://www.who.int/data/gho/indicator-metadata-registry/imr-details/34,,,,PUBLISHED,Published,,2010.0,2010,,AFR,2010,2010,Africa,,NGA,Nigeria,,AGE75-79,75-79 years,,FMLE,Female,,,,,,,,135213.8,135213.80000,,,,,
1778,LIFE_0000000035,ex - expectation of life at age x,https://www.who.int/data/gho/indicator-metadata-registry/imr-details/35,,,,PUBLISHED,Published,,2010.0,2010,,AFR,2010,2010,Africa,,NGA,Nigeria,,AGE75-79,75-79 years,,FMLE,Female,,,,,,,,5.8,5.75370,,,,,
1779,LIFE_0000000029,nMx - age-specific death rate between ages x and x+n,https://www.who.int/data/gho/indicator-metadata-registry/imr-details/29,,,,PUBLISHED,Published,,2010.0,2010,,AFR,2010,2010,Africa,,NGA,Nigeria,,AGE80-84,80-84 years,,FMLE,Female,,,,,,,,0.216,0.21603,,,,,
1780,LIFE_0000000035,ex - expectation of life at age x,https://www.who.int/data/gho/indicator-metadata-registry/imr-details/35,,,,PUBLISHED,Published,,2010.0,2010,,AFR,2010,2010,Africa,,NGA,Nigeria,,AGE85PLUS,85+ years,,FMLE,Female,,,,,,,,2.9,2.94731,,,,,
1781,LIFE_0000000029,nMx - age-specific death rate between ages x and x+n,https://www.who.int/data/gho/indicator-metadata-registry/imr-details/29,,,,PUBLISHED,Published,,2011.0,2011,,AFR,2011,2011,Africa,,NGA,Nigeria,,AGELT1,<1 year,,MLE,Male,,,,,,,,0.09,0.09001,,,,,
1782,LIFE_0000000030,nqx - probability of dying between ages x and x+n,https://www.who.int/data/gho/indicator-metadata-registry/imr-details/30,,,,PUBLISHED,Published,,2011.0,2011,,AFR,2011,2011,Africa,,NGA,Nigeria,,AGELT1,<1 year,,MLE,Male,,,,,,,,0.085,0.08458,,,,,
1783,LIFE_0000000031,lx - number of people left alive at age x,https://www.who.int/data/gho/indicator-metadata-registry/imr-details/31,,,,PUBLISHED,Published,,2011.0,2011,,AFR,2011,2011,Africa,,NGA,Nigeria,,AGELT1,<1 year,,MLE,Male,,,,,,,,100000,100000.00000,,,,,
1784,LIFE_0000000031,lx - number of people left alive at age x,https://www.who.int/data/gho/indicator-metadata-registry/imr-details/31,,,,PUBLISHED,Published,,2011.0,2011,,AFR,2011,2011,Africa,,NGA,Nigeria,,AGE5-9,5-9 years,,MLE,Male,,,,,,,,87052.74,87052.74000,,,,,
1785,LIFE_0000000032,ndx - number of people dying between ages x and x+n,https://www.who.int/data/gho/indicator-metadata-registry/imr-details/32,,,,PUBLISHED,Published,,2011.0,2011,,AFR,2011,2011,Africa,,NGA,Nigeria,,AGE5-9,5-9 years,,MLE,Male,,,,,,,,1350.606,1350.60600,,,,,
1786,LIFE_0000000033,nLx - person-years lived between ages x and x+n,https://www.who.int/data/gho/indicator-metadata-registry/imr-details/33,,,,PUBLISHED,Published,,2011.0,2011,,AFR,2011,2011,Africa,,NGA,Nigeria,,AGE5-9,5-9 years,,MLE,Male,,,,,,,,431887.2,431887.20000,,,,,
1787,LIFE_0000000034,Tx - person-years lived above age x,https://www.who.int/data/gho/indicator-metadata-registry/imr-details/34,,,,PUBLISHED,Published,,2011.0,2011,,AFR,2011,2011,Africa,,NGA,Nigeria,,AGE5-9,5-9 years,,MLE,Male,,,,,,,,4803101,4803101.00000,,,,,
1788,LIFE_0000000034,Tx - person-years lived above age x,https://www.who.int/data/gho/indicator-metadata-registry/imr-details/34,,,,PUBLISHED,Published,,2011.0,2011,,AFR,2011,2011,Africa,,NGA,Nigeria,,AGE15-19,15-19  years,,MLE,Male,,,,,,,,3944315,3944315.00000,,,,,
1789,LIFE_0000000035,ex - expectation of life at age x,https://www.who.int/data/gho/indicator-metadata-registry/imr-details/35,,,,PUBLISHED,Published,,2011.0,2011,,AFR,2011,2011,Africa,,NGA,Nigeria,,AGE15-19,15-19  years,,MLE,Male,,,,,,,,46.4,46.37245,,,,,
1790,LIFE_0000000029,nMx - age-specific death rate between ages x and x+n,https://www.who.int/data/gho/indicator-metadata-registry/imr-details/29,,,,PUBLISHED,Published,,2011.0,2011,,AFR,2011,2011,Africa,,NGA,Nigeria,,AGE20-24,20-24 years,,MLE,Male,,,,,,,,0.005,0.00507,,,,,
1791,LIFE_0000000030,nqx - probability of dying between ages x and x+n,https://www.who.int/data/gho/indicator-metadata-registry/imr-details/30,,,,PUBLISHED,Published,,2011.0,2011,,AFR,2011,2011,Africa,,NGA,Nigeria,,AGE20-24,20-24 years,,MLE,Male,,,,,,,,0.025,0.02506,,,,,
1792,LIFE_0000000029,nMx - age-specific death rate between ages x and x+n,https://www.who.int/data/gho/indicator-metadata-registry/imr-details/29,,,,PUBLISHED,Published,,2011.0,2011,,AFR,2011,2011,Africa,,NGA,Nigeria,,AGE30-34,30-34 years,,MLE,Male,,,,,,,,0.008,0.00799,,,,,
1793,LIFE_0000000030,nqx - probability of dying between ages x and x+n,https://www.who.int/data/gho/indicator-metadata-registry/imr-details/30,,,,PUBLISHED,Published,,2011.0,2011,,AFR,2011,2011,Africa,,NGA,Nigeria,,AGE30-34,30-34 years,,MLE,Male,,,,,,,,0.039,0.03916,,,,,
1794,LIFE_0000000031,lx - number of people left alive at age x,https://www.who.int/data/gho/indicator-metadata-registry/imr-details/31,,,,PUBLISHED,Published,,2011.0,2011,,AFR,2011,2011,Africa,,NGA,Nigeria,,AGE30-34,30-34 years,,MLE,Male,,,,,,,,79083.46,79083.46000,,,,,
1795,LIFE_0000000032,ndx - number of people dying between ages x and x+n,https://www.who.int/data/gho/indicator-metadata-registry/imr-details/32,,,,PUBLISHED,Published,,2011.0,2011,,AFR,2011,2011,Africa,,NGA,Nigeria,,AGE30-34,30-34 years,,MLE,Male,,,,,,,,3096.619,3096.61900,,,,,
1796,LIFE_0000000033,nLx - person-years lived between ages x and x+n,https://www.who.int/data/gho/indicator-metadata-registry/imr-details/33,,,,PUBLISHED,Published,,2011.0,2011,,AFR,2011,2011,Africa,,NGA,Nigeria,,AGE30-34,30-34 years,,MLE,Male,,,,,,,,387735.9,387735.90000,,,,,
1797,LIFE_0000000032,ndx - number of people dying between ages x and x+n,https://www.who.int/data/gho/indicator-metadata-registry/imr-details/32,,,,PUBLISHED,Published,,2011.0,2011,,AFR,2011,2011,Africa,,NGA,Nigeria,,AGE40-44,40-44 years,,MLE,Male,,,,,,,,4236.997,4236.99700,,,,,
1798,LIFE_0000000033,nLx - person-years lived between ages x and x+n,https://www.who.int/data/gho/indicator-metadata-registry/imr-details/33,,,,PUBLISHED,Published,,2011.0,2011,,AFR,2011,2011,Africa,,NGA,Nigeria,,AGE40-44,40-44 years,,MLE,Male,,,,,,,,350193.4,350193.40000,,,,,
1799,LIFE_0000000034,Tx - person-years lived above age x,https://www.who.int/data/gho/indicator-metadata-registry/imr-details/34,,,,PUBLISHED,Published,,2011.0,2011,,AFR,2011,2011,Africa,,NGA,Nigeria,,AGE40-44,40-44 years,,MLE,Male,,,,,,,,1949548,1949548.00000,,,,,
1800,MORT_100,Number of deaths,https://www.who.int/data/gho/indicator-metadata-registry/imr-details/3365,CH6,MeaslesMeasles,,PUBLISHED,Published,,2001.0,2001,,AFR,2001,2001,Africa,,NGA,Nigeria,,MONTHS1-59,1-59 months,,BTSX,Both sexes,,,,,,,,125379,125379.00000,,,,,
1801,MORT_100,Number of deaths,https://www.who.int/data/gho/indicator-metadata-registry/imr-details/3365,CH17,InjuriesInjuries,,PUBLISHED,Published,,2000.0,2000,,AFR,2000,2000,Africa,,NGA,Nigeria,,YEARS0-4,0-4 years,,BTSX,Both sexes,,,,,,,,28228,28227.76000,,,,,
1802,MORT_100,Number of deaths,https://www.who.int/data/gho/indicator-metadata-registry/imr-details/3365,CH6,MeaslesMeasles,,PUBLISHED,Published,,2005.0,2005,,AFR,2005,2005,Africa,,NGA,Nigeria,,DAYS0-27,0-27 days,,BTSX,Both sexes,,,,,,,,0,0.00000,,,,,
1803,MORT_100,Number of deaths,https://www.who.int/data/gho/indicator-metadata-registry/imr-details/3365,CH15,Congenital anomaliesCongenital anomalies,,PUBLISHED,Published,,2001.0,2001,,AFR,2001,2001,Africa,,NGA,Nigeria,,DAYS0-27,0-27 days,,BTSX,Both sexes,,,,,,,,11729,11729.03000,,,,,
1804,MORT_100,Number of deaths,https://www.who.int/data/gho/indicator-metadata-registry/imr-details/3365,CH3,Diarrhoeal diseasesDiarrhoeal diseases,,PUBLISHED,Published,,2002.0,2002,,AFR,2002,2002,Africa,,NGA,Nigeria,,YEARS0-4,0-4 years,,BTSX,Both sexes,,,,,,,,107088,107088.40000,,,,,
1805,MORT_100,Number of deaths,https://www.who.int/data/gho/indicator-metadata-registry/imr-details/3365,CH12,Sepsis and other infectious conditions of the newbornSepsis and other infectious conditions of the newborn,,PUBLISHED,Published,,2009.0,2009,,AFR,2009,2009,Africa,,NGA,Nigeria,,MONTHS1-59,1-59 months,,BTSX,Both sexes,,,,,,,,0,0.00000,,,,,
1806,MORT_100,Number of deaths,https://www.who.int/data/gho/indicator-metadata-registry/imr-details/3365,CH12,Sepsis and other infectious conditions of the newbornSepsis and other infectious conditions of the newborn,,PUBLISHED,Published,,2003.0,2003,,AFR,2003,2003,Africa,,NGA,Nigeria,,MONTHS1-59,1-59 months,,BTSX,Both sexes,,,,,,,,0,0.00000,,,,,
1807,MORT_100,Number of deaths,https://www.who.int/data/gho/indicator-metadata-registry/imr-details/3365,CH9,Acute lower respiratory infectionsAcute lower respiratory infections,,PUBLISHED,Published,,2010.0,2010,,AFR,2010,2010,Africa,,NGA,Nigeria,,YEARS0-4,0-4 years,,BTSX,Both sexes,,,,,,,,129541,129540.70000,,,,,
1808,WHOSIS_000014,Stillbirth rate (per 1000 total births),https://www.who.int/data/gho/indicator-metadata-registry/imr-details/2444,,,,PUBLISHED,Published,,2015.0,2015,,AFR,2015,2015,Africa,,NGA,Nigeria,,,,,,,,,,,,,,42.9,42.90000,,,,,
1809,WHOSIS_000015,Life expectancy at age 60 (years),https://www.who.int/data/gho/indicator-metadata-registry/imr-details/2977,,,,PUBLISHED,Published,,2004.0,2004,,AFR,2004,2004,Africa,,NGA,Nigeria,,,,,MLE,Male,,,,,,,,12.8,12.77778,,,,,WHO life table method: Other HIV countries
1810,WHOSIS_000015,Life expectancy at age 60 (years),https://www.who.int/data/gho/indicator-metadata-registry/imr-details/2977,,,,PUBLISHED,Published,,2006.0,2006,,AFR,2006,2006,Africa,,NGA,Nigeria,,,,,MLE,Male,,,,,,,,13.0,13.02247,,,,,WHO life table method: Other HIV countries
1811,WHOSIS_000015,Life expectancy at age 60 (years),https://www.who.int/data/gho/indicator-metadata-registry/imr-details/2977,,,,PUBLISHED,Published,,2013.0,2013,,AFR,2013,2013,Africa,,NGA,Nigeria,,,,,MLE,Male,,,,,,,,13.5,13.46948,,,,,WHO life table method: Other HIV countries
1812,WHOSIS_000015,Life expectancy at age 60 (years),https://www.who.int/data/gho/indicator-metadata-registry/imr-details/2977,,,,PUBLISHED,Published,,2015.0,2015,,AFR,2015,2015,Africa,,NGA,Nigeria,,,,,MLE,Male,,,,,,,,13.6,13.60851,,,,,WHO life table method: Other HIV countries
1813,WHOSIS_000015,Life expectancy at age 60 (years),https://www.who.int/data/gho/indicator-metadata-registry/imr-details/2977,,,,PUBLISHED,Published,,2002.0,2002,,AFR,2002,2002,Africa,,NGA,Nigeria,,,,,FMLE,Female,,,,,,,,13.1,13.11694,,,,,WHO life table method: Other HIV countries
1814,WHOSIS_000015,Life expectancy at age 60 (years),https://www.who.int/data/gho/indicator-metadata-registry/imr-details/2977,,,,PUBLISHED,Published,,2004.0,2004,,AFR,2004,2004,Africa,,NGA,Nigeria,,,,,FMLE,Female,,,,,,,,13.2,13.18352,,,,,WHO life table method: Other HIV countries
1815,WHOSIS_000015,Life expectancy at age 60 (years),https://www.who.int/data/gho/indicator-metadata-registry/imr-details/2977,,,,PUBLISHED,Published,,2011.0,2011,,AFR,2011,2011,Africa,,NGA,Nigeria,,,,,FMLE,Female,,,,,,,,13.8,13.79462,,,,,WHO life table method: Other HIV countries
1816,WHOSIS_000015,Life expectancy at age 60 (years),https://www.who.int/data/gho/indicator-metadata-registry/imr-details/2977,,,,PUBLISHED,Published,,2013.0,2013,,AFR,2013,2013,Africa,,NGA,Nigeria,,,,,FMLE,Female,,,,,,,,13.9,13.93759,,,,,WHO life table method: Other HIV countries
1817,WHOSIS_000015,Life expectancy at age 60 (years),https://www.who.int/data/gho/indicator-metadata-registry/imr-details/2977,,,,PUBLISHED,Published,,2002.0,2002,,AFR,2002,2002,Africa,,NGA,Nigeria,,,,,BTSX,Both sexes,,,,,,,,12.9,12.92627,,,,,WHO life table method: Other HIV countries
1818,WHOSIS_000015,Life expectancy at age 60 (years),https://www.who.int/data/gho/indicator-metadata-registry/imr-details/2977,,,,PUBLISHED,Published,,2004.0,2004,,AFR,2004,2004,Africa,,NGA,Nigeria,,,,,BTSX,Both sexes,,,,,,,,13.0,12.98707,,,,,WHO life table method: Other HIV countries
1819,WHOSIS_000015,Life expectancy at age 60 (years),https://www.who.int/data/gho/indicator-metadata-registry/imr-details/2977,,,,PUBLISHED,Published,,2009.0,2009,,AFR,2009,2009,Africa,,NGA,Nigeria,,,,,BTSX,Both sexes,,,,,,,,13.5,13.48078,,,,,WHO life table method: Other HIV countries
1820,WHOSIS_000015,Life expectancy at age 60 (years),https://www.who.int/data/gho/indicator-metadata-registry/imr-details/2977,,,,PUBLISHED,Published,,2011.0,2011,,AFR,2011,2011,Africa,,NGA,Nigeria,,,,,BTSX,Both sexes,,,,,,,,13.6,13.58382,,,,,WHO life table method: Other HIV countries
1821,LIFE_0000000035,ex - expectation of life at age x,https://www.who.int/data/gho/indicator-metadata-registry/imr-details/35,,,,PUBLISHED,Published,,2000.0,2000,,AFR,2000,2000,Africa,,NGA,Nigeria,,AGELT1,<1 year,,MLE,Male,,,,,,,,46.9,46.90525,,,,,
1822,LIFE_0000000030,nqx - probability of dying between ages x and x+n,https://www.who.int/data/gho/indicator-metadata-registry/imr-details/30,,,,PUBLISHED,Published,,2000.0,2000,,AFR,2000,2000,Africa,,NGA,Nigeria,,AGE1-4,1-4 years,,MLE,Male,,,,,,,,0.083,0.08303,,,,,
1823,LIFE_0000000035,ex - expectation of life at age x,https://www.who.int/data/gho/indicator-metadata-registry/imr-details/35,,,,PUBLISHED,Published,,2000.0,2000,,AFR,2000,2000,Africa,,NGA,Nigeria,,AGE1-4,1-4 years,,MLE,Male,,,,,,,,52.3,52.33001,,,,,
1824,LIFE_0000000030,nqx - probability of dying between ages x and x+n,https://www.who.int/data/gho/indicator-metadata-registry/imr-details/30,,,,PUBLISHED,Published,,2000.0,2000,,AFR,2000,2000,Africa,,NGA,Nigeria,,AGE5-9,5-9 years,,MLE,Male,,,,,,,,0.023,0.02338,,,,,
1825,LIFE_0000000030,nqx - probability of dying between ages x and x+n,https://www.who.int/data/gho/indicator-metadata-registry/imr-details/30,,,,PUBLISHED,Published,,2000.0,2000,,AFR,2000,2000,Africa,,NGA,Nigeria,,AGE10-14,10-14 years,,MLE,Male,,,,,,,,0.009,0.00887,,,,,
1826,LIFE_0000000032,ndx - number of people dying between ages x and x+n,https://www.who.int/data/gho/indicator-metadata-registry/imr-details/32,,,,PUBLISHED,Published,,2000.0,2000,,AFR,2000,2000,Africa,,NGA,Nigeria,,AGE10-14,10-14 years,,MLE,Male,,,,,,,,698.128,698.12790,,,,,
1827,LIFE_0000000032,ndx - number of people dying between ages x and x+n,https://www.who.int/data/gho/indicator-metadata-registry/imr-details/32,,,,PUBLISHED,Published,,2000.0,2000,,AFR,2000,2000,Africa,,NGA,Nigeria,,AGE15-19,15-19  years,,MLE,Male,,,,,,,,1633.617,1633.61700,,,,,
1828,LIFE_0000000034,Tx - person-years lived above age x,https://www.who.int/data/gho/indicator-metadata-registry/imr-details/34,,,,PUBLISHED,Published,,2000.0,2000,,AFR,2000,2000,Africa,,NGA,Nigeria,,AGE15-19,15-19  years,,MLE,Male,,,,,,,,3476522,3476522.00000,,,,,
1829,LIFE_0000000032,ndx - number of people dying between ages x and x+n,https://www.who.int/data/gho/indicator-metadata-registry/imr-details/32,,,,PUBLISHED,Published,,2000.0,2000,,AFR,2000,2000,Africa,,NGA,Nigeria,,AGE20-24,20-24 years,,MLE,Male,,,,,,,,2574.307,2574.30700,,,,,
1830,LIFE_0000000034,Tx - person-years lived above age x,https://www.who.int/data/gho/indicator-metadata-registry/imr-details/34,,,,PUBLISHED,Published,,2000.0,2000,,AFR,2000,2000,Africa,,NGA,Nigeria,,AGE20-24,20-24 years,,MLE,Male,,,,,,,,3090457,3090457.00000,,,,,
1831,LIFE_0000000034,Tx - person-years lived above age x,https://www.who.int/data/gho/indicator-metadata-registry/imr-details/34,,,,PUBLISHED,Published,,2000.0,2000,,AFR,2000,2000,Africa,,NGA,Nigeria,,AGE25-29,25-29 years,,MLE,Male,,,,,,,,2715002,2715002.00000,,,,,
1832,LIFE_0000000029,nMx - age-specific death rate between ages x and x+n,https://www.who.int/data/gho/indicator-metadata-registry/imr-details/29,,,,PUBLISHED,Published,,2000.0,2000,,AFR,2000,2000,Africa,,NGA,Nigeria,,AGE30-34,30-34 years,,MLE,Male,,,,,,,,0.009,0.00928,,,,,
1833,LIFE_0000000029,nMx - age-specific death rate between ages x and x+n,https://www.who.int/data/gho/indicator-metadata-registry/imr-details/29,,,,PUBLISHED,Published,,2000.0,2000,,AFR,2000,2000,Africa,,NGA,Nigeria,,AGE35-39,35-39 years,,MLE,Male,,,,,,,,0.011,0.01116,,,,,
1834,LIFE_0000000031,lx - number of people left alive at age x,https://www.who.int/data/gho/indicator-metadata-registry/imr-details/31,,,,PUBLISHED,Published,,2000.0,2000,,AFR,2000,2000,Africa,,NGA,Nigeria,,AGE35-39,35-39 years,,MLE,Male,,,,,,,,67655.38,67655.38000,,,,,
1835,LIFE_0000000029,nMx - age-specific death rate between ages x and x+n,https://www.who.int/data/gho/indicator-metadata-registry/imr-details/29,,,,PUBLISHED,Published,,2000.0,2000,,AFR,2000,2000,Africa,,NGA,Nigeria,,AGE40-44,40-44 years,,MLE,Male,,,,,,,,0.013,0.01289,,,,,
1836,LIFE_0000000031,lx - number of people left alive at age x,https://www.who.int/data/gho/indicator-metadata-registry/imr-details/31,,,,PUBLISHED,Published,,2000.0,2000,,AFR,2000,2000,Africa,,NGA,Nigeria,,AGE40-44,40-44 years,,MLE,Male,,,,,,,,63981.89,63981.89000,,,,,
1837,LIFE_0000000031,lx - number of people left alive at age x,https://www.who.int/data/gho/indicator-metadata-registry/imr-details/31,,,,PUBLISHED,Published,,2000.0,2000,,AFR,2000,2000,Africa,,NGA,Nigeria,,AGE45-49,45-49 years,,MLE,Male,,,,,,,,59985.14,59985.14000,,,,,
1838,LIFE_0000000033,nLx - person-years lived between ages x and x+n,https://www.who.int/data/gho/indicator-metadata-registry/imr-details/33,,,,PUBLISHED,Published,,2000.0,2000,,AFR,2000,2000,Africa,,NGA,Nigeria,,AGE45-49,45-49 years,,MLE,Male,,,,,,,,289410.1,289410.10000,,,,,
1839,LIFE_0000000033,nLx - person-years lived between ages x and x+n,https://www.who.int/data/gho/indicator-metadata-registry/imr-details/33,,,,PUBLISHED,Published,,2000.0,2000,,AFR,2000,2000,Africa,,NGA,Nigeria,,AGE50-54,50-54 years,,MLE,Male,,,,,,,,266118.8,266118.80000,,,,,
1840,LIFE_0000000035,ex - expectation of life at age x,https://www.who.int/data/gho/indicator-metadata-registry/imr-details/35,,,,PUBLISHED,Published,,2000.0,2000,,AFR,2000,2000,Africa,,NGA,Nigeria,,AGE50-54,50-54 years,,MLE,Male,,,,,,,,19.4,19.37147,,,,,
1841,LIFE_0000000033,nLx - person-years lived between ages x and x+n,https://www.who.int/data/gho/indicator-metadata-registry/imr-details/33,,,,PUBLISHED,Published,,2000.0,2000,,AFR,2000,2000,Africa,,NGA,Nigeria,,AGE55-59,55-59 years,,MLE,Male,,,,,,,,238915.8,238915.80000,,,,,
1842,LIFE_0000000035,ex - expectation of life at age x,https://www.who.int/data/gho/indicator-metadata-registry/imr-details/35,,,,PUBLISHED,Published,,2000.0,2000,,AFR,2000,2000,Africa,,NGA,Nigeria,,AGE55-59,55-59 years,,MLE,Male,,,,,,,,16,16.04209,,,,,
1843,LIFE_0000000030,nqx - probability of dying between ages x and x+n,https://www.who.int/data/gho/indicator-metadata-registry/imr-details/30,,,,PUBLISHED,Published,,2000.0,2000,,AFR,2000,2000,Africa,,NGA,Nigeria,,AGE60-64,60-64 years,,MLE,Male,,,,,,,,0.176,0.17581,,,,,
1844,LIFE_0000000035,ex - expectation of life at age x,https://www.who.int/data/gho/indicator-metadata-registry/imr-details/35,,,,PUBLISHED,Published,,2000.0,2000,,AFR,2000,2000,Africa,,NGA,Nigeria,,AGE60-64,60-64 years,,MLE,Male,,,,,,,,12.8,12.81541,,,,,
1845,LIFE_0000000030,nqx - probability of dying between ages x and x+n,https://www.who.int/data/gho/indicator-metadata-registry/imr-details/30,,,,PUBLISHED,Published,,2000.0,2000,,AFR,2000,2000,Africa,,NGA,Nigeria,,AGE65-69,65-69 years,,MLE,Male,,,,,,,,0.252,0.25168,,,,,
1846,LIFE_0000000030,nqx - probability of dying between ages x and x+n,https://www.who.int/data/gho/indicator-metadata-registry/imr-details/30,,,,PUBLISHED,Published,,2000.0,2000,,AFR,2000,2000,Africa,,NGA,Nigeria,,AGE70-74,70-74 years,,MLE,Male,,,,,,,,0.372,0.37190,,,,,
1847,LIFE_0000000032,ndx - number of people dying between ages x and x+n,https://www.who.int/data/gho/indicator-metadata-registry/imr-details/32,,,,PUBLISHED,Published,,2000.0,2000,,AFR,2000,2000,Africa,,NGA,Nigeria,,AGE70-74,70-74 years,,MLE,Male,,,,,,,,10257.67,10257.67000,,,,,
1848,LIFE_0000000030,nqx - probability of dying between ages x and x+n,https://www.who.int/data/gho/indicator-metadata-registry/imr-details/30,,,,PUBLISHED,Published,,2000.0,2000,,AFR,2000,2000,Africa,,NGA,Nigeria,,AGE75-79,75-79 years,,MLE,Male,,,,,,,,0.528,0.52838,,,,,
1849,LIFE_0000000032,ndx - number of people dying between ages x and x+n,https://www.who.int/data/gho/indicator-metadata-registry/imr-details/32,,,,PUBLISHED,Published,,2000.0,2000,,AFR,2000,2000,Africa,,NGA,Nigeria,,AGE75-79,75-79 years,,MLE,Male,,,,,,,,9153.876,9153.87600,,,,,
1850,LIFE_0000000034,Tx - person-years lived above age x,https://www.who.int/data/gho/indicator-metadata-registry/imr-details/34,,,,PUBLISHED,Published,,2000.0,2000,,AFR,2000,2000,Africa,,NGA,Nigeria,,AGE75-79,75-79 years,,MLE,Male,,,,,,,,94501.75,94501.75000,,,,,
1851,LIFE_0000000032,ndx - number of people dying between ages x and x+n,https://www.who.int/data/gho/indicator-metadata-registry/imr-details/32,,,,PUBLISHED,Published,,2000.0,2000,,AFR,2000,2000,Africa,,NGA,Nigeria,,AGE80-84,80-84 years,,MLE,Male,,,,,,,,5695.082,5695.08200,,,,,
1852,LIFE_0000000034,Tx - person-years lived above age x,https://www.who.int/data/gho/indicator-metadata-registry/imr-details/34,,,,PUBLISHED,Published,,2000.0,2000,,AFR,2000,2000,Africa,,NGA,Nigeria,,AGE80-84,80-84 years,,MLE,Male,,,,,,,,31794.18,31794.18000,,,,,
1853,LIFE_0000000034,Tx - person-years lived above age x,https://www.who.int/data/gho/indicator-metadata-registry/imr-details/34,,,,PUBLISHED,Published,,2000.0,2000,,AFR,2000,2000,Africa,,NGA,Nigeria,,AGE85PLUS,85+ years,,MLE,Male,,,,,,,,6874.017,6874.01700,,,,,
1854,LIFE_0000000029,nMx - age-specific death rate between ages x and x+n,https://www.who.int/data/gho/indicator-metadata-registry/imr-details/29,,,,PUBLISHED,Published,,2000.0,2000,,AFR,2000,2000,Africa,,NGA,Nigeria,,AGELT1,<1 year,,FMLE,Female,,,,,,,,0.116,0.11554,,,,,
1855,LIFE_0000000034,Tx - person-years lived above age x,https://www.who.int/data/gho/indicator-metadata-registry/imr-details/34,,,,PUBLISHED,Published,,2000.0,2000,,AFR,2000,2000,Africa,,NGA,Nigeria,,AGELT1,<1 year,,FMLE,Female,,,,,,,,4779913,4779913.00000,,,,,
1856,LIFE_0000000029,nMx - age-specific death rate between ages x and x+n,https://www.who.int/data/gho/indicator-metadata-registry/imr-details/29,,,,PUBLISHED,Published,,2000.0,2000,,AFR,2000,2000,Africa,,NGA,Nigeria,,AGE1-4,1-4 years,,FMLE,Female,,,,,,,,0.023,0.02268,,,,,
1857,LIFE_0000000031,lx - number of people left alive at age x,https://www.who.int/data/gho/indicator-metadata-registry/imr-details/31,,,,PUBLISHED,Published,,2000.0,2000,,AFR,2000,2000,Africa,,NGA,Nigeria,,AGE1-4,1-4 years,,FMLE,Female,,,,,,,,89255.09,89255.09000,,,,,
1858,LIFE_0000000029,nMx - age-specific death rate between ages x and x+n,https://www.who.int/data/gho/indicator-metadata-registry/imr-details/29,,,,PUBLISHED,Published,,2000.0,2000,,AFR,2000,2000,Africa,,NGA,Nigeria,,AGE5-9,5-9 years,,FMLE,Female,,,,,,,,0.006,0.00577,,,,,
1859,LIFE_0000000031,lx - number of people left alive at age x,https://www.who.int/data/gho/indicator-metadata-registry/imr-details/31,,,,PUBLISHED,Published,,2000.0,2000,,AFR,2000,2000,Africa,,NGA,Nigeria,,AGE5-9,5-9 years,,FMLE,Female,,,,,,,,81614.12,81614.12000,,,,,
1860,LIFE_0000000031,lx - number of people left alive at age x,https://www.who.int/data/gho/indicator-metadata-registry/imr-details/31,,,,PUBLISHED,Published,,2000.0,2000,,AFR,2000,2000,Africa,,NGA,Nigeria,,AGE10-14,10-14 years,,FMLE,Female,,,,,,,,79293.52,79293.52000,,,,,
1861,LIFE_0000000033,nLx - person-years lived between ages x and x+n,https://www.who.int/data/gho/indicator-metadata-registry/imr-details/33,,,,PUBLISHED,Published,,2000.0,2000,,AFR,2000,2000,Africa,,NGA,Nigeria,,AGE10-14,10-14 years,,FMLE,Female,,,,,,,,394210.5,394210.50000,,,,,
1862,LIFE_0000000033,nLx - person-years lived between ages x and x+n,https://www.who.int/data/gho/indicator-metadata-registry/imr-details/33,,,,PUBLISHED,Published,,2000.0,2000,,AFR,2000,2000,Africa,,NGA,Nigeria,,AGE15-19,15-19  years,,FMLE,Female,,,,,,,,387163.2,387163.20000,,,,,
1863,LIFE_0000000035,ex - expectation of life at age x,https://www.who.int/data/gho/indicator-metadata-registry/imr-details/35,,,,PUBLISHED,Published,,2000.0,2000,,AFR,2000,2000,Africa,,NGA,Nigeria,,AGE15-19,15-19  years,,FMLE,Female,,,,,,,,45.3,45.33156,,,,,
1864,LIFE_0000000033,nLx - person-years lived between ages x and x+n,https://www.who.int/data/gho/indicator-metadata-registry/imr-details/33,,,,PUBLISHED,Published,,2000.0,2000,,AFR,2000,2000,Africa,,NGA,Nigeria,,AGE20-24,20-24 years,,FMLE,Female,,,,,,,,375336.8,375336.80000,,,,,
1865,LIFE_0000000035,ex - expectation of life at age x,https://www.who.int/data/gho/indicator-metadata-registry/imr-details/35,,,,PUBLISHED,Published,,2000.0,2000,,AFR,2000,2000,Africa,,NGA,Nigeria,,AGE20-24,20-24 years,,FMLE,Female,,,,,,,,41.5,41.45480,,,,,
1866,LIFE_0000000035,ex - expectation of life at age x,https://www.who.int/data/gho/indicator-metadata-registry/imr-details/35,,,,PUBLISHED,Published,,2000.0,2000,,AFR,2000,2000,Africa,,NGA,Nigeria,,AGE25-29,25-29 years,,FMLE,Female,,,,,,,,37.9,37.87124,,,,,
1867,LIFE_0000000030,nqx - probability of dying between ages x and x+n,https://www.who.int/data/gho/indicator-metadata-registry/imr-details/30,,,,PUBLISHED,Published,,2000.0,2000,,AFR,2000,2000,Africa,,NGA,Nigeria,,AGE30-34,30-34 years,,FMLE,Female,,,,,,,,0.048,0.04843,,,,,
1868,LIFE_0000000030,nqx - probability of dying between ages x and x+n,https://www.who.int/data/gho/indicator-metadata-registry/imr-details/30,,,,PUBLISHED,Published,,2000.0,2000,,AFR,2000,2000,Africa,,NGA,Nigeria,,AGE35-39,35-39 years,,FMLE,Female,,,,,,,,0.052,0.05195,,,,,
1869,LIFE_0000000032,ndx - number of people dying between ages x and x+n,https://www.who.int/data/gho/indicator-metadata-registry/imr-details/32,,,,PUBLISHED,Published,,2000.0,2000,,AFR,2000,2000,Africa,,NGA,Nigeria,,AGE35-39,35-39 years,,FMLE,Female,,,,,,,,3473.596,3473.59600,,,,,
1870,LIFE_0000000030,nqx - probability of dying between ages x and x+n,https://www.who.int/data/gho/indicator-metadata-registry/imr-details/30,,,,PUBLISHED,Published,,2000.0,2000,,AFR,2000,2000,Africa,,NGA,Nigeria,,AGE40-44,40-44 years,,FMLE,Female,,,,,,,,0.052,0.05244,,,,,
1871,LIFE_0000000032,ndx - number of people dying between ages x and x+n,https://www.who.int/data/gho/indicator-metadata-registry/imr-details/32,,,,PUBLISHED,Published,,2000.0,2000,,AFR,2000,2000,Africa,,NGA,Nigeria,,AGE40-44,40-44 years,,FMLE,Female,,,,,,,,3324.256,3324.25600,,,,,
1872,LIFE_0000000032,ndx - number of people dying between ages x and x+n,https://www.who.int/data/gho/indicator-metadata-registry/imr-details/32,,,,PUBLISHED,Published,,2000.0,2000,,AFR,2000,2000,Africa,,NGA,Nigeria,,AGE45-49,45-49 years,,FMLE,Female,,,,,,,,3327.81,3327.81000,,,,,
1873,LIFE_0000000034,Tx - person-years lived above age x,https://www.who.int/data/gho/indicator-metadata-registry/imr-details/34,,,,PUBLISHED,Published,,2000.0,2000,,AFR,2000,2000,Africa,,NGA,Nigeria,,AGE45-49,45-49 years,,FMLE,Female,,,,,,,,1453908,1453908.00000,,,,,
1874,LIFE_0000000034,Tx - person-years lived above age x,https://www.who.int/data/gho/indicator-metadata-registry/imr-details/34,,,,PUBLISHED,Published,,2000.0,2000,,AFR,2000,2000,Africa,,NGA,Nigeria,,AGE50-54,50-54 years,,FMLE,Female,,,,,,,,1161700,1161700.00000,,,,,
1875,LIFE_0000000029,nMx - age-specific death rate between ages x and x+n,https://www.who.int/data/gho/indicator-metadata-registry/imr-details/29,,,,PUBLISHED,Published,,2000.0,2000,,AFR,2000,2000,Africa,,NGA,Nigeria,,AGE55-59,55-59 years,,FMLE,Female,,,,,,,,0.019,0.01916,,,,,
1876,LIFE_0000000034,Tx - person-years lived above age x,https://www.who.int/data/gho/indicator-metadata-registry/imr-details/34,,,,PUBLISHED,Published,,2000.0,2000,,AFR,2000,2000,Africa,,NGA,Nigeria,,AGE55-59,55-59 years,,FMLE,Female,,,,,,,,887513.1,887513.10000,,,,,
1877,LIFE_0000000029,nMx - age-specific death rate between ages x and x+n,https://www.who.int/data/gho/indicator-metadata-registry/imr-details/29,,,,PUBLISHED,Published,,2000.0,2000,,AFR,2000,2000,Africa,,NGA,Nigeria,,AGE60-64,60-64 years,,FMLE,Female,,,,,,,,0.034,0.03403,,,,,
1878,LIFE_0000000029,nMx - age-specific death rate between ages x and x+n,https://www.who.int/data/gho/indicator-metadata-registry/imr-details/29,,,,PUBLISHED,Published,,2000.0,2000,,AFR,2000,2000,Africa,,NGA,Nigeria,,AGE65-69,65-69 years,,FMLE,Female,,,,,,,,0.054,0.05373,,,,,
1879,LIFE_0000000031,lx - number of people left alive at age x,https://www.who.int/data/gho/indicator-metadata-registry/imr-details/31,,,,PUBLISHED,Published,,2000.0,2000,,AFR,2000,2000,Africa,,NGA,Nigeria,,AGE65-69,65-69 years,,FMLE,Female,,,,,,,,40395.51,40395.51000,,,,,
1880,LIFE_0000000031,lx - number of people left alive at age x,https://www.who.int/data/gho/indicator-metadata-registry/imr-details/31,,,,PUBLISHED,Published,,2000.0,2000,,AFR,2000,2000,Africa,,NGA,Nigeria,,AGE70-74,70-74 years,,FMLE,Female,,,,,,,,30788.72,30788.72000,,,,,
1881,LIFE_0000000033,nLx - person-years lived between ages x and x+n,https://www.who.int/data/gho/indicator-metadata-registry/imr-details/33,,,,PUBLISHED,Published,,2000.0,2000,,AFR,2000,2000,Africa,,NGA,Nigeria,,AGE70-74,70-74 years,,FMLE,Female,,,,,,,,126195.7,126195.70000,,,,,
1882,LIFE_0000000031,lx - number of people left alive at age x,https://www.who.int/data/gho/indicator-metadata-registry/imr-details/31,,,,PUBLISHED,Published,,2000.0,2000,,AFR,2000,2000,Africa,,NGA,Nigeria,,AGE75-79,75-79 years,,FMLE,Female,,,,,,,,19599.01,19599.01000,,,,,
1883,LIFE_0000000033,nLx - person-years lived between ages x and x+n,https://www.who.int/data/gho/indicator-metadata-registry/imr-details/33,,,,PUBLISHED,Published,,2000.0,2000,,AFR,2000,2000,Africa,,NGA,Nigeria,,AGE75-79,75-79 years,,FMLE,Female,,,,,,,,71416.42,71416.42000,,,,,
1884,LIFE_0000000033,nLx - person-years lived between ages x and x+n,https://www.who.int/data/gho/indicator-metadata-registry/imr-details/33,,,,PUBLISHED,Published,,2000.0,2000,,AFR,2000,2000,Africa,,NGA,Nigeria,,AGE80-84,80-84 years,,FMLE,Female,,,,,,,,28685.4,28685.40000,,,,,
1885,LIFE_0000000035,ex - expectation of life at age x,https://www.who.int/data/gho/indicator-metadata-registry/imr-details/35,,,,PUBLISHED,Published,,2000.0,2000,,AFR,2000,2000,Africa,,NGA,Nigeria,,AGE80-84,80-84 years,,FMLE,Female,,,,,,,,3.9,3.92856,,,,,
1886,LIFE_0000000035,ex - expectation of life at age x,https://www.who.int/data/gho/indicator-metadata-registry/imr-details/35,,,,PUBLISHED,Published,,2000.0,2000,,AFR,2000,2000,Africa,,NGA,Nigeria,,AGE85PLUS,85+ years,,FMLE,Female,,,,,,,,2.8,2.85000,,,,,
1887,LIFE_0000000030,nqx - probability of dying between ages x and x+n,https://www.who.int/data/gho/indicator-metadata-registry/imr-details/30,,,,PUBLISHED,Published,,2001.0,2001,,AFR,2001,2001,Africa,,NGA,Nigeria,,AGELT1,<1 year,,MLE,Male,,,,,,,,0.118,0.11789,,,,,
1888,LIFE_0000000035,ex - expectation of life at age x,https://www.who.int/data/gho/indicator-metadata-registry/imr-details/35,,,,PUBLISHED,Published,,2001.0,2001,,AFR,2001,2001,Africa,,NGA,Nigeria,,AGELT1,<1 year,,MLE,Male,,,,,,,,47.2,47.18024,,,,,
1889,LIFE_0000000030,nqx - probability of dying between ages x and x+n,https://www.who.int/data/gho/indicator-metadata-registry/imr-details/30,,,,PUBLISHED,Published,,2001.0,2001,,AFR,2001,2001,Africa,,NGA,Nigeria,,AGE1-4,1-4 years,,MLE,Male,,,,,,,,0.079,0.07941,,,,,
1890,LIFE_0000000030,nqx - probability of dying between ages x and x+n,https://www.who.int/data/gho/indicator-metadata-registry/imr-details/30,,,,PUBLISHED,Published,,2001.0,2001,,AFR,2001,2001,Africa,,NGA,Nigeria,,AGE5-9,5-9 years,,MLE,Male,,,,,,,,0.023,0.02260,,,,,
1891,LIFE_0000000032,ndx - number of people dying between ages x and x+n,https://www.who.int/data/gho/indicator-metadata-registry/imr-details/32,,,,PUBLISHED,Published,,2001.0,2001,,AFR,2001,2001,Africa,,NGA,Nigeria,,AGE5-9,5-9 years,,MLE,Male,,,,,,,,1835.209,1835.20900,,,,,
1892,LIFE_0000000032,ndx - number of people dying between ages x and x+n,https://www.who.int/data/gho/indicator-metadata-registry/imr-details/32,,,,PUBLISHED,Published,,2001.0,2001,,AFR,2001,2001,Africa,,NGA,Nigeria,,AGE10-14,10-14 years,,MLE,Male,,,,,,,,694.795,694.79460,,,,,
1893,LIFE_0000000034,Tx - person-years lived above age x,https://www.who.int/data/gho/indicator-metadata-registry/imr-details/34,,,,PUBLISHED,Published,,2001.0,2001,,AFR,2001,2001,Africa,,NGA,Nigeria,,AGE10-14,10-14 years,,MLE,Male,,,,,,,,3890190,3890190.00000,,,,,
1894,LIFE_0000000032,ndx - number of people dying between ages x and x+n,https://www.who.int/data/gho/indicator-metadata-registry/imr-details/32,,,,PUBLISHED,Published,,2001.0,2001,,AFR,2001,2001,Africa,,NGA,Nigeria,,AGE15-19,15-19  years,,MLE,Male,,,,,,,,1637.932,1637.93200,,,,,
1895,LIFE_0000000034,Tx - person-years lived above age x,https://www.who.int/data/gho/indicator-metadata-registry/imr-details/34,,,,PUBLISHED,Published,,2001.0,2001,,AFR,2001,2001,Africa,,NGA,Nigeria,,AGE15-19,15-19  years,,MLE,Male,,,,,,,,3495076,3495076.00000,,,,,
1896,LIFE_0000000034,Tx - person-years lived above age x,https://www.who.int/data/gho/indicator-metadata-registry/imr-details/34,,,,PUBLISHED,Published,,2001.0,2001,,AFR,2001,2001,Africa,,NGA,Nigeria,,AGE20-24,20-24 years,,MLE,Male,,,,,,,,3105639,3105639.00000,,,,,
1897,LIFE_0000000029,nMx - age-specific death rate between ages x and x+n,https://www.who.int/data/gho/indicator-metadata-registry/imr-details/29,,,,PUBLISHED,Published,,2001.0,2001,,AFR,2001,2001,Africa,,NGA,Nigeria,,AGE25-29,25-29 years,,MLE,Male,,,,,,,,0.008,0.00813,,,,,
1898,LIFE_0000000029,nMx - age-specific death rate between ages x and x+n,https://www.who.int/data/gho/indicator-metadata-registry/imr-details/29,,,,PUBLISHED,Published,,2001.0,2001,,AFR,2001,2001,Africa,,NGA,Nigeria,,AGE30-34,30-34 years,,MLE,Male,,,,,,,,0.009,0.00946,,,,,
1899,LIFE_0000000031,lx - number of people left alive at age x,https://www.who.int/data/gho/indicator-metadata-registry/imr-details/31,,,,PUBLISHED,Published,,2001.0,2001,,AFR,2001,2001,Africa,,NGA,Nigeria,,AGE30-34,30-34 years,,MLE,Male,,,,,,,,71488.91,71488.91000,,,,,
1900,LIFE_0000000029,nMx - age-specific death rate between ages x and x+n,https://www.who.int/data/gho/indicator-metadata-registry/imr-details/29,,,,PUBLISHED,Published,,2001.0,2001,,AFR,2001,2001,Africa,,NGA,Nigeria,,AGE35-39,35-39 years,,MLE,Male,,,,,,,,0.011,0.01143,,,,,
1901,LIFE_0000000031,lx - number of people left alive at age x,https://www.who.int/data/gho/indicator-metadata-registry/imr-details/31,,,,PUBLISHED,Published,,2001.0,2001,,AFR,2001,2001,Africa,,NGA,Nigeria,,AGE35-39,35-39 years,,MLE,Male,,,,,,,,68185.91,68185.91000,,,,,
1902,LIFE_0000000033,nLx - person-years lived between ages x and x+n,https://www.who.int/data/gho/indicator-metadata-registry/imr-details/33,,,,PUBLISHED,Published,,2001.0,2001,,AFR,2001,2001,Africa,,NGA,Nigeria,,AGE35-39,35-39 years,,MLE,Male,,,,,,,,331622.8,331622.80000,,,,,
1903,LIFE_0000000031,lx - number of people left alive at age x,https://www.who.int/data/gho/indicator-metadata-registry/imr-details/31,,,,PUBLISHED,Published,,2001.0,2001,,AFR,2001,2001,Africa,,NGA,Nigeria,,AGE40-44,40-44 years,,MLE,Male,,,,,,,,64393.82,64393.82000,,,,,
1904,LIFE_0000000033,nLx - person-years lived between ages x and x+n,https://www.who.int/data/gho/indicator-metadata-registry/imr-details/33,,,,PUBLISHED,Published,,2001.0,2001,,AFR,2001,2001,Africa,,NGA,Nigeria,,AGE40-44,40-44 years,,MLE,Male,,,,,,,,311951.3,311951.30000,,,,,
1905,LIFE_0000000033,nLx - person-years lived between ages x and x+n,https://www.who.int/data/gho/indicator-metadata-registry/imr-details/33,,,,PUBLISHED,Published,,2001.0,2001,,AFR,2001,2001,Africa,,NGA,Nigeria,,AGE45-49,45-49 years,,MLE,Male,,,,,,,,290718.3,290718.30000,,,,,
1906,LIFE_0000000035,ex - expectation of life at age x,https://www.who.int/data/gho/indicator-metadata-registry/imr-details/35,,,,PUBLISHED,Published,,2001.0,2001,,AFR,2001,2001,Africa,,NGA,Nigeria,,AGE45-49,45-49 years,,MLE,Male,,,,,,,,22.7,22.70934,,,,,
1907,LIFE_0000000033,nLx - person-years lived between ages x and x+n,https://www.who.int/data/gho/indicator-metadata-registry/imr-details/33,,,,PUBLISHED,Published,,2001.0,2001,,AFR,2001,2001,Africa,,NGA,Nigeria,,AGE50-54,50-54 years,,MLE,Male,,,,,,,,267019.8,267019.80000,,,,,
1908,LIFE_0000000035,ex - expectation of life at age x,https://www.who.int/data/gho/indicator-metadata-registry/imr-details/35,,,,PUBLISHED,Published,,2001.0,2001,,AFR,2001,2001,Africa,,NGA,Nigeria,,AGE50-54,50-54 years,,MLE,Male,,,,,,,,19.3,19.30199,,,,,
1909,LIFE_0000000030,nqx - probability of dying between ages x and x+n,https://www.who.int/data/gho/indicator-metadata-registry/imr-details/30,,,,PUBLISHED,Published,,2001.0,2001,,AFR,2001,2001,Africa,,NGA,Nigeria,,AGE55-59,55-59 years,,MLE,Male,,,,,,,,0.117,0.11706,,,,,
1910,LIFE_0000000035,ex - expectation of life at age x,https://www.who.int/data/gho/indicator-metadata-registry/imr-details/35,,,,PUBLISHED,Published,,2001.0,2001,,AFR,2001,2001,Africa,,NGA,Nigeria,,AGE55-59,55-59 years,,MLE,Male,,,,,,,,16,15.98494,,,,,
1911,LIFE_0000000030,nqx - probability of dying between ages x and x+n,https://www.who.int/data/gho/indicator-metadata-registry/imr-details/30,,,,PUBLISHED,Published,,2001.0,2001,,AFR,2001,2001,Africa,,NGA,Nigeria,,AGE60-64,60-64 years,,MLE,Male,,,,,,,,0.177,0.17717,,,,,
1912,LIFE_0000000030,nqx - probability of dying between ages x and x+n,https://www.who.int/data/gho/indicator-metadata-registry/imr-details/30,,,,PUBLISHED,Published,,2001.0,2001,,AFR,2001,2001,Africa,,NGA,Nigeria,,AGE65-69,65-69 years,,MLE,Male,,,,,,,,0.254,0.25361,,,,,
1913,LIFE_0000000032,ndx - number of people dying between ages x and x+n,https://www.who.int/data/gho/indicator-metadata-registry/imr-details/32,,,,PUBLISHED,Published,,2001.0,2001,,AFR,2001,2001,Africa,,NGA,Nigeria,,AGE65-69,65-69 years,,MLE,Male,,,,,,,,9352.975,9352.97500,,,,,
1914,LIFE_0000000030,nqx - probability of dying between ages x and x+n,https://www.who.int/data/gho/indicator-metadata-registry/imr-details/30,,,,PUBLISHED,Published,,2001.0,2001,,AFR,2001,2001,Africa,,NGA,Nigeria,,AGE70-74,70-74 years,,MLE,Male,,,,,,,,0.374,0.37433,,,,,
1915,LIFE_0000000032,ndx - number of people dying between ages x and x+n,https://www.who.int/data/gho/indicator-metadata-registry/imr-details/32,,,,PUBLISHED,Published,,2001.0,2001,,AFR,2001,2001,Africa,,NGA,Nigeria,,AGE70-74,70-74 years,,MLE,Male,,,,,,,,10303.99,10303.99000,,,,,
1916,LIFE_0000000034,Tx - person-years lived above age x,https://www.who.int/data/gho/indicator-metadata-registry/imr-details/34,,,,PUBLISHED,Published,,2001.0,2001,,AFR,2001,2001,Africa,,NGA,Nigeria,,AGE70-74,70-74 years,,MLE,Male,,,,,,,,205394.3,205394.30000,,,,,
1917,LIFE_0000000032,ndx - number of people dying between ages x and x+n,https://www.who.int/data/gho/indicator-metadata-registry/imr-details/32,,,,PUBLISHED,Published,,2001.0,2001,,AFR,2001,2001,Africa,,NGA,Nigeria,,AGE75-79,75-79 years,,MLE,Male,,,,,,,,9145.113,9145.11300,,,,,
1918,LIFE_0000000034,Tx - person-years lived above age x,https://www.who.int/data/gho/indicator-metadata-registry/imr-details/34,,,,PUBLISHED,Published,,2001.0,2001,,AFR,2001,2001,Africa,,NGA,Nigeria,,AGE75-79,75-79 years,,MLE,Male,,,,,,,,93489.95,93489.95000,,,,,
1919,LIFE_0000000034,Tx - person-years lived above age x,https://www.who.int/data/gho/indicator-metadata-registry/imr-details/34,,,,PUBLISHED,Published,,2001.0,2001,,AFR,2001,2001,Africa,,NGA,Nigeria,,AGE80-84,80-84 years,,MLE,Male,,,,,,,,31285.94,31285.94000,,,,,
1920,LIFE_0000000029,nMx - age-specific death rate between ages x and x+n,https://www.who.int/data/gho/indicator-metadata-registry/imr-details/29,,,,PUBLISHED,Published,,2001.0,2001,,AFR,2001,2001,Africa,,NGA,Nigeria,,AGE85PLUS,85+ years,,MLE,Male,,,,,,,,0.362,0.36174,,,,,
1921,LIFE_0000000029,nMx - age-specific death rate between ages x and x+n,https://www.who.int/data/gho/indicator-metadata-registry/imr-details/29,,,,PUBLISHED,Published,,2001.0,2001,,AFR,2001,2001,Africa,,NGA,Nigeria,,AGELT1,<1 year,,FMLE,Female,,,,,,,,0.112,0.11191,,,,,
1922,LIFE_0000000031,lx - number of people left alive at age x,https://www.who.int/data/gho/indicator-metadata-registry/imr-details/31,,,,PUBLISHED,Published,,2001.0,2001,,AFR,2001,2001,Africa,,NGA,Nigeria,,AGELT1,<1 year,,FMLE,Female,,,,,,,,100000,100000.00000,,,,,
1923,LIFE_0000000029,nMx - age-specific death rate between ages x and x+n,https://www.who.int/data/gho/indicator-metadata-registry/imr-details/29,,,,PUBLISHED,Published,,2001.0,2001,,AFR,2001,2001,Africa,,NGA,Nigeria,,AGE1-4,1-4 years,,FMLE,Female,,,,,,,,0.022,0.02170,,,,,
1924,LIFE_0000000031,lx - number of people left alive at age x,https://www.who.int/data/gho/indicator-metadata-registry/imr-details/31,,,,PUBLISHED,Published,,2001.0,2001,,AFR,2001,2001,Africa,,NGA,Nigeria,,AGE1-4,1-4 years,,FMLE,Female,,,,,,,,89571.78,89571.78000,,,,,
1925,LIFE_0000000031,lx - number of people left alive at age x,https://www.who.int/data/gho/indicator-metadata-registry/imr-details/31,,,,PUBLISHED,Published,,2001.0,2001,,AFR,2001,2001,Africa,,NGA,Nigeria,,AGE5-9,5-9 years,,FMLE,Female,,,,,,,,82218.77,82218.77000,,,,,
1926,LIFE_0000000033,nLx - person-years lived between ages x and x+n,https://www.who.int/data/gho/indicator-metadata-registry/imr-details/33,,,,PUBLISHED,Published,,2001.0,2001,,AFR,2001,2001,Africa,,NGA,Nigeria,,AGE5-9,5-9 years,,FMLE,Female,,,,,,,,405421.2,405421.20000,,,,,
1927,LIFE_0000000033,nLx - person-years lived between ages x and x+n,https://www.who.int/data/gho/indicator-metadata-registry/imr-details/33,,,,PUBLISHED,Published,,2001.0,2001,,AFR,2001,2001,Africa,,NGA,Nigeria,,AGE10-14,10-14 years,,FMLE,Female,,,,,,,,397502.6,397502.60000,,,,,
1928,LIFE_0000000035,ex - expectation of life at age x,https://www.who.int/data/gho/indicator-metadata-registry/imr-details/35,,,,PUBLISHED,Published,,2001.0,2001,,AFR,2001,2001,Africa,,NGA,Nigeria,,AGE10-14,10-14 years,,FMLE,Female,,,,,,,,49.6,49.58861,,,,,
1929,LIFE_0000000033,nLx - person-years lived between ages x and x+n,https://www.who.int/data/gho/indicator-metadata-registry/imr-details/33,,,,PUBLISHED,Published,,2001.0,2001,,AFR,2001,2001,Africa,,NGA,Nigeria,,AGE15-19,15-19  years,,FMLE,Female,,,,,,,,390441.6,390441.60000,,,,,
1930,LIFE_0000000035,ex - expectation of life at age x,https://www.who.int/data/gho/indicator-metadata-registry/imr-details/35,,,,PUBLISHED,Published,,2001.0,2001,,AFR,2001,2001,Africa,,NGA,Nigeria,,AGE15-19,15-19  years,,FMLE,Female,,,,,,,,45.1,45.12374,,,,,
1931,LIFE_0000000035,ex - expectation of life at age x,https://www.who.int/data/gho/indicator-metadata-registry/imr-details/35,,,,PUBLISHED,Published,,2001.0,2001,,AFR,2001,2001,Africa,,NGA,Nigeria,,AGE20-24,20-24 years,,FMLE,Female,,,,,,,,41.2,41.23801,,,,,
1932,LIFE_0000000030,nqx - probability of dying between ages x and x+n,https://www.who.int/data/gho/indicator-metadata-registry/imr-details/30,,,,PUBLISHED,Published,,2001.0,2001,,AFR,2001,2001,Africa,,NGA,Nigeria,,AGE25-29,25-29 years,,FMLE,Female,,,,,,,,0.047,0.04716,,,,,
1933,LIFE_0000000030,nqx - probability of dying between ages x and x+n,https://www.who.int/data/gho/indicator-metadata-registry/imr-details/30,,,,PUBLISHED,Published,,2001.0,2001,,AFR,2001,2001,Africa,,NGA,Nigeria,,AGE30-34,30-34 years,,FMLE,Female,,,,,,,,0.05,0.05008,,,,,
1934,LIFE_0000000032,ndx - number of people dying between ages x and x+n,https://www.who.int/data/gho/indicator-metadata-registry/imr-details/32,,,,PUBLISHED,Published,,2001.0,2001,,AFR,2001,2001,Africa,,NGA,Nigeria,,AGE30-34,30-34 years,,FMLE,Female,,,,,,,,3546.837,3546.83700,,,,,
1935,LIFE_0000000030,nqx - probability of dying between ages x and x+n,https://www.who.int/data/gho/indicator-metadata-registry/imr-details/30,,,,PUBLISHED,Published,,2001.0,2001,,AFR,2001,2001,Africa,,NGA,Nigeria,,AGE35-39,35-39 years,,FMLE,Female,,,,,,,,0.054,0.05359,,,,,
1936,LIFE_0000000032,ndx - number of people dying between ages x and x+n,https://www.who.int/data/gho/indicator-metadata-registry/imr-details/32,,,,PUBLISHED,Published,,2001.0,2001,,AFR,2001,2001,Africa,,NGA,Nigeria,,AGE35-39,35-39 years,,FMLE,Female,,,,,,,,3605.754,3605.75400,,,,,
1937,LIFE_0000000032,ndx - number of people dying between ages x and x+n,https://www.who.int/data/gho/indicator-metadata-registry/imr-details/32,,,,PUBLISHED,Published,,2001.0,2001,,AFR,2001,2001,Africa,,NGA,Nigeria,,AGE40-44,40-44 years,,FMLE,Female,,,,,,,,3410.181,3410.18100,,,,,
1938,LIFE_0000000034,Tx - person-years lived above age x,https://www.who.int/data/gho/indicator-metadata-registry/imr-details/34,,,,PUBLISHED,Published,,2001.0,2001,,AFR,2001,2001,Africa,,NGA,Nigeria,,AGE40-44,40-44 years,,FMLE,Female,,,,,,,,1762495,1762495.00000,,,,,
1939,LIFE_0000000034,Tx - person-years lived above age x,https://www.who.int/data/gho/indicator-metadata-registry/imr-details/34,,,,PUBLISHED,Published,,2001.0,2001,,AFR,2001,2001,Africa,,NGA,Nigeria,,AGE45-49,45-49 years,,FMLE,Female,,,,,,,,1452620,1452620.00000,,,,,
1940,LIFE_0000000029,nMx - age-specific death rate between ages x and x+n,https://www.who.int/data/gho/indicator-metadata-registry/imr-details/29,,,,PUBLISHED,Published,,2001.0,2001,,AFR,2001,2001,Africa,,NGA,Nigeria,,AGE50-54,50-54 years,,FMLE,Female,,,,,,,,0.015,0.01458,,,,,
1941,LIFE_0000000034,Tx - person-years lived above age x,https://www.who.int/data/gho/indicator-metadata-registry/imr-details/34,,,,PUBLISHED,Published,,2001.0,2001,,AFR,2001,2001,Africa,,NGA,Nigeria,,AGE50-54,50-54 years,,FMLE,Female,,,,,,,,1159587,1159587.00000,,,,,
1942,LIFE_0000000029,nMx - age-specific death rate between ages x and x+n,https://www.who.int/data/gho/indicator-metadata-registry/imr-details/29,,,,PUBLISHED,Published,,2001.0,2001,,AFR,2001,2001,Africa,,NGA,Nigeria,,AGE55-59,55-59 years,,FMLE,Female,,,,,,,,0.019,0.01924,,,,,
1943,LIFE_0000000029,nMx - age-specific death rate between ages x and x+n,https://www.who.int/data/gho/indicator-metadata-registry/imr-details/29,,,,PUBLISHED,Published,,2001.0,2001,,AFR,2001,2001,Africa,,NGA,Nigeria,,AGE60-64,60-64 years,,FMLE,Female,,,,,,,,0.034,0.03449,,,,,
1944,LIFE_0000000031,lx - number of people left alive at age x,https://www.who.int/data/gho/indicator-metadata-registry/imr-details/31,,,,PUBLISHED,Published,,2001.0,2001,,AFR,2001,2001,Africa,,NGA,Nigeria,,AGE60-64,60-64 years,,FMLE,Female,,,,,,,,48004.96,48004.96000,,,,,
1945,LIFE_0000000031,lx - number of people left alive at age x,https://www.who.int/data/gho/indicator-metadata-registry/imr-details/31,,,,PUBLISHED,Published,,2001.0,2001,,AFR,2001,2001,Africa,,NGA,Nigeria,,AGE65-69,65-69 years,,FMLE,Female,,,,,,,,40353.82,40353.82000,,,,,
1946,LIFE_0000000033,nLx - person-years lived between ages x and x+n,https://www.who.int/data/gho/indicator-metadata-registry/imr-details/33,,,,PUBLISHED,Published,,2001.0,2001,,AFR,2001,2001,Africa,,NGA,Nigeria,,AGE65-69,65-69 years,,FMLE,Female,,,,,,,,178354.6,178354.60000,,,,,
1947,LIFE_0000000031,lx - number of people left alive at age x,https://www.who.int/data/gho/indicator-metadata-registry/imr-details/31,,,,PUBLISHED,Published,,2001.0,2001,,AFR,2001,2001,Africa,,NGA,Nigeria,,AGE70-74,70-74 years,,FMLE,Female,,,,,,,,30651.78,30651.78000,,,,,
1948,LIFE_0000000033,nLx - person-years lived between ages x and x+n,https://www.who.int/data/gho/indicator-metadata-registry/imr-details/33,,,,PUBLISHED,Published,,2001.0,2001,,AFR,2001,2001,Africa,,NGA,Nigeria,,AGE70-74,70-74 years,,FMLE,Female,,,,,,,,125357.6,125357.60000,,,,,
1949,LIFE_0000000033,nLx - person-years lived between ages x and x+n,https://www.who.int/data/gho/indicator-metadata-registry/imr-details/33,,,,PUBLISHED,Published,,2001.0,2001,,AFR,2001,2001,Africa,,NGA,Nigeria,,AGE75-79,75-79 years,,FMLE,Female,,,,,,,,70506.41,70506.41000,,,,,
1950,LIFE_0000000035,ex - expectation of life at age x,https://www.who.int/data/gho/indicator-metadata-registry/imr-details/35,,,,PUBLISHED,Published,,2001.0,2001,,AFR,2001,2001,Africa,,NGA,Nigeria,,AGE75-79,75-79 years,,FMLE,Female,,,,,,,,5.5,5.48484,,,,,
1951,LIFE_0000000035,ex - expectation of life at age x,https://www.who.int/data/gho/indicator-metadata-registry/imr-details/35,,,,PUBLISHED,Published,,2001.0,2001,,AFR,2001,2001,Africa,,NGA,Nigeria,,AGE80-84,80-84 years,,FMLE,Female,,,,,,,,3.9,3.90101,,,,,
1952,LIFE_0000000030,nqx - probability of dying between ages x and x+n,https://www.who.int/data/gho/indicator-metadata-registry/imr-details/30,,,,PUBLISHED,Published,,2001.0,2001,,AFR,2001,2001,Africa,,NGA,Nigeria,,AGE85PLUS,85+ years,,FMLE,Female,,,,,,,,1,1.00000,,,,,
1953,LIFE_0000000035,ex - expectation of life at age x,https://www.who.int/data/gho/indicator-metadata-registry/imr-details/35,,,,PUBLISHED,Published,,2001.0,2001,,AFR,2001,2001,Africa,,NGA,Nigeria,,AGE85PLUS,85+ years,,FMLE,Female,,,,,,,,2.8,2.83118,,,,,
1954,LIFE_0000000030,nqx - probability of dying between ages x and x+n,https://www.who.int/data/gho/indicator-metadata-registry/imr-details/30,,,,PUBLISHED,Published,,2002.0,2002,,AFR,2002,2002,Africa,,NGA,Nigeria,,AGELT1,<1 year,,MLE,Male,,,,,,,,0.114,0.11441,,,,,
1955,LIFE_0000000030,nqx - probability of dying between ages x and x+n,https://www.who.int/data/gho/indicator-metadata-registry/imr-details/30,,,,PUBLISHED,Published,,2002.0,2002,,AFR,2002,2002,Africa,,NGA,Nigeria,,AGE1-4,1-4 years,,MLE,Male,,,,,,,,0.076,0.07600,,,,,
1956,LIFE_0000000032,ndx - number of people dying between ages x and x+n,https://www.who.int/data/gho/indicator-metadata-registry/imr-details/32,,,,PUBLISHED,Published,,2002.0,2002,,AFR,2002,2002,Africa,,NGA,Nigeria,,AGE1-4,1-4 years,,MLE,Male,,,,,,,,6730.437,6730.43700,,,,,
1957,LIFE_0000000032,ndx - number of people dying between ages x and x+n,https://www.who.int/data/gho/indicator-metadata-registry/imr-details/32,,,,PUBLISHED,Published,,2002.0,2002,,AFR,2002,2002,Africa,,NGA,Nigeria,,AGE5-9,5-9 years,,MLE,Male,,,,,,,,1787.191,1787.19100,,,,,
1958,LIFE_0000000034,Tx - person-years lived above age x,https://www.who.int/data/gho/indicator-metadata-registry/imr-details/34,,,,PUBLISHED,Published,,2002.0,2002,,AFR,2002,2002,Africa,,NGA,Nigeria,,AGE5-9,5-9 years,,MLE,Male,,,,,,,,4324246,4324246.00000,,,,,
1959,LIFE_0000000032,ndx - number of people dying between ages x and x+n,https://www.who.int/data/gho/indicator-metadata-registry/imr-details/32,,,,PUBLISHED,Published,,2002.0,2002,,AFR,2002,2002,Africa,,NGA,Nigeria,,AGE10-14,10-14 years,,MLE,Male,,,,,,,,684.538,684.53790,,,,,
1960,LIFE_0000000034,Tx - person-years lived above age x,https://www.who.int/data/gho/indicator-metadata-registry/imr-details/34,,,,PUBLISHED,Published,,2002.0,2002,,AFR,2002,2002,Africa,,NGA,Nigeria,,AGE10-14,10-14 years,,MLE,Male,,,,,,,,3919569,3919569.00000,,,,,
1961,LIFE_0000000034,Tx - person-years lived above age x,https://www.who.int/data/gho/indicator-metadata-registry/imr-details/34,,,,PUBLISHED,Published,,2002.0,2002,,AFR,2002,2002,Africa,,NGA,Nigeria,,AGE15-19,15-19  years,,MLE,Male,,,,,,,,3521071,3521071.00000,,,,,
1962,LIFE_0000000029,nMx - age-specific death rate between ages x and x+n,https://www.who.int/data/gho/indicator-metadata-registry/imr-details/29,,,,PUBLISHED,Published,,2002.0,2002,,AFR,2002,2002,Africa,,NGA,Nigeria,,AGE20-24,20-24 years,,MLE,Male,,,,,,,,0.007,0.00670,,,,,
1963,LIFE_0000000029,nMx - age-specific death rate between ages x and x+n,https://www.who.int/data/gho/indicator-metadata-registry/imr-details/29,,,,PUBLISHED,Published,,2002.0,2002,,AFR,2002,2002,Africa,,NGA,Nigeria,,AGE25-29,25-29 years,,MLE,Male,,,,,,,,0.008,0.00809,,,,,
1964,LIFE_0000000031,lx - number of people left alive at age x,https://www.who.int/data/gho/indicator-metadata-registry/imr-details/31,,,,PUBLISHED,Published,,2002.0,2002,,AFR,2002,2002,Africa,,NGA,Nigeria,,AGE25-29,25-29 years,,MLE,Male,,,,,,,,75170.94,75170.94000,,,,,
1965,LIFE_0000000029,nMx - age-specific death rate between ages x and x+n,https://www.who.int/data/gho/indicator-metadata-registry/imr-details/29,,,,PUBLISHED,Published,,2002.0,2002,,AFR,2002,2002,Africa,,NGA,Nigeria,,AGE30-34,30-34 years,,MLE,Male,,,,,,,,0.01,0.00954,,,,,
1966,LIFE_0000000031,lx - number of people left alive at age x,https://www.who.int/data/gho/indicator-metadata-registry/imr-details/31,,,,PUBLISHED,Published,,2002.0,2002,,AFR,2002,2002,Africa,,NGA,Nigeria,,AGE30-34,30-34 years,,MLE,Male,,,,,,,,72190.54,72190.54000,,,,,
1967,LIFE_0000000033,nLx - person-years lived between ages x and x+n,https://www.who.int/data/gho/indicator-metadata-registry/imr-details/33,,,,PUBLISHED,Published,,2002.0,2002,,AFR,2002,2002,Africa,,NGA,Nigeria,,AGE30-34,30-34 years,,MLE,Male,,,,,,,,352587.6,352587.60000,,,,,
1968,LIFE_0000000031,lx - number of people left alive at age x,https://www.who.int/data/gho/indicator-metadata-registry/imr-details/31,,,,PUBLISHED,Published,,2002.0,2002,,AFR,2002,2002,Africa,,NGA,Nigeria,,AGE35-39,35-39 years,,MLE,Male,,,,,,,,68826.83,68826.83000,,,,,
1969,LIFE_0000000033,nLx - person-years lived between ages x and x+n,https://www.who.int/data/gho/indicator-metadata-registry/imr-details/33,,,,PUBLISHED,Published,,2002.0,2002,,AFR,2002,2002,Africa,,NGA,Nigeria,,AGE35-39,35-39 years,,MLE,Male,,,,,,,,334586.4,334586.40000,,,,,
1970,LIFE_0000000033,nLx - person-years lived between ages x and x+n,https://www.who.int/data/gho/indicator-metadata-registry/imr-details/33,,,,PUBLISHED,Published,,2002.0,2002,,AFR,2002,2002,Africa,,NGA,Nigeria,,AGE40-44,40-44 years,,MLE,Male,,,,,,,,314438.5,314438.50000,,,,,
1971,LIFE_0000000035,ex - expectation of life at age x,https://www.who.int/data/gho/indicator-metadata-registry/imr-details/35,,,,PUBLISHED,Published,,2002.0,2002,,AFR,2002,2002,Africa,,NGA,Nigeria,,AGE40-44,40-44 years,,MLE,Male,,,,,,,,26,26.02973,,,,,
1972,LIFE_0000000033,nLx - person-years lived between ages x and x+n,https://www.who.int/data/gho/indicator-metadata-registry/imr-details/33,,,,PUBLISHED,Published,,2002.0,2002,,AFR,2002,2002,Africa,,NGA,Nigeria,,AGE45-49,45-49 years,,MLE,Male,,,,,,,,292779,292779.00000,,,,,
1973,LIFE_0000000035,ex - expectation of life at age x,https://www.who.int/data/gho/indicator-metadata-registry/imr-details/35,,,,PUBLISHED,Published,,2002.0,2002,,AFR,2002,2002,Africa,,NGA,Nigeria,,AGE45-49,45-49 years,,MLE,Male,,,,,,,,22.7,22.65105,,,,,
1974,LIFE_0000000030,nqx - probability of dying between ages x and x+n,https://www.who.int/data/gho/indicator-metadata-registry/imr-details/30,,,,PUBLISHED,Published,,2002.0,2002,,AFR,2002,2002,Africa,,NGA,Nigeria,,AGE50-54,50-54 years,,MLE,Male,,,,,,,,0.092,0.09214,,,,,
1975,LIFE_0000000035,ex - expectation of life at age x,https://www.who.int/data/gho/indicator-metadata-registry/imr-details/35,,,,PUBLISHED,Published,,2002.0,2002,,AFR,2002,2002,Africa,,NGA,Nigeria,,AGE50-54,50-54 years,,MLE,Male,,,,,,,,19.3,19.25632,,,,,
1976,LIFE_0000000030,nqx - probability of dying between ages x and x+n,https://www.who.int/data/gho/indicator-metadata-registry/imr-details/30,,,,PUBLISHED,Published,,2002.0,2002,,AFR,2002,2002,Africa,,NGA,Nigeria,,AGE55-59,55-59 years,,MLE,Male,,,,,,,,0.117,0.11725,,,,,
1977,LIFE_0000000030,nqx - probability of dying between ages x and x+n,https://www.who.int/data/gho/indicator-metadata-registry/imr-details/30,,,,PUBLISHED,Published,,2002.0,2002,,AFR,2002,2002,Africa,,NGA,Nigeria,,AGE60-64,60-64 years,,MLE,Male,,,,,,,,0.178,0.17817,,,,,
1978,LIFE_0000000032,ndx - number of people dying between ages x and x+n,https://www.who.int/data/gho/indicator-metadata-registry/imr-details/32,,,,PUBLISHED,Published,,2002.0,2002,,AFR,2002,2002,Africa,,NGA,Nigeria,,AGE60-64,60-64 years,,MLE,Male,,,,,,,,8031.07,8031.07000,,,,,
1979,LIFE_0000000032,ndx - number of people dying between ages x and x+n,https://www.who.int/data/gho/indicator-metadata-registry/imr-details/32,,,,PUBLISHED,Published,,2002.0,2002,,AFR,2002,2002,Africa,,NGA,Nigeria,,AGE65-69,65-69 years,,MLE,Male,,,,,,,,9444.432,9444.43200,,,,,
1980,LIFE_0000000034,Tx - person-years lived above age x,https://www.who.int/data/gho/indicator-metadata-registry/imr-details/34,,,,PUBLISHED,Published,,2002.0,2002,,AFR,2002,2002,Africa,,NGA,Nigeria,,AGE65-69,65-69 years,,MLE,Male,,,,,,,,367453.1,367453.10000,,,,,
1981,LIFE_0000000032,ndx - number of people dying between ages x and x+n,https://www.who.int/data/gho/indicator-metadata-registry/imr-details/32,,,,PUBLISHED,Published,,2002.0,2002,,AFR,2002,2002,Africa,,NGA,Nigeria,,AGE70-74,70-74 years,,MLE,Male,,,,,,,,10377.44,10377.44000,,,,,
1982,LIFE_0000000034,Tx - person-years lived above age x,https://www.who.int/data/gho/indicator-metadata-registry/imr-details/34,,,,PUBLISHED,Published,,2002.0,2002,,AFR,2002,2002,Africa,,NGA,Nigeria,,AGE70-74,70-74 years,,MLE,Male,,,,,,,,205278,205278.00000,,,,,
1983,LIFE_0000000034,Tx - person-years lived above age x,https://www.who.int/data/gho/indicator-metadata-registry/imr-details/34,,,,PUBLISHED,Published,,2002.0,2002,,AFR,2002,2002,Africa,,NGA,Nigeria,,AGE75-79,75-79 years,,MLE,Male,,,,,,,,93194.84,93194.84000,,,,,
1984,LIFE_0000000029,nMx - age-specific death rate between ages x and x+n,https://www.who.int/data/gho/indicator-metadata-registry/imr-details/29,,,,PUBLISHED,Published,,2002.0,2002,,AFR,2002,2002,Africa,,NGA,Nigeria,,AGE80-84,80-84 years,,MLE,Male,,,,,,,,0.231,0.23076,,,,,
1985,LIFE_0000000029,nMx - age-specific death rate between ages x and x+n,https://www.who.int/data/gho/indicator-metadata-registry/imr-details/29,,,,PUBLISHED,Published,,2002.0,2002,,AFR,2002,2002,Africa,,NGA,Nigeria,,AGE85PLUS,85+ years,,MLE,Male,,,,,,,,0.363,0.36269,,,,,
1986,LIFE_0000000031,lx - number of people left alive at age x,https://www.who.int/data/gho/indicator-metadata-registry/imr-details/31,,,,PUBLISHED,Published,,2002.0,2002,,AFR,2002,2002,Africa,,NGA,Nigeria,,AGE85PLUS,85+ years,,MLE,Male,,,,,,,,2407.748,2407.74800,,,,,
1987,LIFE_0000000029,nMx - age-specific death rate between ages x and x+n,https://www.who.int/data/gho/indicator-metadata-registry/imr-details/29,,,,PUBLISHED,Published,,2002.0,2002,,AFR,2002,2002,Africa,,NGA,Nigeria,,AGELT1,<1 year,,FMLE,Female,,,,,,,,0.108,0.10822,,,,,
1988,LIFE_0000000031,lx - number of people left alive at age x,https://www.who.int/data/gho/indicator-metadata-registry/imr-details/31,,,,PUBLISHED,Published,,2002.0,2002,,AFR,2002,2002,Africa,,NGA,Nigeria,,AGELT1,<1 year,,FMLE,Female,,,,,,,,100000,100000.00000,,,,,
1989,LIFE_0000000031,lx - number of people left alive at age x,https://www.who.int/data/gho/indicator-metadata-registry/imr-details/31,,,,PUBLISHED,Published,,2002.0,2002,,AFR,2002,2002,Africa,,NGA,Nigeria,,AGE1-4,1-4 years,,FMLE,Female,,,,,,,,89894.16,89894.16000,,,,,
1990,LIFE_0000000033,nLx - person-years lived between ages x and x+n,https://www.who.int/data/gho/indicator-metadata-registry/imr-details/33,,,,PUBLISHED,Published,,2002.0,2002,,AFR,2002,2002,Africa,,NGA,Nigeria,,AGE1-4,1-4 years,,FMLE,Female,,,,,,,,340881.9,340881.90000,,,,,
1991,LIFE_0000000033,nLx - person-years lived between ages x and x+n,https://www.who.int/data/gho/indicator-metadata-registry/imr-details/33,,,,PUBLISHED,Published,,2002.0,2002,,AFR,2002,2002,Africa,,NGA,Nigeria,,AGE5-9,5-9 years,,FMLE,Female,,,,,,,,408447.7,408447.70000,,,,,
1992,LIFE_0000000035,ex - expectation of life at age x,https://www.who.int/data/gho/indicator-metadata-registry/imr-details/35,,,,PUBLISHED,Published,,2002.0,2002,,AFR,2002,2002,Africa,,NGA,Nigeria,,AGE5-9,5-9 years,,FMLE,Female,,,,,,,,53.1,53.05862,,,,,
1993,LIFE_0000000033,nLx - person-years lived between ages x and x+n,https://www.who.int/data/gho/indicator-metadata-registry/imr-details/33,,,,PUBLISHED,Published,,2002.0,2002,,AFR,2002,2002,Africa,,NGA,Nigeria,,AGE10-14,10-14 years,,FMLE,Female,,,,,,,,400659.9,400659.90000,,,,,
1994,LIFE_0000000035,ex - expectation of life at age x,https://www.who.int/data/gho/indicator-metadata-registry/imr-details/35,,,,PUBLISHED,Published,,2002.0,2002,,AFR,2002,2002,Africa,,NGA,Nigeria,,AGE10-14,10-14 years,,FMLE,Female,,,,,,,,49.5,49.45386,,,,,
1995,LIFE_0000000035,ex - expectation of life at age x,https://www.who.int/data/gho/indicator-metadata-registry/imr-details/35,,,,PUBLISHED,Published,,2002.0,2002,,AFR,2002,2002,Africa,,NGA,Nigeria,,AGE15-19,15-19  years,,FMLE,Female,,,,,,,,45,44.97912,,,,,
1996,LIFE_0000000030,nqx - probability of dying between ages x and x+n,https://www.who.int/data/gho/indicator-metadata-registry/imr-details/30,,,,PUBLISHED,Published,,2002.0,2002,,AFR,2002,2002,Africa,,NGA,Nigeria,,AGE20-24,20-24 years,,FMLE,Female,,,,,,,,0.035,0.03479,,,,,
1997,LIFE_0000000030,nqx - probability of dying between ages x and x+n,https://www.who.int/data/gho/indicator-metadata-registry/imr-details/30,,,,PUBLISHED,Published,,2002.0,2002,,AFR,2002,2002,Africa,,NGA,Nigeria,,AGE25-29,25-29 years,,FMLE,Female,,,,,,,,0.047,0.04749,,,,,
1998,LIFE_0000000032,ndx - number of people dying between ages x and x+n,https://www.who.int/data/gho/indicator-metadata-registry/imr-details/32,,,,PUBLISHED,Published,,2002.0,2002,,AFR,2002,2002,Africa,,NGA,Nigeria,,AGE25-29,25-29 years,,FMLE,Female,,,,,,,,3559.61,3559.61000,,,,,
1999,LIFE_0000000030,nqx - probability of dying between ages x and x+n,https://www.who.int/data/gho/indicator-metadata-registry/imr-details/30,,,,PUBLISHED,Published,,2002.0,2002,,AFR,2002,2002,Africa,,NGA,Nigeria,,AGE30-34,30-34 years,,FMLE,Female,,,,,,,,0.051,0.05145,,,,,
2000,LIFE_0000000032,ndx - number of people dying between ages x and x+n,https://www.who.int/data/gho/indicator-metadata-registry/imr-details/32,,,,PUBLISHED,Published,,2002.0,2002,,AFR,2002,2002,Africa,,NGA,Nigeria,,AGE30-34,30-34 years,,FMLE,Female,,,,,,,,3673.64,3673.64000,,,,,
2001,LIFE_0000000032,ndx - number of people dying between ages x and x+n,https://www.who.int/data/gho/indicator-metadata-registry/imr-details/32,,,,PUBLISHED,Published,,2002.0,2002,,AFR,2002,2002,Africa,,NGA,Nigeria,,AGE35-39,35-39 years,,FMLE,Female,,,,,,,,3733.886,3733.88600,,,,,
2002,LIFE_0000000034,Tx - person-years lived above age x,https://www.who.int/data/gho/indicator-metadata-registry/imr-details/34,,,,PUBLISHED,Published,,2002.0,2002,,AFR,2002,2002,Africa,,NGA,Nigeria,,AGE35-39,35-39 years,,FMLE,Female,,,,,,,,2095110,2095110.00000,,,,,
2003,LIFE_0000000034,Tx - person-years lived above age x,https://www.who.int/data/gho/indicator-metadata-registry/imr-details/34,,,,PUBLISHED,Published,,2002.0,2002,,AFR,2002,2002,Africa,,NGA,Nigeria,,AGE40-44,40-44 years,,FMLE,Female,,,,,,,,1765771,1765771.00000,,,,,
2004,LIFE_0000000029,nMx - age-specific death rate between ages x and x+n,https://www.who.int/data/gho/indicator-metadata-registry/imr-details/29,,,,PUBLISHED,Published,,2002.0,2002,,AFR,2002,2002,Africa,,NGA,Nigeria,,AGE45-49,45-49 years,,FMLE,Female,,,,,,,,0.012,0.01171,,,,,
2005,LIFE_0000000034,Tx - person-years lived above age x,https://www.who.int/data/gho/indicator-metadata-registry/imr-details/34,,,,PUBLISHED,Published,,2002.0,2002,,AFR,2002,2002,Africa,,NGA,Nigeria,,AGE45-49,45-49 years,,FMLE,Female,,,,,,,,1454486,1454486.00000,,,,,
2006,LIFE_0000000029,nMx - age-specific death rate between ages x and x+n,https://www.who.int/data/gho/indicator-metadata-registry/imr-details/29,,,,PUBLISHED,Published,,2002.0,2002,,AFR,2002,2002,Africa,,NGA,Nigeria,,AGE50-54,50-54 years,,FMLE,Female,,,,,,,,0.015,0.01468,,,,,
2007,LIFE_0000000029,nMx - age-specific death rate between ages x and x+n,https://www.who.int/data/gho/indicator-metadata-registry/imr-details/29,,,,PUBLISHED,Published,,2002.0,2002,,AFR,2002,2002,Africa,,NGA,Nigeria,,AGE55-59,55-59 years,,FMLE,Female,,,,,,,,0.019,0.01928,,,,,
2008,LIFE_0000000031,lx - number of people left alive at age x,https://www.who.int/data/gho/indicator-metadata-registry/imr-details/31,,,,PUBLISHED,Published,,2002.0,2002,,AFR,2002,2002,Africa,,NGA,Nigeria,,AGE55-59,55-59 years,,FMLE,Female,,,,,,,,53015.27,53015.27000,,,,,
2009,LIFE_0000000031,lx - number of people left alive at age x,https://www.who.int/data/gho/indicator-metadata-registry/imr-details/31,,,,PUBLISHED,Published,,2002.0,2002,,AFR,2002,2002,Africa,,NGA,Nigeria,,AGE60-64,60-64 years,,FMLE,Female,,,,,,,,48129.29,48129.29000,,,,,
2010,LIFE_0000000033,nLx - person-years lived between ages x and x+n,https://www.who.int/data/gho/indicator-metadata-registry/imr-details/33,,,,PUBLISHED,Published,,2002.0,2002,,AFR,2002,2002,Africa,,NGA,Nigeria,,AGE60-64,60-64 years,,FMLE,Female,,,,,,,,222298.6,222298.60000,,,,,
2011,LIFE_0000000031,lx - number of people left alive at age x,https://www.who.int/data/gho/indicator-metadata-registry/imr-details/31,,,,PUBLISHED,Published,,2002.0,2002,,AFR,2002,2002,Africa,,NGA,Nigeria,,AGE65-69,65-69 years,,FMLE,Female,,,,,,,,40399.11,40399.11000,,,,,
2012,LIFE_0000000033,nLx - person-years lived between ages x and x+n,https://www.who.int/data/gho/indicator-metadata-registry/imr-details/33,,,,PUBLISHED,Published,,2002.0,2002,,AFR,2002,2002,Africa,,NGA,Nigeria,,AGE65-69,65-69 years,,FMLE,Female,,,,,,,,178389.9,178389.90000,,,,,
2013,LIFE_0000000033,nLx - person-years lived between ages x and x+n,https://www.who.int/data/gho/indicator-metadata-registry/imr-details/33,,,,PUBLISHED,Published,,2002.0,2002,,AFR,2002,2002,Africa,,NGA,Nigeria,,AGE70-74,70-74 years,,FMLE,Female,,,,,,,,125064.5,125064.50000,,,,,
2014,LIFE_0000000035,ex - expectation of life at age x,https://www.who.int/data/gho/indicator-metadata-registry/imr-details/35,,,,PUBLISHED,Published,,2002.0,2002,,AFR,2002,2002,Africa,,NGA,Nigeria,,AGE70-74,70-74 years,,FMLE,Female,,,,,,,,7.5,7.53138,,,,,
2015,LIFE_0000000035,ex - expectation of life at age x,https://www.who.int/data/gho/indicator-metadata-registry/imr-details/35,,,,PUBLISHED,Published,,2002.0,2002,,AFR,2002,2002,Africa,,NGA,Nigeria,,AGE75-79,75-79 years,,FMLE,Female,,,,,,,,5.5,5.46140,,,,,
2016,LIFE_0000000030,nqx - probability of dying between ages x and x+n,https://www.who.int/data/gho/indicator-metadata-registry/imr-details/30,,,,PUBLISHED,Published,,2002.0,2002,,AFR,2002,2002,Africa,,NGA,Nigeria,,AGE80-84,80-84 years,,FMLE,Female,,,,,,,,0.7,0.70008,,,,,
2017,LIFE_0000000035,ex - expectation of life at age x,https://www.who.int/data/gho/indicator-metadata-registry/imr-details/35,,,,PUBLISHED,Published,,2002.0,2002,,AFR,2002,2002,Africa,,NGA,Nigeria,,AGE80-84,80-84 years,,FMLE,Female,,,,,,,,3.9,3.88468,,,,,
2018,LIFE_0000000030,nqx - probability of dying between ages x and x+n,https://www.who.int/data/gho/indicator-metadata-registry/imr-details/30,,,,PUBLISHED,Published,,2002.0,2002,,AFR,2002,2002,Africa,,NGA,Nigeria,,AGE85PLUS,85+ years,,FMLE,Female,,,,,,,,1,1.00000,,,,,
2019,LIFE_0000000030,nqx - probability of dying between ages x and x+n,https://www.who.int/data/gho/indicator-metadata-registry/imr-details/30,,,,PUBLISHED,Published,,2003.0,2003,,AFR,2003,2003,Africa,,NGA,Nigeria,,AGELT1,<1 year,,MLE,Male,,,,,,,,0.111,0.11088,,,,,
2020,LIFE_0000000032,ndx - number of people dying between ages x and x+n,https://www.who.int/data/gho/indicator-metadata-registry/imr-details/32,,,,PUBLISHED,Published,,2003.0,2003,,AFR,2003,2003,Africa,,NGA,Nigeria,,AGELT1,<1 year,,MLE,Male,,,,,,,,11087.54,11087.54000,,,,,
2021,LIFE_0000000032,ndx - number of people dying between ages x and x+n,https://www.who.int/data/gho/indicator-metadata-registry/imr-details/32,,,,PUBLISHED,Published,,2003.0,2003,,AFR,2003,2003,Africa,,NGA,Nigeria,,AGE1-4,1-4 years,,MLE,Male,,,,,,,,6476.949,6476.94900,,,,,
2022,LIFE_0000000034,Tx - person-years lived above age x,https://www.who.int/data/gho/indicator-metadata-registry/imr-details/34,,,,PUBLISHED,Published,,2003.0,2003,,AFR,2003,2003,Africa,,NGA,Nigeria,,AGE1-4,1-4 years,,MLE,Male,,,,,,,,4698822,4698822.00000,,,,,
2023,LIFE_0000000032,ndx - number of people dying between ages x and x+n,https://www.who.int/data/gho/indicator-metadata-registry/imr-details/32,,,,PUBLISHED,Published,,2003.0,2003,,AFR,2003,2003,Africa,,NGA,Nigeria,,AGE5-9,5-9 years,,MLE,Male,,,,,,,,1736.299,1736.29900,,,,,
2024,LIFE_0000000034,Tx - person-years lived above age x,https://www.who.int/data/gho/indicator-metadata-registry/imr-details/34,,,,PUBLISHED,Published,,2003.0,2003,,AFR,2003,2003,Africa,,NGA,Nigeria,,AGE5-9,5-9 years,,MLE,Male,,,,,,,,4360322,4360322.00000,,,,,
2025,LIFE_0000000029,nMx - age-specific death rate between ages x and x+n,https://www.who.int/data/gho/indicator-metadata-registry/imr-details/29,,,,PUBLISHED,Published,,2003.0,2003,,AFR,2003,2003,Africa,,NGA,Nigeria,,AGE10-14,10-14 years,,MLE,Male,,,,,,,,0.002,0.00169,,,,,
2026,LIFE_0000000034,Tx - person-years lived above age x,https://www.who.int/data/gho/indicator-metadata-registry/imr-details/34,,,,PUBLISHED,Published,,2003.0,2003,,AFR,2003,2003,Africa,,NGA,Nigeria,,AGE10-14,10-14 years,,MLE,Male,,,,,,,,3952485,3952485.00000,,,,,
2027,LIFE_0000000029,nMx - age-specific death rate between ages x and x+n,https://www.who.int/data/gho/indicator-metadata-registry/imr-details/29,,,,PUBLISHED,Published,,2003.0,2003,,AFR,2003,2003,Africa,,NGA,Nigeria,,AGE15-19,15-19  years,,MLE,Male,,,,,,,,0.004,0.00406,,,,,
2028,LIFE_0000000029,nMx - age-specific death rate between ages x and x+n,https://www.who.int/data/gho/indicator-metadata-registry/imr-details/29,,,,PUBLISHED,Published,,2003.0,2003,,AFR,2003,2003,Africa,,NGA,Nigeria,,AGE20-24,20-24 years,,MLE,Male,,,,,,,,0.007,0.00656,,,,,
2029,LIFE_0000000031,lx - number of people left alive at age x,https://www.who.int/data/gho/indicator-metadata-registry/imr-details/31,,,,PUBLISHED,Published,,2003.0,2003,,AFR,2003,2003,Africa,,NGA,Nigeria,,AGE20-24,20-24 years,,MLE,Male,,,,,,,,78413.51,78413.51000,,,,,
2030,LIFE_0000000029,nMx - age-specific death rate between ages x and x+n,https://www.who.int/data/gho/indicator-metadata-registry/imr-details/29,,,,PUBLISHED,Published,,2003.0,2003,,AFR,2003,2003,Africa,,NGA,Nigeria,,AGE25-29,25-29 years,,MLE,Male,,,,,,,,0.008,0.00803,,,,,
2031,LIFE_0000000031,lx - number of people left alive at age x,https://www.who.int/data/gho/indicator-metadata-registry/imr-details/31,,,,PUBLISHED,Published,,2003.0,2003,,AFR,2003,2003,Africa,,NGA,Nigeria,,AGE25-29,25-29 years,,MLE,Male,,,,,,,,75883.94,75883.94000,,,,,
2032,LIFE_0000000033,nLx - person-years lived between ages x and x+n,https://www.who.int/data/gho/indicator-metadata-registry/imr-details/33,,,,PUBLISHED,Published,,2003.0,2003,,AFR,2003,2003,Africa,,NGA,Nigeria,,AGE25-29,25-29 years,,MLE,Male,,,,,,,,371965,371965.00000,,,,,
2033,LIFE_0000000031,lx - number of people left alive at age x,https://www.who.int/data/gho/indicator-metadata-registry/imr-details/31,,,,PUBLISHED,Published,,2003.0,2003,,AFR,2003,2003,Africa,,NGA,Nigeria,,AGE30-34,30-34 years,,MLE,Male,,,,,,,,72895.4,72895.40000,,,,,
2034,LIFE_0000000033,nLx - person-years lived between ages x and x+n,https://www.who.int/data/gho/indicator-metadata-registry/imr-details/33,,,,PUBLISHED,Published,,2003.0,2003,,AFR,2003,2003,Africa,,NGA,Nigeria,,AGE30-34,30-34 years,,MLE,Male,,,,,,,,355982.6,355982.60000,,,,,
2035,LIFE_0000000033,nLx - person-years lived between ages x and x+n,https://www.who.int/data/gho/indicator-metadata-registry/imr-details/33,,,,PUBLISHED,Published,,2003.0,2003,,AFR,2003,2003,Africa,,NGA,Nigeria,,AGE35-39,35-39 years,,MLE,Male,,,,,,,,337647.3,337647.30000,,,,,
2036,LIFE_0000000035,ex - expectation of life at age x,https://www.who.int/data/gho/indicator-metadata-registry/imr-details/35,,,,PUBLISHED,Published,,2003.0,2003,,AFR,2003,2003,Africa,,NGA,Nigeria,,AGE35-39,35-39 years,,MLE,Male,,,,,,,,29.4,29.37120,,,,,
2037,LIFE_0000000033,nLx - person-years lived between ages x and x+n,https://www.who.int/data/gho/indicator-metadata-registry/imr-details/33,,,,PUBLISHED,Published,,2003.0,2003,,AFR,2003,2003,Africa,,NGA,Nigeria,,AGE40-44,40-44 years,,MLE,Male,,,,,,,,317106.6,317106.60000,,,,,
2038,LIFE_0000000035,ex - expectation of life at age x,https://www.who.int/data/gho/indicator-metadata-registry/imr-details/35,,,,PUBLISHED,Published,,2003.0,2003,,AFR,2003,2003,Africa,,NGA,Nigeria,,AGE40-44,40-44 years,,MLE,Male,,,,,,,,26,25.99802,,,,,
2039,LIFE_0000000030,nqx - probability of dying between ages x and x+n,https://www.who.int/data/gho/indicator-metadata-registry/imr-details/30,,,,PUBLISHED,Published,,2003.0,2003,,AFR,2003,2003,Africa,,NGA,Nigeria,,AGE45-49,45-49 years,,MLE,Male,,,,,,,,0.075,0.07452,,,,,
2040,LIFE_0000000035,ex - expectation of life at age x,https://www.who.int/data/gho/indicator-metadata-registry/imr-details/35,,,,PUBLISHED,Published,,2003.0,2003,,AFR,2003,2003,Africa,,NGA,Nigeria,,AGE45-49,45-49 years,,MLE,Male,,,,,,,,22.6,22.63265,,,,,
2041,LIFE_0000000030,nqx - probability of dying between ages x and x+n,https://www.who.int/data/gho/indicator-metadata-registry/imr-details/30,,,,PUBLISHED,Published,,2003.0,2003,,AFR,2003,2003,Africa,,NGA,Nigeria,,AGE50-54,50-54 years,,MLE,Male,,,,,,,,0.092,0.09242,,,,,
2042,LIFE_0000000030,nqx - probability of dying between ages x and x+n,https://www.who.int/data/gho/indicator-metadata-registry/imr-details/30,,,,PUBLISHED,Published,,2003.0,2003,,AFR,2003,2003,Africa,,NGA,Nigeria,,AGE55-59,55-59 years,,MLE,Male,,,,,,,,0.117,0.11706,,,,,
2043,LIFE_0000000032,ndx - number of people dying between ages x and x+n,https://www.who.int/data/gho/indicator-metadata-registry/imr-details/32,,,,PUBLISHED,Published,,2003.0,2003,,AFR,2003,2003,Africa,,NGA,Nigeria,,AGE55-59,55-59 years,,MLE,Male,,,,,,,,6020.855,6020.85500,,,,,
2044,LIFE_0000000032,ndx - number of people dying between ages x and x+n,https://www.who.int/data/gho/indicator-metadata-registry/imr-details/32,,,,PUBLISHED,Published,,2003.0,2003,,AFR,2003,2003,Africa,,NGA,Nigeria,,AGE60-64,60-64 years,,MLE,Male,,,,,,,,8108.049,8108.04900,,,,,
2045,LIFE_0000000034,Tx - person-years lived above age x,https://www.who.int/data/gho/indicator-metadata-registry/imr-details/34,,,,PUBLISHED,Published,,2003.0,2003,,AFR,2003,2003,Africa,,NGA,Nigeria,,AGE60-64,60-64 years,,MLE,Male,,,,,,,,577438.5,577438.50000,,,,,
2046,LIFE_0000000032,ndx - number of people dying between ages x and x+n,https://www.who.int/data/gho/indicator-metadata-registry/imr-details/32,,,,PUBLISHED,Published,,2003.0,2003,,AFR,2003,2003,Africa,,NGA,Nigeria,,AGE65-69,65-69 years,,MLE,Male,,,,,,,,9521.386,9521.38600,,,,,
2047,LIFE_0000000034,Tx - person-years lived above age x,https://www.who.int/data/gho/indicator-metadata-registry/imr-details/34,,,,PUBLISHED,Published,,2003.0,2003,,AFR,2003,2003,Africa,,NGA,Nigeria,,AGE65-69,65-69 years,,MLE,Male,,,,,,,,369932.6,369932.60000,,,,,
2048,LIFE_0000000034,Tx - person-years lived above age x,https://www.who.int/data/gho/indicator-metadata-registry/imr-details/34,,,,PUBLISHED,Published,,2003.0,2003,,AFR,2003,2003,Africa,,NGA,Nigeria,,AGE70-74,70-74 years,,MLE,Male,,,,,,,,206634.7,206634.70000,,,,,
2049,LIFE_0000000029,nMx - age-specific death rate between ages x and x+n,https://www.who.int/data/gho/indicator-metadata-registry/imr-details/29,,,,PUBLISHED,Published,,2003.0,2003,,AFR,2003,2003,Africa,,NGA,Nigeria,,AGE75-79,75-79 years,,MLE,Male,,,,,,,,0.148,0.14771,,,,,
2050,LIFE_0000000029,nMx - age-specific death rate between ages x and x+n,https://www.who.int/data/gho/indicator-metadata-registry/imr-details/29,,,,PUBLISHED,Published,,2003.0,2003,,AFR,2003,2003,Africa,,NGA,Nigeria,,AGE80-84,80-84 years,,MLE,Male,,,,,,,,0.231,0.23074,,,,,
2051,LIFE_0000000031,lx - number of people left alive at age x,https://www.who.int/data/gho/indicator-metadata-registry/imr-details/31,,,,PUBLISHED,Published,,2003.0,2003,,AFR,2003,2003,Africa,,NGA,Nigeria,,AGE80-84,80-84 years,,MLE,Male,,,,,,,,8099.44,8099.44000,,,,,
2052,LIFE_0000000029,nMx - age-specific death rate between ages x and x+n,https://www.who.int/data/gho/indicator-metadata-registry/imr-details/29,,,,PUBLISHED,Published,,2003.0,2003,,AFR,2003,2003,Africa,,NGA,Nigeria,,AGE85PLUS,85+ years,,MLE,Male,,,,,,,,0.363,0.36254,,,,,
2053,LIFE_0000000031,lx - number of people left alive at age x,https://www.who.int/data/gho/indicator-metadata-registry/imr-details/31,,,,PUBLISHED,Published,,2003.0,2003,,AFR,2003,2003,Africa,,NGA,Nigeria,,AGE85PLUS,85+ years,,MLE,Male,,,,,,,,2423.519,2423.51900,,,,,
2054,LIFE_0000000031,lx - number of people left alive at age x,https://www.who.int/data/gho/indicator-metadata-registry/imr-details/31,,,,PUBLISHED,Published,,2003.0,2003,,AFR,2003,2003,Africa,,NGA,Nigeria,,AGELT1,<1 year,,FMLE,Female,,,,,,,,100000,100000.00000,,,,,
2055,LIFE_0000000033,nLx - person-years lived between ages x and x+n,https://www.who.int/data/gho/indicator-metadata-registry/imr-details/33,,,,PUBLISHED,Published,,2003.0,2003,,AFR,2003,2003,Africa,,NGA,Nigeria,,AGELT1,<1 year,,FMLE,Female,,,,,,,,93577.98,93577.98000,,,,,
2056,LIFE_0000000033,nLx - person-years lived between ages x and x+n,https://www.who.int/data/gho/indicator-metadata-registry/imr-details/33,,,,PUBLISHED,Published,,2003.0,2003,,AFR,2003,2003,Africa,,NGA,Nigeria,,AGE1-4,1-4 years,,FMLE,Female,,,,,,,,342982.7,342982.70000,,,,,
2057,LIFE_0000000035,ex - expectation of life at age x,https://www.who.int/data/gho/indicator-metadata-registry/imr-details/35,,,,PUBLISHED,Published,,2003.0,2003,,AFR,2003,2003,Africa,,NGA,Nigeria,,AGE1-4,1-4 years,,FMLE,Female,,,,,,,,52.8,52.83166,,,,,
2058,LIFE_0000000033,nLx - person-years lived between ages x and x+n,https://www.who.int/data/gho/indicator-metadata-registry/imr-details/33,,,,PUBLISHED,Published,,2003.0,2003,,AFR,2003,2003,Africa,,NGA,Nigeria,,AGE5-9,5-9 years,,FMLE,Female,,,,,,,,411624.5,411624.50000,,,,,
2059,LIFE_0000000035,ex - expectation of life at age x,https://www.who.int/data/gho/indicator-metadata-registry/imr-details/35,,,,PUBLISHED,Published,,2003.0,2003,,AFR,2003,2003,Africa,,NGA,Nigeria,,AGE5-9,5-9 years,,FMLE,Female,,,,,,,,53,53.04162,,,,,
2060,LIFE_0000000035,ex - expectation of life at age x,https://www.who.int/data/gho/indicator-metadata-registry/imr-details/35,,,,PUBLISHED,Published,,2003.0,2003,,AFR,2003,2003,Africa,,NGA,Nigeria,,AGE10-14,10-14 years,,FMLE,Female,,,,,,,,49.4,49.39893,,,,,
2061,LIFE_0000000030,nqx - probability of dying between ages x and x+n,https://www.who.int/data/gho/indicator-metadata-registry/imr-details/30,,,,PUBLISHED,Published,,2003.0,2003,,AFR,2003,2003,Africa,,NGA,Nigeria,,AGE15-19,15-19  years,,FMLE,Female,,,,,,,,0.025,0.02510,,,,,
2062,LIFE_0000000030,nqx - probability of dying between ages x and x+n,https://www.who.int/data/gho/indicator-metadata-registry/imr-details/30,,,,PUBLISHED,Published,,2003.0,2003,,AFR,2003,2003,Africa,,NGA,Nigeria,,AGE20-24,20-24 years,,FMLE,Female,,,,,,,,0.034,0.03434,,,,,
2063,LIFE_0000000032,ndx - number of people dying between ages x and x+n,https://www.who.int/data/gho/indicator-metadata-registry/imr-details/32,,,,PUBLISHED,Published,,2003.0,2003,,AFR,2003,2003,Africa,,NGA,Nigeria,,AGE20-24,20-24 years,,FMLE,Female,,,,,,,,2690.008,2690.00800,,,,,
2064,LIFE_0000000030,nqx - probability of dying between ages x and x+n,https://www.who.int/data/gho/indicator-metadata-registry/imr-details/30,,,,PUBLISHED,Published,,2003.0,2003,,AFR,2003,2003,Africa,,NGA,Nigeria,,AGE25-29,25-29 years,,FMLE,Female,,,,,,,,0.048,0.04751,,,,,
2065,LIFE_0000000032,ndx - number of people dying between ages x and x+n,https://www.who.int/data/gho/indicator-metadata-registry/imr-details/32,,,,PUBLISHED,Published,,2003.0,2003,,AFR,2003,2003,Africa,,NGA,Nigeria,,AGE25-29,25-29 years,,FMLE,Female,,,,,,,,3593.462,3593.46200,,,,,
2066,LIFE_0000000032,ndx - number of people dying between ages x and x+n,https://www.who.int/data/gho/indicator-metadata-registry/imr-details/32,,,,PUBLISHED,Published,,2003.0,2003,,AFR,2003,2003,Africa,,NGA,Nigeria,,AGE30-34,30-34 years,,FMLE,Female,,,,,,,,3781.688,3781.68800,,,,,
2067,LIFE_0000000034,Tx - person-years lived above age x,https://www.who.int/data/gho/indicator-metadata-registry/imr-details/34,,,,PUBLISHED,Published,,2003.0,2003,,AFR,2003,2003,Africa,,NGA,Nigeria,,AGE30-34,30-34 years,,FMLE,Female,,,,,,,,2457683,2457683.00000,,,,,
2068,LIFE_0000000034,Tx - person-years lived above age x,https://www.who.int/data/gho/indicator-metadata-registry/imr-details/34,,,,PUBLISHED,Published,,2003.0,2003,,AFR,2003,2003,Africa,,NGA,Nigeria,,AGE35-39,35-39 years,,FMLE,Female,,,,,,,,2106883,2106883.00000,,,,,
2069,LIFE_0000000029,nMx - age-specific death rate between ages x and x+n,https://www.who.int/data/gho/indicator-metadata-registry/imr-details/29,,,,PUBLISHED,Published,,2003.0,2003,,AFR,2003,2003,Africa,,NGA,Nigeria,,AGE40-44,40-44 years,,FMLE,Female,,,,,,,,0.011,0.01137,,,,,
2070,LIFE_0000000034,Tx - person-years lived above age x,https://www.who.int/data/gho/indicator-metadata-registry/imr-details/34,,,,PUBLISHED,Published,,2003.0,2003,,AFR,2003,2003,Africa,,NGA,Nigeria,,AGE40-44,40-44 years,,FMLE,Female,,,,,,,,1775157,1775157.00000,,,,,
2071,LIFE_0000000029,nMx - age-specific death rate between ages x and x+n,https://www.who.int/data/gho/indicator-metadata-registry/imr-details/29,,,,PUBLISHED,Published,,2003.0,2003,,AFR,2003,2003,Africa,,NGA,Nigeria,,AGE45-49,45-49 years,,FMLE,Female,,,,,,,,0.012,0.01181,,,,,
2072,LIFE_0000000029,nMx - age-specific death rate between ages x and x+n,https://www.who.int/data/gho/indicator-metadata-registry/imr-details/29,,,,PUBLISHED,Published,,2003.0,2003,,AFR,2003,2003,Africa,,NGA,Nigeria,,AGE50-54,50-54 years,,FMLE,Female,,,,,,,,0.015,0.01473,,,,,
2073,LIFE_0000000031,lx - number of people left alive at age x,https://www.who.int/data/gho/indicator-metadata-registry/imr-details/31,,,,PUBLISHED,Published,,2003.0,2003,,AFR,2003,2003,Africa,,NGA,Nigeria,,AGE50-54,50-54 years,,FMLE,Female,,,,,,,,57359.68,57359.68000,,,,,
2074,LIFE_0000000031,lx - number of people left alive at age x,https://www.who.int/data/gho/indicator-metadata-registry/imr-details/31,,,,PUBLISHED,Published,,2003.0,2003,,AFR,2003,2003,Africa,,NGA,Nigeria,,AGE55-59,55-59 years,,FMLE,Female,,,,,,,,53280.49,53280.49000,,,,,
2075,LIFE_0000000033,nLx - person-years lived between ages x and x+n,https://www.who.int/data/gho/indicator-metadata-registry/imr-details/33,,,,PUBLISHED,Published,,2003.0,2003,,AFR,2003,2003,Africa,,NGA,Nigeria,,AGE55-59,55-59 years,,FMLE,Female,,,,,,,,254771.7,254771.70000,,,,,
2076,LIFE_0000000031,lx - number of people left alive at age x,https://www.who.int/data/gho/indicator-metadata-registry/imr-details/31,,,,PUBLISHED,Published,,2003.0,2003,,AFR,2003,2003,Africa,,NGA,Nigeria,,AGE60-64,60-64 years,,FMLE,Female,,,,,,,,48377.52,48377.52000,,,,,
2077,LIFE_0000000033,nLx - person-years lived between ages x and x+n,https://www.who.int/data/gho/indicator-metadata-registry/imr-details/33,,,,PUBLISHED,Published,,2003.0,2003,,AFR,2003,2003,Africa,,NGA,Nigeria,,AGE60-64,60-64 years,,FMLE,Female,,,,,,,,223428,223428.00000,,,,,
2078,LIFE_0000000033,nLx - person-years lived between ages x and x+n,https://www.who.int/data/gho/indicator-metadata-registry/imr-details/33,,,,PUBLISHED,Published,,2003.0,2003,,AFR,2003,2003,Africa,,NGA,Nigeria,,AGE65-69,65-69 years,,FMLE,Female,,,,,,,,179272.4,179272.40000,,,,,
2079,LIFE_0000000035,ex - expectation of life at age x,https://www.who.int/data/gho/indicator-metadata-registry/imr-details/35,,,,PUBLISHED,Published,,2003.0,2003,,AFR,2003,2003,Africa,,NGA,Nigeria,,AGE65-69,65-69 years,,FMLE,Female,,,,,,,,10.1,10.12418,,,,,
2080,LIFE_0000000035,ex - expectation of life at age x,https://www.who.int/data/gho/indicator-metadata-registry/imr-details/35,,,,PUBLISHED,Published,,2003.0,2003,,AFR,2003,2003,Africa,,NGA,Nigeria,,AGE70-74,70-74 years,,FMLE,Female,,,,,,,,7.5,7.53208,,,,,
2081,LIFE_0000000030,nqx - probability of dying between ages x and x+n,https://www.who.int/data/gho/indicator-metadata-registry/imr-details/30,,,,PUBLISHED,Published,,2003.0,2003,,AFR,2003,2003,Africa,,NGA,Nigeria,,AGE75-79,75-79 years,,FMLE,Female,,,,,,,,0.527,0.52740,,,,,
2082,LIFE_0000000035,ex - expectation of life at age x,https://www.who.int/data/gho/indicator-metadata-registry/imr-details/35,,,,PUBLISHED,Published,,2003.0,2003,,AFR,2003,2003,Africa,,NGA,Nigeria,,AGE75-79,75-79 years,,FMLE,Female,,,,,,,,5.5,5.46229,,,,,
2083,LIFE_0000000030,nqx - probability of dying between ages x and x+n,https://www.who.int/data/gho/indicator-metadata-registry/imr-details/30,,,,PUBLISHED,Published,,2003.0,2003,,AFR,2003,2003,Africa,,NGA,Nigeria,,AGE80-84,80-84 years,,FMLE,Female,,,,,,,,0.7,0.70000,,,,,
2084,LIFE_0000000032,ndx - number of people dying between ages x and x+n,https://www.who.int/data/gho/indicator-metadata-registry/imr-details/32,,,,PUBLISHED,Published,,2003.0,2003,,AFR,2003,2003,Africa,,NGA,Nigeria,,AGE80-84,80-84 years,,FMLE,Female,,,,,,,,6425.482,6425.48200,,,,,
2085,LIFE_0000000030,nqx - probability of dying between ages x and x+n,https://www.who.int/data/gho/indicator-metadata-registry/imr-details/30,,,,PUBLISHED,Published,,2003.0,2003,,AFR,2003,2003,Africa,,NGA,Nigeria,,AGE85PLUS,85+ years,,FMLE,Female,,,,,,,,1,1.00000,,,,,
2086,LIFE_0000000032,ndx - number of people dying between ages x and x+n,https://www.who.int/data/gho/indicator-metadata-registry/imr-details/32,,,,PUBLISHED,Published,,2003.0,2003,,AFR,2003,2003,Africa,,NGA,Nigeria,,AGE85PLUS,85+ years,,FMLE,Female,,,,,,,,2753.777,2753.77700,,,,,
2087,LIFE_0000000032,ndx - number of people dying between ages x and x+n,https://www.who.int/data/gho/indicator-metadata-registry/imr-details/32,,,,PUBLISHED,Published,,2004.0,2004,,AFR,2004,2004,Africa,,NGA,Nigeria,,AGELT1,<1 year,,MLE,Male,,,,,,,,10742.01,10742.01000,,,,,
2088,LIFE_0000000034,Tx - person-years lived above age x,https://www.who.int/data/gho/indicator-metadata-registry/imr-details/34,,,,PUBLISHED,Published,,2004.0,2004,,AFR,2004,2004,Africa,,NGA,Nigeria,,AGELT1,<1 year,,MLE,Male,,,,,,,,4845423,4845423.00000,,,,,
2089,LIFE_0000000032,ndx - number of people dying between ages x and x+n,https://www.who.int/data/gho/indicator-metadata-registry/imr-details/32,,,,PUBLISHED,Published,,2004.0,2004,,AFR,2004,2004,Africa,,NGA,Nigeria,,AGE1-4,1-4 years,,MLE,Male,,,,,,,,6214.721,6214.72100,,,,,
2090,LIFE_0000000034,Tx - person-years lived above age x,https://www.who.int/data/gho/indicator-metadata-registry/imr-details/34,,,,PUBLISHED,Published,,2004.0,2004,,AFR,2004,2004,Africa,,NGA,Nigeria,,AGE1-4,1-4 years,,MLE,Male,,,,,,,,4752639,4752639.00000,,,,,
2091,LIFE_0000000029,nMx - age-specific death rate between ages x and x+n,https://www.who.int/data/gho/indicator-metadata-registry/imr-details/29,,,,PUBLISHED,Published,,2004.0,2004,,AFR,2004,2004,Africa,,NGA,Nigeria,,AGE5-9,5-9 years,,MLE,Male,,,,,,,,0.004,0.00410,,,,,
2092,LIFE_0000000034,Tx - person-years lived above age x,https://www.who.int/data/gho/indicator-metadata-registry/imr-details/34,,,,PUBLISHED,Published,,2004.0,2004,,AFR,2004,2004,Africa,,NGA,Nigeria,,AGE5-9,5-9 years,,MLE,Male,,,,,,,,4412052,4412052.00000,,,,,
2093,LIFE_0000000029,nMx - age-specific death rate between ages x and x+n,https://www.who.int/data/gho/indicator-metadata-registry/imr-details/29,,,,PUBLISHED,Published,,2004.0,2004,,AFR,2004,2004,Africa,,NGA,Nigeria,,AGE10-14,10-14 years,,MLE,Male,,,,,,,,0.002,0.00168,,,,,
2094,LIFE_0000000029,nMx - age-specific death rate between ages x and x+n,https://www.who.int/data/gho/indicator-metadata-registry/imr-details/29,,,,PUBLISHED,Published,,2004.0,2004,,AFR,2004,2004,Africa,,NGA,Nigeria,,AGE15-19,15-19  years,,MLE,Male,,,,,,,,0.004,0.00391,,,,,
2095,LIFE_0000000031,lx - number of people left alive at age x,https://www.who.int/data/gho/indicator-metadata-registry/imr-details/31,,,,PUBLISHED,Published,,2004.0,2004,,AFR,2004,2004,Africa,,NGA,Nigeria,,AGE15-19,15-19  years,,MLE,Male,,,,,,,,80676.99,80676.99000,,,,,
2096,LIFE_0000000029,nMx - age-specific death rate between ages x and x+n,https://www.who.int/data/gho/indicator-metadata-registry/imr-details/29,,,,PUBLISHED,Published,,2004.0,2004,,AFR,2004,2004,Africa,,NGA,Nigeria,,AGE20-24,20-24 years,,MLE,Male,,,,,,,,0.006,0.00632,,,,,
2097,LIFE_0000000031,lx - number of people left alive at age x,https://www.who.int/data/gho/indicator-metadata-registry/imr-details/31,,,,PUBLISHED,Published,,2004.0,2004,,AFR,2004,2004,Africa,,NGA,Nigeria,,AGE20-24,20-24 years,,MLE,Male,,,,,,,,79113.09,79113.09000,,,,,
2098,LIFE_0000000033,nLx - person-years lived between ages x and x+n,https://www.who.int/data/gho/indicator-metadata-registry/imr-details/33,,,,PUBLISHED,Published,,2004.0,2004,,AFR,2004,2004,Africa,,NGA,Nigeria,,AGE20-24,20-24 years,,MLE,Male,,,,,,,,389466.3,389466.30000,,,,,
2099,LIFE_0000000031,lx - number of people left alive at age x,https://www.who.int/data/gho/indicator-metadata-registry/imr-details/31,,,,PUBLISHED,Published,,2004.0,2004,,AFR,2004,2004,Africa,,NGA,Nigeria,,AGE25-29,25-29 years,,MLE,Male,,,,,,,,76653.11,76653.11000,,,,,
2100,LIFE_0000000033,nLx - person-years lived between ages x and x+n,https://www.who.int/data/gho/indicator-metadata-registry/imr-details/33,,,,PUBLISHED,Published,,2004.0,2004,,AFR,2004,2004,Africa,,NGA,Nigeria,,AGE25-29,25-29 years,,MLE,Male,,,,,,,,375906.1,375906.10000,,,,,
2101,LIFE_0000000033,nLx - person-years lived between ages x and x+n,https://www.who.int/data/gho/indicator-metadata-registry/imr-details/33,,,,PUBLISHED,Published,,2004.0,2004,,AFR,2004,2004,Africa,,NGA,Nigeria,,AGE30-34,30-34 years,,MLE,Male,,,,,,,,359988,359988.00000,,,,,
2102,LIFE_0000000035,ex - expectation of life at age x,https://www.who.int/data/gho/indicator-metadata-registry/imr-details/35,,,,PUBLISHED,Published,,2004.0,2004,,AFR,2004,2004,Africa,,NGA,Nigeria,,AGE30-34,30-34 years,,MLE,Male,,,,,,,,33,32.98408,,,,,
2103,LIFE_0000000035,ex - expectation of life at age x,https://www.who.int/data/gho/indicator-metadata-registry/imr-details/35,,,,PUBLISHED,Published,,2004.0,2004,,AFR,2004,2004,Africa,,NGA,Nigeria,,AGE35-39,35-39 years,,MLE,Male,,,,,,,,29.5,29.46989,,,,,
2104,LIFE_0000000030,nqx - probability of dying between ages x and x+n,https://www.who.int/data/gho/indicator-metadata-registry/imr-details/30,,,,PUBLISHED,Published,,2004.0,2004,,AFR,2004,2004,Africa,,NGA,Nigeria,,AGE40-44,40-44 years,,MLE,Male,,,,,,,,0.065,0.06488,,,,,
2105,LIFE_0000000035,ex - expectation of life at age x,https://www.who.int/data/gho/indicator-metadata-registry/imr-details/35,,,,PUBLISHED,Published,,2004.0,2004,,AFR,2004,2004,Africa,,NGA,Nigeria,,AGE40-44,40-44 years,,MLE,Male,,,,,,,,26.1,26.09141,,,,,
2106,LIFE_0000000030,nqx - probability of dying between ages x and x+n,https://www.who.int/data/gho/indicator-metadata-registry/imr-details/30,,,,PUBLISHED,Published,,2004.0,2004,,AFR,2004,2004,Africa,,NGA,Nigeria,,AGE45-49,45-49 years,,MLE,Male,,,,,,,,0.074,0.07395,,,,,
2107,LIFE_0000000030,nqx - probability of dying between ages x and x+n,https://www.who.int/data/gho/indicator-metadata-registry/imr-details/30,,,,PUBLISHED,Published,,2004.0,2004,,AFR,2004,2004,Africa,,NGA,Nigeria,,AGE50-54,50-54 years,,MLE,Male,,,,,,,,0.092,0.09162,,,,,
2108,LIFE_0000000032,ndx - number of people dying between ages x and x+n,https://www.who.int/data/gho/indicator-metadata-registry/imr-details/32,,,,PUBLISHED,Published,,2004.0,2004,,AFR,2004,2004,Africa,,NGA,Nigeria,,AGE50-54,50-54 years,,MLE,Male,,,,,,,,5258.888,5258.88800,,,,,
2109,LIFE_0000000032,ndx - number of people dying between ages x and x+n,https://www.who.int/data/gho/indicator-metadata-registry/imr-details/32,,,,PUBLISHED,Published,,2004.0,2004,,AFR,2004,2004,Africa,,NGA,Nigeria,,AGE55-59,55-59 years,,MLE,Male,,,,,,,,6028.076,6028.07600,,,,,
2110,LIFE_0000000034,Tx - person-years lived above age x,https://www.who.int/data/gho/indicator-metadata-registry/imr-details/34,,,,PUBLISHED,Published,,2004.0,2004,,AFR,2004,2004,Africa,,NGA,Nigeria,,AGE55-59,55-59 years,,MLE,Male,,,,,,,,835412.6,835412.60000,,,,,
2111,LIFE_0000000032,ndx - number of people dying between ages x and x+n,https://www.who.int/data/gho/indicator-metadata-registry/imr-details/32,,,,PUBLISHED,Published,,2004.0,2004,,AFR,2004,2004,Africa,,NGA,Nigeria,,AGE60-64,60-64 years,,MLE,Male,,,,,,,,8163.865,8163.86500,,,,,
2112,LIFE_0000000034,Tx - person-years lived above age x,https://www.who.int/data/gho/indicator-metadata-registry/imr-details/34,,,,PUBLISHED,Published,,2004.0,2004,,AFR,2004,2004,Africa,,NGA,Nigeria,,AGE60-64,60-64 years,,MLE,Male,,,,,,,,589205.4,589205.40000,,,,,
2113,LIFE_0000000034,Tx - person-years lived above age x,https://www.who.int/data/gho/indicator-metadata-registry/imr-details/34,,,,PUBLISHED,Published,,2004.0,2004,,AFR,2004,2004,Africa,,NGA,Nigeria,,AGE65-69,65-69 years,,MLE,Male,,,,,,,,378342.4,378342.40000,,,,,
2114,LIFE_0000000029,nMx - age-specific death rate between ages x and x+n,https://www.who.int/data/gho/indicator-metadata-registry/imr-details/29,,,,PUBLISHED,Published,,2004.0,2004,,AFR,2004,2004,Africa,,NGA,Nigeria,,AGE70-74,70-74 years,,MLE,Male,,,,,,,,0.092,0.09175,,,,,
2115,LIFE_0000000029,nMx - age-specific death rate between ages x and x+n,https://www.who.int/data/gho/indicator-metadata-registry/imr-details/29,,,,PUBLISHED,Published,,2004.0,2004,,AFR,2004,2004,Africa,,NGA,Nigeria,,AGE75-79,75-79 years,,MLE,Male,,,,,,,,0.146,0.14643,,,,,
2116,LIFE_0000000031,lx - number of people left alive at age x,https://www.who.int/data/gho/indicator-metadata-registry/imr-details/31,,,,PUBLISHED,Published,,2004.0,2004,,AFR,2004,2004,Africa,,NGA,Nigeria,,AGE75-79,75-79 years,,MLE,Male,,,,,,,,17763.47,17763.47000,,,,,
2117,LIFE_0000000029,nMx - age-specific death rate between ages x and x+n,https://www.who.int/data/gho/indicator-metadata-registry/imr-details/29,,,,PUBLISHED,Published,,2004.0,2004,,AFR,2004,2004,Africa,,NGA,Nigeria,,AGE80-84,80-84 years,,MLE,Male,,,,,,,,0.229,0.22899,,,,,
2118,LIFE_0000000031,lx - number of people left alive at age x,https://www.who.int/data/gho/indicator-metadata-registry/imr-details/31,,,,PUBLISHED,Published,,2004.0,2004,,AFR,2004,2004,Africa,,NGA,Nigeria,,AGE80-84,80-84 years,,MLE,Male,,,,,,,,8356.782,8356.78200,,,,,
2119,LIFE_0000000031,lx - number of people left alive at age x,https://www.who.int/data/gho/indicator-metadata-registry/imr-details/31,,,,PUBLISHED,Published,,2004.0,2004,,AFR,2004,2004,Africa,,NGA,Nigeria,,AGE85PLUS,85+ years,,MLE,Male,,,,,,,,2524.865,2524.86500,,,,,
2120,LIFE_0000000033,nLx - person-years lived between ages x and x+n,https://www.who.int/data/gho/indicator-metadata-registry/imr-details/33,,,,PUBLISHED,Published,,2004.0,2004,,AFR,2004,2004,Africa,,NGA,Nigeria,,AGE85PLUS,85+ years,,MLE,Male,,,,,,,,7004.743,7004.74300,,,,,
2121,LIFE_0000000033,nLx - person-years lived between ages x and x+n,https://www.who.int/data/gho/indicator-metadata-registry/imr-details/33,,,,PUBLISHED,Published,,2004.0,2004,,AFR,2004,2004,Africa,,NGA,Nigeria,,AGELT1,<1 year,,FMLE,Female,,,,,,,,93737.16,93737.16000,,,,,
2122,LIFE_0000000035,ex - expectation of life at age x,https://www.who.int/data/gho/indicator-metadata-registry/imr-details/35,,,,PUBLISHED,Published,,2004.0,2004,,AFR,2004,2004,Africa,,NGA,Nigeria,,AGELT1,<1 year,,FMLE,Female,,,,,,,,49.1,49.14265,,,,,
2123,LIFE_0000000033,nLx - person-years lived between ages x and x+n,https://www.who.int/data/gho/indicator-metadata-registry/imr-details/33,,,,PUBLISHED,Published,,2004.0,2004,,AFR,2004,2004,Africa,,NGA,Nigeria,,AGE1-4,1-4 years,,FMLE,Female,,,,,,,,345000.4,345000.40000,,,,,
2124,LIFE_0000000035,ex - expectation of life at age x,https://www.who.int/data/gho/indicator-metadata-registry/imr-details/35,,,,PUBLISHED,Published,,2004.0,2004,,AFR,2004,2004,Africa,,NGA,Nigeria,,AGE1-4,1-4 years,,FMLE,Female,,,,,,,,53.2,53.22494,,,,,
2125,LIFE_0000000035,ex - expectation of life at age x,https://www.who.int/data/gho/indicator-metadata-registry/imr-details/35,,,,PUBLISHED,Published,,2004.0,2004,,AFR,2004,2004,Africa,,NGA,Nigeria,,AGE5-9,5-9 years,,FMLE,Female,,,,,,,,53.3,53.27864,,,,,
2126,LIFE_0000000030,nqx - probability of dying between ages x and x+n,https://www.who.int/data/gho/indicator-metadata-registry/imr-details/30,,,,PUBLISHED,Published,,2004.0,2004,,AFR,2004,2004,Africa,,NGA,Nigeria,,AGE10-14,10-14 years,,FMLE,Female,,,,,,,,0.011,0.01090,,,,,
2127,LIFE_0000000030,nqx - probability of dying between ages x and x+n,https://www.who.int/data/gho/indicator-metadata-registry/imr-details/30,,,,PUBLISHED,Published,,2004.0,2004,,AFR,2004,2004,Africa,,NGA,Nigeria,,AGE15-19,15-19  years,,FMLE,Female,,,,,,,,0.024,0.02436,,,,,
2128,LIFE_0000000032,ndx - number of people dying between ages x and x+n,https://www.who.int/data/gho/indicator-metadata-registry/imr-details/32,,,,PUBLISHED,Published,,2004.0,2004,,AFR,2004,2004,Africa,,NGA,Nigeria,,AGE15-19,15-19  years,,FMLE,Female,,,,,,,,1972.557,1972.55700,,,,,
2129,LIFE_0000000030,nqx - probability of dying between ages x and x+n,https://www.who.int/data/gho/indicator-metadata-registry/imr-details/30,,,,PUBLISHED,Published,,2004.0,2004,,AFR,2004,2004,Africa,,NGA,Nigeria,,AGE20-24,20-24 years,,FMLE,Female,,,,,,,,0.033,0.03322,,,,,
2130,LIFE_0000000032,ndx - number of people dying between ages x and x+n,https://www.who.int/data/gho/indicator-metadata-registry/imr-details/32,,,,PUBLISHED,Published,,2004.0,2004,,AFR,2004,2004,Africa,,NGA,Nigeria,,AGE20-24,20-24 years,,FMLE,Female,,,,,,,,2624.144,2624.14400,,,,,
2131,LIFE_0000000032,ndx - number of people dying between ages x and x+n,https://www.who.int/data/gho/indicator-metadata-registry/imr-details/32,,,,PUBLISHED,Published,,2004.0,2004,,AFR,2004,2004,Africa,,NGA,Nigeria,,AGE25-29,25-29 years,,FMLE,Female,,,,,,,,3542.862,3542.86200,,,,,
2132,LIFE_0000000034,Tx - person-years lived above age x,https://www.who.int/data/gho/indicator-metadata-registry/imr-details/34,,,,PUBLISHED,Published,,2004.0,2004,,AFR,2004,2004,Africa,,NGA,Nigeria,,AGE25-29,25-29 years,,FMLE,Female,,,,,,,,2865089,2865089.00000,,,,,
2133,LIFE_0000000034,Tx - person-years lived above age x,https://www.who.int/data/gho/indicator-metadata-registry/imr-details/34,,,,PUBLISHED,Published,,2004.0,2004,,AFR,2004,2004,Africa,,NGA,Nigeria,,AGE30-34,30-34 years,,FMLE,Female,,,,,,,,2492055,2492055.00000,,,,,
2134,LIFE_0000000029,nMx - age-specific death rate between ages x and x+n,https://www.who.int/data/gho/indicator-metadata-registry/imr-details/29,,,,PUBLISHED,Published,,2004.0,2004,,AFR,2004,2004,Africa,,NGA,Nigeria,,AGE35-39,35-39 years,,FMLE,Female,,,,,,,,0.012,0.01159,,,,,
2135,LIFE_0000000034,Tx - person-years lived above age x,https://www.who.int/data/gho/indicator-metadata-registry/imr-details/34,,,,PUBLISHED,Published,,2004.0,2004,,AFR,2004,2004,Africa,,NGA,Nigeria,,AGE35-39,35-39 years,,FMLE,Female,,,,,,,,2137405,2137405.00000,,,,,
2136,LIFE_0000000029,nMx - age-specific death rate between ages x and x+n,https://www.who.int/data/gho/indicator-metadata-registry/imr-details/29,,,,PUBLISHED,Published,,2004.0,2004,,AFR,2004,2004,Africa,,NGA,Nigeria,,AGE40-44,40-44 years,,FMLE,Female,,,,,,,,0.011,0.01131,,,,,
2137,LIFE_0000000029,nMx - age-specific death rate between ages x and x+n,https://www.who.int/data/gho/indicator-metadata-registry/imr-details/29,,,,PUBLISHED,Published,,2004.0,2004,,AFR,2004,2004,Africa,,NGA,Nigeria,,AGE45-49,45-49 years,,FMLE,Female,,,,,,,,0.012,0.01169,,,,,
2138,LIFE_0000000031,lx - number of people left alive at age x,https://www.who.int/data/gho/indicator-metadata-registry/imr-details/31,,,,PUBLISHED,Published,,2004.0,2004,,AFR,2004,2004,Africa,,NGA,Nigeria,,AGE45-49,45-49 years,,FMLE,Female,,,,,,,,61554.28,61554.28000,,,,,
2139,LIFE_0000000031,lx - number of people left alive at age x,https://www.who.int/data/gho/indicator-metadata-registry/imr-details/31,,,,PUBLISHED,Published,,2004.0,2004,,AFR,2004,2004,Africa,,NGA,Nigeria,,AGE50-54,50-54 years,,FMLE,Female,,,,,,,,58055.73,58055.73000,,,,,
2140,LIFE_0000000033,nLx - person-years lived between ages x and x+n,https://www.who.int/data/gho/indicator-metadata-registry/imr-details/33,,,,PUBLISHED,Published,,2004.0,2004,,AFR,2004,2004,Africa,,NGA,Nigeria,,AGE50-54,50-54 years,,FMLE,Female,,,,,,,,280487.2,280487.20000,,,,,
2141,LIFE_0000000031,lx - number of people left alive at age x,https://www.who.int/data/gho/indicator-metadata-registry/imr-details/31,,,,PUBLISHED,Published,,2004.0,2004,,AFR,2004,2004,Africa,,NGA,Nigeria,,AGE55-59,55-59 years,,FMLE,Female,,,,,,,,53981.35,53981.35000,,,,,
2142,LIFE_0000000033,nLx - person-years lived between ages x and x+n,https://www.who.int/data/gho/indicator-metadata-registry/imr-details/33,,,,PUBLISHED,Published,,2004.0,2004,,AFR,2004,2004,Africa,,NGA,Nigeria,,AGE55-59,55-59 years,,FMLE,Female,,,,,,,,258309.9,258309.90000,,,,,
2143,LIFE_0000000033,nLx - person-years lived between ages x and x+n,https://www.who.int/data/gho/indicator-metadata-registry/imr-details/33,,,,PUBLISHED,Published,,2004.0,2004,,AFR,2004,2004,Africa,,NGA,Nigeria,,AGE60-64,60-64 years,,FMLE,Female,,,,,,,,226925.4,226925.40000,,,,,
2144,LIFE_0000000035,ex - expectation of life at age x,https://www.who.int/data/gho/indicator-metadata-registry/imr-details/35,,,,PUBLISHED,Published,,2004.0,2004,,AFR,2004,2004,Africa,,NGA,Nigeria,,AGE60-64,60-64 years,,FMLE,Female,,,,,,,,13.2,13.18352,,,,,
2145,LIFE_0000000035,ex - expectation of life at age x,https://www.who.int/data/gho/indicator-metadata-registry/imr-details/35,,,,PUBLISHED,Published,,2004.0,2004,,AFR,2004,2004,Africa,,NGA,Nigeria,,AGE65-69,65-69 years,,FMLE,Female,,,,,,,,10.2,10.18094,,,,,
2146,LIFE_0000000030,nqx - probability of dying between ages x and x+n,https://www.who.int/data/gho/indicator-metadata-registry/imr-details/30,,,,PUBLISHED,Published,,2004.0,2004,,AFR,2004,2004,Africa,,NGA,Nigeria,,AGE70-74,70-74 years,,FMLE,Female,,,,,,,,0.366,0.36593,,,,,
2147,LIFE_0000000035,ex - expectation of life at age x,https://www.who.int/data/gho/indicator-metadata-registry/imr-details/35,,,,PUBLISHED,Published,,2004.0,2004,,AFR,2004,2004,Africa,,NGA,Nigeria,,AGE70-74,70-74 years,,FMLE,Female,,,,,,,,7.6,7.57736,,,,,
2148,LIFE_0000000030,nqx - probability of dying between ages x and x+n,https://www.who.int/data/gho/indicator-metadata-registry/imr-details/30,,,,PUBLISHED,Published,,2004.0,2004,,AFR,2004,2004,Africa,,NGA,Nigeria,,AGE75-79,75-79 years,,FMLE,Female,,,,,,,,0.524,0.52408,,,,,
2149,LIFE_0000000032,ndx - number of people dying between ages x and x+n,https://www.who.int/data/gho/indicator-metadata-registry/imr-details/32,,,,PUBLISHED,Published,,2004.0,2004,,AFR,2004,2004,Africa,,NGA,Nigeria,,AGE75-79,75-79 years,,FMLE,Female,,,,,,,,10427.21,10427.21000,,,,,
2150,LIFE_0000000030,nqx - probability of dying between ages x and x+n,https://www.who.int/data/gho/indicator-metadata-registry/imr-details/30,,,,PUBLISHED,Published,,2004.0,2004,,AFR,2004,2004,Africa,,NGA,Nigeria,,AGE80-84,80-84 years,,FMLE,Female,,,,,,,,0.697,0.69693,,,,,
2151,LIFE_0000000032,ndx - number of people dying between ages x and x+n,https://www.who.int/data/gho/indicator-metadata-registry/imr-details/32,,,,PUBLISHED,Published,,2004.0,2004,,AFR,2004,2004,Africa,,NGA,Nigeria,,AGE80-84,80-84 years,,FMLE,Female,,,,,,,,6599.269,6599.26900,,,,,
2152,LIFE_0000000032,ndx - number of people dying between ages x and x+n,https://www.who.int/data/gho/indicator-metadata-registry/imr-details/32,,,,PUBLISHED,Published,,2004.0,2004,,AFR,2004,2004,Africa,,NGA,Nigeria,,AGE85PLUS,85+ years,,FMLE,Female,,,,,,,,2869.743,2869.74300,,,,,
2153,LIFE_0000000034,Tx - person-years lived above age x,https://www.who.int/data/gho/indicator-metadata-registry/imr-details/34,,,,PUBLISHED,Published,,2004.0,2004,,AFR,2004,2004,Africa,,NGA,Nigeria,,AGE85PLUS,85+ years,,FMLE,Female,,,,,,,,8145.289,8145.28900,,,,,
2154,LIFE_0000000032,ndx - number of people dying between ages x and x+n,https://www.who.int/data/gho/indicator-metadata-registry/imr-details/32,,,,PUBLISHED,Published,,2005.0,2005,,AFR,2005,2005,Africa,,NGA,Nigeria,,AGELT1,<1 year,,MLE,Male,,,,,,,,10378.8,10378.80000,,,,,
2155,LIFE_0000000034,Tx - person-years lived above age x,https://www.who.int/data/gho/indicator-metadata-registry/imr-details/34,,,,PUBLISHED,Published,,2005.0,2005,,AFR,2005,2005,Africa,,NGA,Nigeria,,AGELT1,<1 year,,MLE,Male,,,,,,,,4922106,4922106.00000,,,,,
2156,LIFE_0000000029,nMx - age-specific death rate between ages x and x+n,https://www.who.int/data/gho/indicator-metadata-registry/imr-details/29,,,,PUBLISHED,Published,,2005.0,2005,,AFR,2005,2005,Africa,,NGA,Nigeria,,AGE1-4,1-4 years,,MLE,Male,,,,,,,,0.017,0.01731,,,,,
2157,LIFE_0000000034,Tx - person-years lived above age x,https://www.who.int/data/gho/indicator-metadata-registry/imr-details/34,,,,PUBLISHED,Published,,2005.0,2005,,AFR,2005,2005,Africa,,NGA,Nigeria,,AGE1-4,1-4 years,,MLE,Male,,,,,,,,4829107,4829107.00000,,,,,
2158,LIFE_0000000029,nMx - age-specific death rate between ages x and x+n,https://www.who.int/data/gho/indicator-metadata-registry/imr-details/29,,,,PUBLISHED,Published,,2005.0,2005,,AFR,2005,2005,Africa,,NGA,Nigeria,,AGE5-9,5-9 years,,MLE,Male,,,,,,,,0.004,0.00394,,,,,
2159,LIFE_0000000029,nMx - age-specific death rate between ages x and x+n,https://www.who.int/data/gho/indicator-metadata-registry/imr-details/29,,,,PUBLISHED,Published,,2005.0,2005,,AFR,2005,2005,Africa,,NGA,Nigeria,,AGE10-14,10-14 years,,MLE,Male,,,,,,,,0.002,0.00164,,,,,
2160,LIFE_0000000029,nMx - age-specific death rate between ages x and x+n,https://www.who.int/data/gho/indicator-metadata-registry/imr-details/29,,,,PUBLISHED,Published,,2005.0,2005,,AFR,2005,2005,Africa,,NGA,Nigeria,,AGE45-49,45-49 years,,MLE,Male,,,,,,,,0.015,0.01501,,,,,
2161,LIFE_0000000031,lx - number of people left alive at age x,https://www.who.int/data/gho/indicator-metadata-registry/imr-details/31,,,,PUBLISHED,Published,,2005.0,2005,,AFR,2005,2005,Africa,,NGA,Nigeria,,AGE45-49,45-49 years,,MLE,Male,,,,,,,,63144.66,63144.66000,,,,,
2162,LIFE_0000000031,lx - number of people left alive at age x,https://www.who.int/data/gho/indicator-metadata-registry/imr-details/31,,,,PUBLISHED,Published,,2005.0,2005,,AFR,2005,2005,Africa,,NGA,Nigeria,,AGE50-54,50-54 years,,MLE,Male,,,,,,,,58573.07,58573.07000,,,,,
2163,LIFE_0000000033,nLx - person-years lived between ages x and x+n,https://www.who.int/data/gho/indicator-metadata-registry/imr-details/33,,,,PUBLISHED,Published,,2005.0,2005,,AFR,2005,2005,Africa,,NGA,Nigeria,,AGE50-54,50-54 years,,MLE,Male,,,,,,,,280177.9,280177.90000,,,,,
2164,LIFE_0000000033,nLx - person-years lived between ages x and x+n,https://www.who.int/data/gho/indicator-metadata-registry/imr-details/33,,,,PUBLISHED,Published,,2005.0,2005,,AFR,2005,2005,Africa,,NGA,Nigeria,,AGE55-59,55-59 years,,MLE,Male,,,,,,,,252078,252078.00000,,,,,
2165,LIFE_0000000035,ex - expectation of life at age x,https://www.who.int/data/gho/indicator-metadata-registry/imr-details/35,,,,PUBLISHED,Published,,2005.0,2005,,AFR,2005,2005,Africa,,NGA,Nigeria,,AGE55-59,55-59 years,,MLE,Male,,,,,,,,16.2,16.16246,,,,,
2166,LIFE_0000000033,nLx - person-years lived between ages x and x+n,https://www.who.int/data/gho/indicator-metadata-registry/imr-details/33,,,,PUBLISHED,Published,,2005.0,2005,,AFR,2005,2005,Africa,,NGA,Nigeria,,AGE60-64,60-64 years,,MLE,Male,,,,,,,,216567.1,216567.10000,,,,,
2167,LIFE_0000000035,ex - expectation of life at age x,https://www.who.int/data/gho/indicator-metadata-registry/imr-details/35,,,,PUBLISHED,Published,,2005.0,2005,,AFR,2005,2005,Africa,,NGA,Nigeria,,AGE60-64,60-64 years,,MLE,Male,,,,,,,,12.9,12.89366,,,,,
2168,LIFE_0000000030,nqx - probability of dying between ages x and x+n,https://www.who.int/data/gho/indicator-metadata-registry/imr-details/30,,,,PUBLISHED,Published,,2005.0,2005,,AFR,2005,2005,Africa,,NGA,Nigeria,,AGE65-69,65-69 years,,MLE,Male,,,,,,,,0.249,0.24922,,,,,
2169,LIFE_0000000035,ex - expectation of life at age x,https://www.who.int/data/gho/indicator-metadata-registry/imr-details/35,,,,PUBLISHED,Published,,2005.0,2005,,AFR,2005,2005,Africa,,NGA,Nigeria,,AGE65-69,65-69 years,,MLE,Male,,,,,,,,10.1,10.06478,,,,,
2170,LIFE_0000000030,nqx - probability of dying between ages x and x+n,https://www.who.int/data/gho/indicator-metadata-registry/imr-details/30,,,,PUBLISHED,Published,,2005.0,2005,,AFR,2005,2005,Africa,,NGA,Nigeria,,AGE70-74,70-74 years,,MLE,Male,,,,,,,,0.368,0.36839,,,,,
2171,LIFE_0000000030,nqx - probability of dying between ages x and x+n,https://www.who.int/data/gho/indicator-metadata-registry/imr-details/30,,,,PUBLISHED,Published,,2005.0,2005,,AFR,2005,2005,Africa,,NGA,Nigeria,,AGE75-79,75-79 years,,MLE,Male,,,,,,,,0.524,0.52423,,,,,
2172,LIFE_0000000032,ndx - number of people dying between ages x and x+n,https://www.who.int/data/gho/indicator-metadata-registry/imr-details/32,,,,PUBLISHED,Published,,2005.0,2005,,AFR,2005,2005,Africa,,NGA,Nigeria,,AGE75-79,75-79 years,,MLE,Male,,,,,,,,9708.154,9708.15400,,,,,
2173,LIFE_0000000030,nqx - probability of dying between ages x and x+n,https://www.who.int/data/gho/indicator-metadata-registry/imr-details/30,,,,PUBLISHED,Published,,2005.0,2005,,AFR,2005,2005,Africa,,NGA,Nigeria,,AGE80-84,80-84 years,,MLE,Male,,,,,,,,0.693,0.69317,,,,,
2174,LIFE_0000000032,ndx - number of people dying between ages x and x+n,https://www.who.int/data/gho/indicator-metadata-registry/imr-details/32,,,,PUBLISHED,Published,,2005.0,2005,,AFR,2005,2005,Africa,,NGA,Nigeria,,AGE80-84,80-84 years,,MLE,Male,,,,,,,,6107.32,6107.32000,,,,,
2175,LIFE_0000000034,Tx - person-years lived above age x,https://www.who.int/data/gho/indicator-metadata-registry/imr-details/34,,,,PUBLISHED,Published,,2005.0,2005,,AFR,2005,2005,Africa,,NGA,Nigeria,,AGE80-84,80-84 years,,MLE,Male,,,,,,,,34569.64,34569.64000,,,,,
2176,LIFE_0000000032,ndx - number of people dying between ages x and x+n,https://www.who.int/data/gho/indicator-metadata-registry/imr-details/32,,,,PUBLISHED,Published,,2005.0,2005,,AFR,2005,2005,Africa,,NGA,Nigeria,,AGE85PLUS,85+ years,,MLE,Male,,,,,,,,2703.451,2703.45100,,,,,
2177,LIFE_0000000034,Tx - person-years lived above age x,https://www.who.int/data/gho/indicator-metadata-registry/imr-details/34,,,,PUBLISHED,Published,,2005.0,2005,,AFR,2005,2005,Africa,,NGA,Nigeria,,AGE85PLUS,85+ years,,MLE,Male,,,,,,,,7568.506,7568.50600,,,,,
2178,LIFE_0000000034,Tx - person-years lived above age x,https://www.who.int/data/gho/indicator-metadata-registry/imr-details/34,,,,PUBLISHED,Published,,2005.0,2005,,AFR,2005,2005,Africa,,NGA,Nigeria,,AGELT1,<1 year,,FMLE,Female,,,,,,,,4982880,4982880.00000,,,,,
2179,LIFE_0000000029,nMx - age-specific death rate between ages x and x+n,https://www.who.int/data/gho/indicator-metadata-registry/imr-details/29,,,,PUBLISHED,Published,,2005.0,2005,,AFR,2005,2005,Africa,,NGA,Nigeria,,AGE1-4,1-4 years,,FMLE,Female,,,,,,,,0.018,0.01815,,,,,
2180,LIFE_0000000034,Tx - person-years lived above age x,https://www.who.int/data/gho/indicator-metadata-registry/imr-details/34,,,,PUBLISHED,Published,,2005.0,2005,,AFR,2005,2005,Africa,,NGA,Nigeria,,AGE1-4,1-4 years,,FMLE,Female,,,,,,,,4888997,4888997.00000,,,,,
2181,LIFE_0000000029,nMx - age-specific death rate between ages x and x+n,https://www.who.int/data/gho/indicator-metadata-registry/imr-details/29,,,,PUBLISHED,Published,,2005.0,2005,,AFR,2005,2005,Africa,,NGA,Nigeria,,AGE5-9,5-9 years,,FMLE,Female,,,,,,,,0.005,0.00503,,,,,
2182,LIFE_0000000031,lx - number of people left alive at age x,https://www.who.int/data/gho/indicator-metadata-registry/imr-details/31,,,,PUBLISHED,Published,,2005.0,2005,,AFR,2005,2005,Africa,,NGA,Nigeria,,AGE5-9,5-9 years,,FMLE,Female,,,,,,,,84605.7,84605.70000,,,,,
2183,LIFE_0000000029,nMx - age-specific death rate between ages x and x+n,https://www.who.int/data/gho/indicator-metadata-registry/imr-details/29,,,,PUBLISHED,Published,,2005.0,2005,,AFR,2005,2005,Africa,,NGA,Nigeria,,AGE10-14,10-14 years,,FMLE,Female,,,,,,,,0.002,0.00215,,,,,
2184,LIFE_0000000031,lx - number of people left alive at age x,https://www.who.int/data/gho/indicator-metadata-registry/imr-details/31,,,,PUBLISHED,Published,,2005.0,2005,,AFR,2005,2005,Africa,,NGA,Nigeria,,AGE10-14,10-14 years,,FMLE,Female,,,,,,,,82503.08,82503.08000,,,,,
2185,LIFE_0000000031,lx - number of people left alive at age x,https://www.who.int/data/gho/indicator-metadata-registry/imr-details/31,,,,PUBLISHED,Published,,2005.0,2005,,AFR,2005,2005,Africa,,NGA,Nigeria,,AGE15-19,15-19  years,,FMLE,Female,,,,,,,,81619.3,81619.30000,,,,,
2186,LIFE_0000000033,nLx - person-years lived between ages x and x+n,https://www.who.int/data/gho/indicator-metadata-registry/imr-details/33,,,,PUBLISHED,Published,,2005.0,2005,,AFR,2005,2005,Africa,,NGA,Nigeria,,AGE15-19,15-19  years,,FMLE,Female,,,,,,,,403578.3,403578.30000,,,,,
2187,LIFE_0000000033,nLx - person-years lived between ages x and x+n,https://www.who.int/data/gho/indicator-metadata-registry/imr-details/33,,,,PUBLISHED,Published,,2005.0,2005,,AFR,2005,2005,Africa,,NGA,Nigeria,,AGE20-24,20-24 years,,FMLE,Female,,,,,,,,392438.4,392438.40000,,,,,
2188,LIFE_0000000035,ex - expectation of life at age x,https://www.who.int/data/gho/indicator-metadata-registry/imr-details/35,,,,PUBLISHED,Published,,2005.0,2005,,AFR,2005,2005,Africa,,NGA,Nigeria,,AGE20-24,20-24 years,,FMLE,Female,,,,,,,,41.5,41.52231,,,,,
2189,LIFE_0000000033,nLx - person-years lived between ages x and x+n,https://www.who.int/data/gho/indicator-metadata-registry/imr-details/33,,,,PUBLISHED,Published,,2005.0,2005,,AFR,2005,2005,Africa,,NGA,Nigeria,,AGE25-29,25-29 years,,FMLE,Female,,,,,,,,377438.5,377438.50000,,,,,
2190,LIFE_0000000035,ex - expectation of life at age x,https://www.who.int/data/gho/indicator-metadata-registry/imr-details/35,,,,PUBLISHED,Published,,2005.0,2005,,AFR,2005,2005,Africa,,NGA,Nigeria,,AGE25-29,25-29 years,,FMLE,Female,,,,,,,,37.8,37.79438,,,,,
2191,LIFE_0000000035,ex - expectation of life at age x,https://www.who.int/data/gho/indicator-metadata-registry/imr-details/35,,,,PUBLISHED,Published,,2005.0,2005,,AFR,2005,2005,Africa,,NGA,Nigeria,,AGE30-34,30-34 years,,FMLE,Female,,,,,,,,34.4,34.44066,,,,,
2192,LIFE_0000000030,nqx - probability of dying between ages x and x+n,https://www.who.int/data/gho/indicator-metadata-registry/imr-details/30,,,,PUBLISHED,Published,,2005.0,2005,,AFR,2005,2005,Africa,,NGA,Nigeria,,AGE35-39,35-39 years,,FMLE,Female,,,,,,,,0.055,0.05521,,,,,
2193,LIFE_0000000030,nqx - probability of dying between ages x and x+n,https://www.who.int/data/gho/indicator-metadata-registry/imr-details/30,,,,PUBLISHED,Published,,2005.0,2005,,AFR,2005,2005,Africa,,NGA,Nigeria,,AGE40-44,40-44 years,,FMLE,Female,,,,,,,,0.054,0.05418,,,,,
2194,LIFE_0000000032,ndx - number of people dying between ages x and x+n,https://www.who.int/data/gho/indicator-metadata-registry/imr-details/32,,,,PUBLISHED,Published,,2005.0,2005,,AFR,2005,2005,Africa,,NGA,Nigeria,,AGE40-44,40-44 years,,FMLE,Female,,,,,,,,3581.281,3581.28100,,,,,
2195,LIFE_0000000030,nqx - probability of dying between ages x and x+n,https://www.who.int/data/gho/indicator-metadata-registry/imr-details/30,,,,PUBLISHED,Published,,2005.0,2005,,AFR,2005,2005,Africa,,NGA,Nigeria,,AGE45-49,45-49 years,,FMLE,Female,,,,,,,,0.056,0.05577,,,,,
2196,LIFE_0000000032,ndx - number of people dying between ages x and x+n,https://www.who.int/data/gho/indicator-metadata-registry/imr-details/32,,,,PUBLISHED,Published,,2005.0,2005,,AFR,2005,2005,Africa,,NGA,Nigeria,,AGE45-49,45-49 years,,FMLE,Female,,,,,,,,3487.116,3487.11600,,,,,
2197,LIFE_0000000032,ndx - number of people dying between ages x and x+n,https://www.who.int/data/gho/indicator-metadata-registry/imr-details/32,,,,PUBLISHED,Published,,2005.0,2005,,AFR,2005,2005,Africa,,NGA,Nigeria,,AGE50-54,50-54 years,,FMLE,Female,,,,,,,,4054.837,4054.83700,,,,,
2198,LIFE_0000000034,Tx - person-years lived above age x,https://www.who.int/data/gho/indicator-metadata-registry/imr-details/34,,,,PUBLISHED,Published,,2005.0,2005,,AFR,2005,2005,Africa,,NGA,Nigeria,,AGE50-54,50-54 years,,FMLE,Female,,,,,,,,1215160,1215160.00000,,,,,
2199,LIFE_0000000034,Tx - person-years lived above age x,https://www.who.int/data/gho/indicator-metadata-registry/imr-details/34,,,,PUBLISHED,Published,,2005.0,2005,,AFR,2005,2005,Africa,,NGA,Nigeria,,AGE55-59,55-59 years,,FMLE,Female,,,,,,,,929729.9,929729.90000,,,,,
2200,LIFE_0000000029,nMx - age-specific death rate between ages x and x+n,https://www.who.int/data/gho/indicator-metadata-registry/imr-details/29,,,,PUBLISHED,Published,,2005.0,2005,,AFR,2005,2005,Africa,,NGA,Nigeria,,AGE60-64,60-64 years,,FMLE,Female,,,,,,,,0.034,0.03378,,,,,
2201,LIFE_0000000034,Tx - person-years lived above age x,https://www.who.int/data/gho/indicator-metadata-registry/imr-details/34,,,,PUBLISHED,Published,,2005.0,2005,,AFR,2005,2005,Africa,,NGA,Nigeria,,AGE60-64,60-64 years,,FMLE,Female,,,,,,,,666364.6,666364.60000,,,,,
2202,LIFE_0000000029,nMx - age-specific death rate between ages x and x+n,https://www.who.int/data/gho/indicator-metadata-registry/imr-details/29,,,,PUBLISHED,Published,,2005.0,2005,,AFR,2005,2005,Africa,,NGA,Nigeria,,AGE65-69,65-69 years,,FMLE,Female,,,,,,,,0.053,0.05333,,,,,
2203,LIFE_0000000029,nMx - age-specific death rate between ages x and x+n,https://www.who.int/data/gho/indicator-metadata-registry/imr-details/29,,,,PUBLISHED,Published,,2005.0,2005,,AFR,2005,2005,Africa,,NGA,Nigeria,,AGE70-74,70-74 years,,FMLE,Female,,,,,,,,0.088,0.08802,,,,,
2204,LIFE_0000000031,lx - number of people left alive at age x,https://www.who.int/data/gho/indicator-metadata-registry/imr-details/31,,,,PUBLISHED,Published,,2005.0,2005,,AFR,2005,2005,Africa,,NGA,Nigeria,,AGE70-74,70-74 years,,FMLE,Female,,,,,,,,32290.76,32290.76000,,,,,
2205,LIFE_0000000031,lx - number of people left alive at age x,https://www.who.int/data/gho/indicator-metadata-registry/imr-details/31,,,,PUBLISHED,Published,,2005.0,2005,,AFR,2005,2005,Africa,,NGA,Nigeria,,AGE75-79,75-79 years,,FMLE,Female,,,,,,,,20624.29,20624.29000,,,,,
2206,LIFE_0000000033,nLx - person-years lived between ages x and x+n,https://www.who.int/data/gho/indicator-metadata-registry/imr-details/33,,,,PUBLISHED,Published,,2005.0,2005,,AFR,2005,2005,Africa,,NGA,Nigeria,,AGE75-79,75-79 years,,FMLE,Female,,,,,,,,75315.33,75315.33000,,,,,
2207,LIFE_0000000031,lx - number of people left alive at age x,https://www.who.int/data/gho/indicator-metadata-registry/imr-details/31,,,,PUBLISHED,Published,,2005.0,2005,,AFR,2005,2005,Africa,,NGA,Nigeria,,AGE80-84,80-84 years,,FMLE,Female,,,,,,,,9925.389,9925.38900,,,,,
2208,LIFE_0000000033,nLx - person-years lived between ages x and x+n,https://www.who.int/data/gho/indicator-metadata-registry/imr-details/33,,,,PUBLISHED,Published,,2005.0,2005,,AFR,2005,2005,Africa,,NGA,Nigeria,,AGE80-84,80-84 years,,FMLE,Female,,,,,,,,30444.74,30444.74000,,,,,
2209,LIFE_0000000033,nLx - person-years lived between ages x and x+n,https://www.who.int/data/gho/indicator-metadata-registry/imr-details/33,,,,PUBLISHED,Published,,2005.0,2005,,AFR,2005,2005,Africa,,NGA,Nigeria,,AGE85PLUS,85+ years,,FMLE,Female,,,,,,,,8758.9,8758.90000,,,,,
2210,LIFE_0000000035,ex - expectation of life at age x,https://www.who.int/data/gho/indicator-metadata-registry/imr-details/35,,,,PUBLISHED,Published,,2005.0,2005,,AFR,2005,2005,Africa,,NGA,Nigeria,,AGE85PLUS,85+ years,,FMLE,Female,,,,,,,,2.9,2.86561,,,,,
2211,LIFE_0000000035,ex - expectation of life at age x,https://www.who.int/data/gho/indicator-metadata-registry/imr-details/35,,,,PUBLISHED,Published,,2006.0,2006,,AFR,2006,2006,Africa,,NGA,Nigeria,,AGELT1,<1 year,,MLE,Male,,,,,,,,49.9,49.94127,,,,,
2212,LIFE_0000000030,nqx - probability of dying between ages x and x+n,https://www.who.int/data/gho/indicator-metadata-registry/imr-details/30,,,,PUBLISHED,Published,,2006.0,2006,,AFR,2006,2006,Africa,,NGA,Nigeria,,AGE1-4,1-4 years,,MLE,Male,,,,,,,,0.063,0.06273,,,,,
2213,LIFE_0000000035,ex - expectation of life at age x,https://www.who.int/data/gho/indicator-metadata-registry/imr-details/35,,,,PUBLISHED,Published,,2006.0,2006,,AFR,2006,2006,Africa,,NGA,Nigeria,,AGE1-4,1-4 years,,MLE,Male,,,,,,,,54.5,54.47737,,,,,
2214,LIFE_0000000030,nqx - probability of dying between ages x and x+n,https://www.who.int/data/gho/indicator-metadata-registry/imr-details/30,,,,PUBLISHED,Published,,2006.0,2006,,AFR,2006,2006,Africa,,NGA,Nigeria,,AGE5-9,5-9 years,,MLE,Male,,,,,,,,0.019,0.01882,,,,,
2215,LIFE_0000000030,nqx - probability of dying between ages x and x+n,https://www.who.int/data/gho/indicator-metadata-registry/imr-details/30,,,,PUBLISHED,Published,,2006.0,2006,,AFR,2006,2006,Africa,,NGA,Nigeria,,AGE10-14,10-14 years,,MLE,Male,,,,,,,,0.008,0.00804,,,,,
2216,LIFE_0000000032,ndx - number of people dying between ages x and x+n,https://www.who.int/data/gho/indicator-metadata-registry/imr-details/32,,,,PUBLISHED,Published,,2006.0,2006,,AFR,2006,2006,Africa,,NGA,Nigeria,,AGE10-14,10-14 years,,MLE,Male,,,,,,,,665.036,665.03550,,,,,
2217,LIFE_0000000032,ndx - number of people dying between ages x and x+n,https://www.who.int/data/gho/indicator-metadata-registry/imr-details/32,,,,PUBLISHED,Published,,2006.0,2006,,AFR,2006,2006,Africa,,NGA,Nigeria,,AGE15-19,15-19  years,,MLE,Male,,,,,,,,1423.279,1423.27900,,,,,
2218,LIFE_0000000034,Tx - person-years lived above age x,https://www.who.int/data/gho/indicator-metadata-registry/imr-details/34,,,,PUBLISHED,Published,,2006.0,2006,,AFR,2006,2006,Africa,,NGA,Nigeria,,AGE15-19,15-19  years,,MLE,Male,,,,,,,,3726346,3726346.00000,,,,,
2219,LIFE_0000000032,ndx - number of people dying between ages x and x+n,https://www.who.int/data/gho/indicator-metadata-registry/imr-details/32,,,,PUBLISHED,Published,,2006.0,2006,,AFR,2006,2006,Africa,,NGA,Nigeria,,AGE20-24,20-24 years,,MLE,Male,,,,,,,,2218.36,2218.36000,,,,,
2220,LIFE_0000000034,Tx - person-years lived above age x,https://www.who.int/data/gho/indicator-metadata-registry/imr-details/34,,,,PUBLISHED,Published,,2006.0,2006,,AFR,2006,2006,Africa,,NGA,Nigeria,,AGE20-24,20-24 years,,MLE,Male,,,,,,,,3319437,3319437.00000,,,,,
2221,LIFE_0000000034,Tx - person-years lived above age x,https://www.who.int/data/gho/indicator-metadata-registry/imr-details/34,,,,PUBLISHED,Published,,2006.0,2006,,AFR,2006,2006,Africa,,NGA,Nigeria,,AGE25-29,25-29 years,,MLE,Male,,,,,,,,2921721,2921721.00000,,,,,
2222,LIFE_0000000029,nMx - age-specific death rate between ages x and x+n,https://www.who.int/data/gho/indicator-metadata-registry/imr-details/29,,,,PUBLISHED,Published,,2006.0,2006,,AFR,2006,2006,Africa,,NGA,Nigeria,,AGE30-34,30-34 years,,MLE,Male,,,,,,,,0.009,0.00895,,,,,
2223,LIFE_0000000029,nMx - age-specific death rate between ages x and x+n,https://www.who.int/data/gho/indicator-metadata-registry/imr-details/29,,,,PUBLISHED,Published,,2006.0,2006,,AFR,2006,2006,Africa,,NGA,Nigeria,,AGE35-39,35-39 years,,MLE,Male,,,,,,,,0.011,0.01112,,,,,
2224,LIFE_0000000031,lx - number of people left alive at age x,https://www.who.int/data/gho/indicator-metadata-registry/imr-details/31,,,,PUBLISHED,Published,,2006.0,2006,,AFR,2006,2006,Africa,,NGA,Nigeria,,AGE35-39,35-39 years,,MLE,Male,,,,,,,,72366.66,72366.66000,,,,,
2225,LIFE_0000000029,nMx - age-specific death rate between ages x and x+n,https://www.who.int/data/gho/indicator-metadata-registry/imr-details/29,,,,PUBLISHED,Published,,2006.0,2006,,AFR,2006,2006,Africa,,NGA,Nigeria,,AGE40-44,40-44 years,,MLE,Male,,,,,,,,0.013,0.01287,,,,,
2226,LIFE_0000000031,lx - number of people left alive at age x,https://www.who.int/data/gho/indicator-metadata-registry/imr-details/31,,,,PUBLISHED,Published,,2006.0,2006,,AFR,2006,2006,Africa,,NGA,Nigeria,,AGE40-44,40-44 years,,MLE,Male,,,,,,,,68449.65,68449.65000,,,,,
2227,LIFE_0000000033,nLx - person-years lived between ages x and x+n,https://www.who.int/data/gho/indicator-metadata-registry/imr-details/33,,,,PUBLISHED,Published,,2006.0,2006,,AFR,2006,2006,Africa,,NGA,Nigeria,,AGE40-44,40-44 years,,MLE,Male,,,,,,,,331840.9,331840.90000,,,,,
2228,LIFE_0000000031,lx - number of people left alive at age x,https://www.who.int/data/gho/indicator-metadata-registry/imr-details/31,,,,PUBLISHED,Published,,2006.0,2006,,AFR,2006,2006,Africa,,NGA,Nigeria,,AGE45-49,45-49 years,,MLE,Male,,,,,,,,64180.22,64180.22000,,,,,
2229,LIFE_0000000033,nLx - person-years lived between ages x and x+n,https://www.who.int/data/gho/indicator-metadata-registry/imr-details/33,,,,PUBLISHED,Published,,2006.0,2006,,AFR,2006,2006,Africa,,NGA,Nigeria,,AGE45-49,45-49 years,,MLE,Male,,,,,,,,309842,309842.00000,,,,,
2230,LIFE_0000000033,nLx - person-years lived between ages x and x+n,https://www.who.int/data/gho/indicator-metadata-registry/imr-details/33,,,,PUBLISHED,Published,,2006.0,2006,,AFR,2006,2006,Africa,,NGA,Nigeria,,AGE50-54,50-54 years,,MLE,Male,,,,,,,,285444.9,285444.90000,,,,,
2231,LIFE_0000000035,ex - expectation of life at age x,https://www.who.int/data/gho/indicator-metadata-registry/imr-details/35,,,,PUBLISHED,Published,,2006.0,2006,,AFR,2006,2006,Africa,,NGA,Nigeria,,AGE50-54,50-54 years,,MLE,Male,,,,,,,,19.7,19.66281,,,,,
2232,LIFE_0000000033,nLx - person-years lived between ages x and x+n,https://www.who.int/data/gho/indicator-metadata-registry/imr-details/33,,,,PUBLISHED,Published,,2006.0,2006,,AFR,2006,2006,Africa,,NGA,Nigeria,,AGE55-59,55-59 years,,MLE,Male,,,,,,,,257371.8,257371.80000,,,,,
2233,LIFE_0000000035,ex - expectation of life at age x,https://www.who.int/data/gho/indicator-metadata-registry/imr-details/35,,,,PUBLISHED,Published,,2006.0,2006,,AFR,2006,2006,Africa,,NGA,Nigeria,,AGE55-59,55-59 years,,MLE,Male,,,,,,,,16.3,16.31198,,,,,
2234,LIFE_0000000030,nqx - probability of dying between ages x and x+n,https://www.who.int/data/gho/indicator-metadata-registry/imr-details/30,,,,PUBLISHED,Published,,2006.0,2006,,AFR,2006,2006,Africa,,NGA,Nigeria,,AGE60-64,60-64 years,,MLE,Male,,,,,,,,0.171,0.17078,,,,,
2235,LIFE_0000000035,ex - expectation of life at age x,https://www.who.int/data/gho/indicator-metadata-registry/imr-details/35,,,,PUBLISHED,Published,,2006.0,2006,,AFR,2006,2006,Africa,,NGA,Nigeria,,AGE60-64,60-64 years,,MLE,Male,,,,,,,,13,13.02247,,,,,
2236,LIFE_0000000030,nqx - probability of dying between ages x and x+n,https://www.who.int/data/gho/indicator-metadata-registry/imr-details/30,,,,PUBLISHED,Published,,2006.0,2006,,AFR,2006,2006,Africa,,NGA,Nigeria,,AGE65-69,65-69 years,,MLE,Male,,,,,,,,0.245,0.24498,,,,,
2237,LIFE_0000000030,nqx - probability of dying between ages x and x+n,https://www.who.int/data/gho/indicator-metadata-registry/imr-details/30,,,,PUBLISHED,Published,,2006.0,2006,,AFR,2006,2006,Africa,,NGA,Nigeria,,AGE70-74,70-74 years,,MLE,Male,,,,,,,,0.363,0.36305,,,,,
2238,LIFE_0000000032,ndx - number of people dying between ages x and x+n,https://www.who.int/data/gho/indicator-metadata-registry/imr-details/32,,,,PUBLISHED,Published,,2006.0,2006,,AFR,2006,2006,Africa,,NGA,Nigeria,,AGE70-74,70-74 years,,MLE,Male,,,,,,,,10987.72,10987.72000,,,,,
2239,LIFE_0000000030,nqx - probability of dying between ages x and x+n,https://www.who.int/data/gho/indicator-metadata-registry/imr-details/30,,,,PUBLISHED,Published,,2006.0,2006,,AFR,2006,2006,Africa,,NGA,Nigeria,,AGE75-79,75-79 years,,MLE,Male,,,,,,,,0.518,0.51826,,,,,
2240,LIFE_0000000032,ndx - number of people dying between ages x and x+n,https://www.who.int/data/gho/indicator-metadata-registry/imr-details/32,,,,PUBLISHED,Published,,2006.0,2006,,AFR,2006,2006,Africa,,NGA,Nigeria,,AGE75-79,75-79 years,,MLE,Male,,,,,,,,9990.538,9990.53800,,,,,
2241,LIFE_0000000034,Tx - person-years lived above age x,https://www.who.int/data/gho/indicator-metadata-registry/imr-details/34,,,,PUBLISHED,Published,,2006.0,2006,,AFR,2006,2006,Africa,,NGA,Nigeria,,AGE75-79,75-79 years,,MLE,Male,,,,,,,,107217.6,107217.60000,,,,,
2242,LIFE_0000000032,ndx - number of people dying between ages x and x+n,https://www.who.int/data/gho/indicator-metadata-registry/imr-details/32,,,,PUBLISHED,Published,,2006.0,2006,,AFR,2006,2006,Africa,,NGA,Nigeria,,AGE80-84,80-84 years,,MLE,Male,,,,,,,,6385.009,6385.00900,,,,,
2243,LIFE_0000000034,Tx - person-years lived above age x,https://www.who.int/data/gho/indicator-metadata-registry/imr-details/34,,,,PUBLISHED,Published,,2006.0,2006,,AFR,2006,2006,Africa,,NGA,Nigeria,,AGE80-84,80-84 years,,MLE,Male,,,,,,,,36845.68,36845.68000,,,,,
2244,LIFE_0000000034,Tx - person-years lived above age x,https://www.who.int/data/gho/indicator-metadata-registry/imr-details/34,,,,PUBLISHED,Published,,2006.0,2006,,AFR,2006,2006,Africa,,NGA,Nigeria,,AGE85PLUS,85+ years,,MLE,Male,,,,,,,,8201.338,8201.33800,,,,,
2245,LIFE_0000000029,nMx - age-specific death rate between ages x and x+n,https://www.who.int/data/gho/indicator-metadata-registry/imr-details/29,,,,PUBLISHED,Published,,2006.0,2006,,AFR,2006,2006,Africa,,NGA,Nigeria,,AGELT1,<1 year,,FMLE,Female,,,,,,,,0.094,0.09363,,,,,
2246,LIFE_0000000029,nMx - age-specific death rate between ages x and x+n,https://www.who.int/data/gho/indicator-metadata-registry/imr-details/29,,,,PUBLISHED,Published,,2006.0,2006,,AFR,2006,2006,Africa,,NGA,Nigeria,,AGE1-4,1-4 years,,FMLE,Female,,,,,,,,0.017,0.01718,,,,,
2247,LIFE_0000000031,lx - number of people left alive at age x,https://www.who.int/data/gho/indicator-metadata-registry/imr-details/31,,,,PUBLISHED,Published,,2006.0,2006,,AFR,2006,2006,Africa,,NGA,Nigeria,,AGE1-4,1-4 years,,FMLE,Female,,,,,,,,91199.32,91199.32000,,,,,
2248,LIFE_0000000029,nMx - age-specific death rate between ages x and x+n,https://www.who.int/data/gho/indicator-metadata-registry/imr-details/29,,,,PUBLISHED,Published,,2006.0,2006,,AFR,2006,2006,Africa,,NGA,Nigeria,,AGE5-9,5-9 years,,FMLE,Female,,,,,,,,0.005,0.00490,,,,,
2249,LIFE_0000000031,lx - number of people left alive at age x,https://www.who.int/data/gho/indicator-metadata-registry/imr-details/31,,,,PUBLISHED,Published,,2006.0,2006,,AFR,2006,2006,Africa,,NGA,Nigeria,,AGE5-9,5-9 years,,FMLE,Female,,,,,,,,85202.8,85202.80000,,,,,
2250,LIFE_0000000031,lx - number of people left alive at age x,https://www.who.int/data/gho/indicator-metadata-registry/imr-details/31,,,,PUBLISHED,Published,,2006.0,2006,,AFR,2006,2006,Africa,,NGA,Nigeria,,AGE10-14,10-14 years,,FMLE,Female,,,,,,,,83140.97,83140.97000,,,,,
2251,LIFE_0000000033,nLx - person-years lived between ages x and x+n,https://www.who.int/data/gho/indicator-metadata-registry/imr-details/33,,,,PUBLISHED,Published,,2006.0,2006,,AFR,2006,2006,Africa,,NGA,Nigeria,,AGE10-14,10-14 years,,FMLE,Female,,,,,,,,413514.3,413514.30000,,,,,
2252,LIFE_0000000033,nLx - person-years lived between ages x and x+n,https://www.who.int/data/gho/indicator-metadata-registry/imr-details/33,,,,PUBLISHED,Published,,2006.0,2006,,AFR,2006,2006,Africa,,NGA,Nigeria,,AGE15-19,15-19  years,,FMLE,Female,,,,,,,,406971.7,406971.70000,,,,,
2253,LIFE_0000000035,ex - expectation of life at age x,https://www.who.int/data/gho/indicator-metadata-registry/imr-details/35,,,,PUBLISHED,Published,,2006.0,2006,,AFR,2006,2006,Africa,,NGA,Nigeria,,AGE15-19,15-19  years,,FMLE,Female,,,,,,,,45.9,45.85328,,,,,
2254,LIFE_0000000033,nLx - person-years lived between ages x and x+n,https://www.who.int/data/gho/indicator-metadata-registry/imr-details/33,,,,PUBLISHED,Published,,2006.0,2006,,AFR,2006,2006,Africa,,NGA,Nigeria,,AGE20-24,20-24 years,,FMLE,Female,,,,,,,,396251.1,396251.10000,,,,,
2255,LIFE_0000000035,ex - expectation of life at age x,https://www.who.int/data/gho/indicator-metadata-registry/imr-details/35,,,,PUBLISHED,Published,,2006.0,2006,,AFR,2006,2006,Africa,,NGA,Nigeria,,AGE20-24,20-24 years,,FMLE,Female,,,,,,,,41.8,41.83572,,,,,
2256,LIFE_0000000035,ex - expectation of life at age x,https://www.who.int/data/gho/indicator-metadata-registry/imr-details/35,,,,PUBLISHED,Published,,2006.0,2006,,AFR,2006,2006,Africa,,NGA,Nigeria,,AGE25-29,25-29 years,,FMLE,Female,,,,,,,,38.1,38.05546,,,,,
2257,LIFE_0000000030,nqx - probability of dying between ages x and x+n,https://www.who.int/data/gho/indicator-metadata-registry/imr-details/30,,,,PUBLISHED,Published,,2006.0,2006,,AFR,2006,2006,Africa,,NGA,Nigeria,,AGE30-34,30-34 years,,FMLE,Female,,,,,,,,0.05,0.05019,,,,,
2258,LIFE_0000000030,nqx - probability of dying between ages x and x+n,https://www.who.int/data/gho/indicator-metadata-registry/imr-details/30,,,,PUBLISHED,Published,,2006.0,2006,,AFR,2006,2006,Africa,,NGA,Nigeria,,AGE35-39,35-39 years,,FMLE,Female,,,,,,,,0.055,0.05513,,,,,
2259,LIFE_0000000032,ndx - number of people dying between ages x and x+n,https://www.who.int/data/gho/indicator-metadata-registry/imr-details/32,,,,PUBLISHED,Published,,2006.0,2006,,AFR,2006,2006,Africa,,NGA,Nigeria,,AGE35-39,35-39 years,,FMLE,Female,,,,,,,,3910.098,3910.09800,,,,,
2260,LIFE_0000000030,nqx - probability of dying between ages x and x+n,https://www.who.int/data/gho/indicator-metadata-registry/imr-details/30,,,,PUBLISHED,Published,,2006.0,2006,,AFR,2006,2006,Africa,,NGA,Nigeria,,AGE40-44,40-44 years,,FMLE,Female,,,,,,,,0.054,0.05361,,,,,
2261,LIFE_0000000032,ndx - number of people dying between ages x and x+n,https://www.who.int/data/gho/indicator-metadata-registry/imr-details/32,,,,PUBLISHED,Published,,2006.0,2006,,AFR,2006,2006,Africa,,NGA,Nigeria,,AGE40-44,40-44 years,,FMLE,Female,,,,,,,,3592.695,3592.69500,,,,,
2262,LIFE_0000000032,ndx - number of people dying between ages x and x+n,https://www.who.int/data/gho/indicator-metadata-registry/imr-details/32,,,,PUBLISHED,Published,,2006.0,2006,,AFR,2006,2006,Africa,,NGA,Nigeria,,AGE45-49,45-49 years,,FMLE,Female,,,,,,,,3479.917,3479.91700,,,,,
2263,LIFE_0000000034,Tx - person-years lived above age x,https://www.who.int/data/gho/indicator-metadata-registry/imr-details/34,,,,PUBLISHED,Published,,2006.0,2006,,AFR,2006,2006,Africa,,NGA,Nigeria,,AGE45-49,45-49 years,,FMLE,Female,,,,,,,,1552104,1552104.00000,,,,,
2264,LIFE_0000000034,Tx - person-years lived above age x,https://www.who.int/data/gho/indicator-metadata-registry/imr-details/34,,,,PUBLISHED,Published,,2006.0,2006,,AFR,2006,2006,Africa,,NGA,Nigeria,,AGE50-54,50-54 years,,FMLE,Female,,,,,,,,1243495,1243495.00000,,,,,
2265,LIFE_0000000029,nMx - age-specific death rate between ages x and x+n,https://www.who.int/data/gho/indicator-metadata-registry/imr-details/29,,,,PUBLISHED,Published,,2006.0,2006,,AFR,2006,2006,Africa,,NGA,Nigeria,,AGE55-59,55-59 years,,FMLE,Female,,,,,,,,0.018,0.01804,,,,,
2266,LIFE_0000000034,Tx - person-years lived above age x,https://www.who.int/data/gho/indicator-metadata-registry/imr-details/34,,,,PUBLISHED,Published,,2006.0,2006,,AFR,2006,2006,Africa,,NGA,Nigeria,,AGE55-59,55-59 years,,FMLE,Female,,,,,,,,953482,953482.00000,,,,,
2267,LIFE_0000000029,nMx - age-specific death rate between ages x and x+n,https://www.who.int/data/gho/indicator-metadata-registry/imr-details/29,,,,PUBLISHED,Published,,2006.0,2006,,AFR,2006,2006,Africa,,NGA,Nigeria,,AGE60-64,60-64 years,,FMLE,Female,,,,,,,,0.033,0.03310,,,,,
2268,LIFE_0000000029,nMx - age-specific death rate between ages x and x+n,https://www.who.int/data/gho/indicator-metadata-registry/imr-details/29,,,,PUBLISHED,Published,,2006.0,2006,,AFR,2006,2006,Africa,,NGA,Nigeria,,AGE65-69,65-69 years,,FMLE,Female,,,,,,,,0.052,0.05232,,,,,
2269,LIFE_0000000031,lx - number of people left alive at age x,https://www.who.int/data/gho/indicator-metadata-registry/imr-details/31,,,,PUBLISHED,Published,,2006.0,2006,,AFR,2006,2006,Africa,,NGA,Nigeria,,AGE65-69,65-69 years,,FMLE,Female,,,,,,,,43232.73,43232.73000,,,,,
2270,LIFE_0000000031,lx - number of people left alive at age x,https://www.who.int/data/gho/indicator-metadata-registry/imr-details/31,,,,PUBLISHED,Published,,2006.0,2006,,AFR,2006,2006,Africa,,NGA,Nigeria,,AGE70-74,70-74 years,,FMLE,Female,,,,,,,,33189.28,33189.28000,,,,,
2271,LIFE_0000000033,nLx - person-years lived between ages x and x+n,https://www.who.int/data/gho/indicator-metadata-registry/imr-details/33,,,,PUBLISHED,Published,,2006.0,2006,,AFR,2006,2006,Africa,,NGA,Nigeria,,AGE70-74,70-74 years,,FMLE,Female,,,,,,,,136685,136685.00000,,,,,
2272,LIFE_0000000031,lx - number of people left alive at age x,https://www.who.int/data/gho/indicator-metadata-registry/imr-details/31,,,,PUBLISHED,Published,,2006.0,2006,,AFR,2006,2006,Africa,,NGA,Nigeria,,AGE75-79,75-79 years,,FMLE,Female,,,,,,,,21368.09,21368.09000,,,,,
2273,LIFE_0000000033,nLx - person-years lived between ages x and x+n,https://www.who.int/data/gho/indicator-metadata-registry/imr-details/33,,,,PUBLISHED,Published,,2006.0,2006,,AFR,2006,2006,Africa,,NGA,Nigeria,,AGE75-79,75-79 years,,FMLE,Female,,,,,,,,78410.52,78410.52000,,,,,
2274,LIFE_0000000033,nLx - person-years lived between ages x and x+n,https://www.who.int/data/gho/indicator-metadata-registry/imr-details/33,,,,PUBLISHED,Published,,2006.0,2006,,AFR,2006,2006,Africa,,NGA,Nigeria,,AGE80-84,80-84 years,,FMLE,Female,,,,,,,,32136.23,32136.23000,,,,,
2275,LIFE_0000000035,ex - expectation of life at age x,https://www.who.int/data/gho/indicator-metadata-registry/imr-details/35,,,,PUBLISHED,Published,,2006.0,2006,,AFR,2006,2006,Africa,,NGA,Nigeria,,AGE80-84,80-84 years,,FMLE,Female,,,,,,,,4,3.99469,,,,,
2276,LIFE_0000000035,ex - expectation of life at age x,https://www.who.int/data/gho/indicator-metadata-registry/imr-details/35,,,,PUBLISHED,Published,,2006.0,2006,,AFR,2006,2006,Africa,,NGA,Nigeria,,AGE85PLUS,85+ years,,FMLE,Female,,,,,,,,2.9,2.89528,,,,,
2277,LIFE_0000000030,nqx - probability of dying between ages x and x+n,https://www.who.int/data/gho/indicator-metadata-registry/imr-details/30,,,,PUBLISHED,Published,,2007.0,2007,,AFR,2007,2007,Africa,,NGA,Nigeria,,AGELT1,<1 year,,MLE,Male,,,,,,,,0.097,0.09709,,,,,
2278,LIFE_0000000035,ex - expectation of life at age x,https://www.who.int/data/gho/indicator-metadata-registry/imr-details/35,,,,PUBLISHED,Published,,2007.0,2007,,AFR,2007,2007,Africa,,NGA,Nigeria,,AGELT1,<1 year,,MLE,Male,,,,,,,,50.6,50.61185,,,,,
2279,LIFE_0000000030,nqx - probability of dying between ages x and x+n,https://www.who.int/data/gho/indicator-metadata-registry/imr-details/30,,,,PUBLISHED,Published,,2007.0,2007,,AFR,2007,2007,Africa,,NGA,Nigeria,,AGE1-4,1-4 years,,MLE,Male,,,,,,,,0.06,0.05971,,,,,
2280,LIFE_0000000030,nqx - probability of dying between ages x and x+n,https://www.who.int/data/gho/indicator-metadata-registry/imr-details/30,,,,PUBLISHED,Published,,2007.0,2007,,AFR,2007,2007,Africa,,NGA,Nigeria,,AGE5-9,5-9 years,,MLE,Male,,,,,,,,0.018,0.01814,,,,,
2281,LIFE_0000000032,ndx - number of people dying between ages x and x+n,https://www.who.int/data/gho/indicator-metadata-registry/imr-details/32,,,,PUBLISHED,Published,,2007.0,2007,,AFR,2007,2007,Africa,,NGA,Nigeria,,AGE5-9,5-9 years,,MLE,Male,,,,,,,,1540.244,1540.24400,,,,,
2282,LIFE_0000000032,ndx - number of people dying between ages x and x+n,https://www.who.int/data/gho/indicator-metadata-registry/imr-details/32,,,,PUBLISHED,Published,,2007.0,2007,,AFR,2007,2007,Africa,,NGA,Nigeria,,AGE10-14,10-14 years,,MLE,Male,,,,,,,,660.064,660.06420,,,,,
2283,LIFE_0000000034,Tx - person-years lived above age x,https://www.who.int/data/gho/indicator-metadata-registry/imr-details/34,,,,PUBLISHED,Published,,2007.0,2007,,AFR,2007,2007,Africa,,NGA,Nigeria,,AGE10-14,10-14 years,,MLE,Male,,,,,,,,4200204,4200204.00000,,,,,
2284,LIFE_0000000032,ndx - number of people dying between ages x and x+n,https://www.who.int/data/gho/indicator-metadata-registry/imr-details/32,,,,PUBLISHED,Published,,2007.0,2007,,AFR,2007,2007,Africa,,NGA,Nigeria,,AGE15-19,15-19  years,,MLE,Male,,,,,,,,1381.557,1381.55700,,,,,
2285,LIFE_0000000034,Tx - person-years lived above age x,https://www.who.int/data/gho/indicator-metadata-registry/imr-details/34,,,,PUBLISHED,Published,,2007.0,2007,,AFR,2007,2007,Africa,,NGA,Nigeria,,AGE15-19,15-19  years,,MLE,Male,,,,,,,,3785054,3785054.00000,,,,,
2286,LIFE_0000000034,Tx - person-years lived above age x,https://www.who.int/data/gho/indicator-metadata-registry/imr-details/34,,,,PUBLISHED,Published,,2007.0,2007,,AFR,2007,2007,Africa,,NGA,Nigeria,,AGE20-24,20-24 years,,MLE,Male,,,,,,,,3374886,3374886.00000,,,,,
2287,LIFE_0000000029,nMx - age-specific death rate between ages x and x+n,https://www.who.int/data/gho/indicator-metadata-registry/imr-details/29,,,,PUBLISHED,Published,,2007.0,2007,,AFR,2007,2007,Africa,,NGA,Nigeria,,AGE25-29,25-29 years,,MLE,Male,,,,,,,,0.007,0.00681,,,,,
2288,LIFE_0000000029,nMx - age-specific death rate between ages x and x+n,https://www.who.int/data/gho/indicator-metadata-registry/imr-details/29,,,,PUBLISHED,Published,,2007.0,2007,,AFR,2007,2007,Africa,,NGA,Nigeria,,AGE30-34,30-34 years,,MLE,Male,,,,,,,,0.009,0.00864,,,,,
2289,LIFE_0000000031,lx - number of people left alive at age x,https://www.who.int/data/gho/indicator-metadata-registry/imr-details/31,,,,PUBLISHED,Published,,2007.0,2007,,AFR,2007,2007,Africa,,NGA,Nigeria,,AGE30-34,30-34 years,,MLE,Male,,,,,,,,76528.09,76528.09000,,,,,
2290,LIFE_0000000029,nMx - age-specific death rate between ages x and x+n,https://www.who.int/data/gho/indicator-metadata-registry/imr-details/29,,,,PUBLISHED,Published,,2007.0,2007,,AFR,2007,2007,Africa,,NGA,Nigeria,,AGE35-39,35-39 years,,MLE,Male,,,,,,,,0.011,0.01089,,,,,
2291,LIFE_0000000031,lx - number of people left alive at age x,https://www.who.int/data/gho/indicator-metadata-registry/imr-details/31,,,,PUBLISHED,Published,,2007.0,2007,,AFR,2007,2007,Africa,,NGA,Nigeria,,AGE35-39,35-39 years,,MLE,Male,,,,,,,,73292.53,73292.53000,,,,,
2292,LIFE_0000000033,nLx - person-years lived between ages x and x+n,https://www.who.int/data/gho/indicator-metadata-registry/imr-details/33,,,,PUBLISHED,Published,,2007.0,2007,,AFR,2007,2007,Africa,,NGA,Nigeria,,AGE35-39,35-39 years,,MLE,Male,,,,,,,,356940.4,356940.40000,,,,,
2293,LIFE_0000000031,lx - number of people left alive at age x,https://www.who.int/data/gho/indicator-metadata-registry/imr-details/31,,,,PUBLISHED,Published,,2007.0,2007,,AFR,2007,2007,Africa,,NGA,Nigeria,,AGE40-44,40-44 years,,MLE,Male,,,,,,,,69407.21,69407.21000,,,,,
2294,LIFE_0000000033,nLx - person-years lived between ages x and x+n,https://www.who.int/data/gho/indicator-metadata-registry/imr-details/33,,,,PUBLISHED,Published,,2007.0,2007,,AFR,2007,2007,Africa,,NGA,Nigeria,,AGE40-44,40-44 years,,MLE,Male,,,,,,,,336697.8,336697.80000,,,,,
2295,LIFE_0000000033,nLx - person-years lived between ages x and x+n,https://www.who.int/data/gho/indicator-metadata-registry/imr-details/33,,,,PUBLISHED,Published,,2007.0,2007,,AFR,2007,2007,Africa,,NGA,Nigeria,,AGE45-49,45-49 years,,MLE,Male,,,,,,,,314812.4,314812.40000,,,,,
2296,LIFE_0000000035,ex - expectation of life at age x,https://www.who.int/data/gho/indicator-metadata-registry/imr-details/35,,,,PUBLISHED,Published,,2007.0,2007,,AFR,2007,2007,Africa,,NGA,Nigeria,,AGE45-49,45-49 years,,MLE,Male,,,,,,,,23.3,23.26509,,,,,
2297,LIFE_0000000033,nLx - person-years lived between ages x and x+n,https://www.who.int/data/gho/indicator-metadata-registry/imr-details/33,,,,PUBLISHED,Published,,2007.0,2007,,AFR,2007,2007,Africa,,NGA,Nigeria,,AGE50-54,50-54 years,,MLE,Male,,,,,,,,290492.3,290492.30000,,,,,
2298,LIFE_0000000035,ex - expectation of life at age x,https://www.who.int/data/gho/indicator-metadata-registry/imr-details/35,,,,PUBLISHED,Published,,2007.0,2007,,AFR,2007,2007,Africa,,NGA,Nigeria,,AGE50-54,50-54 years,,MLE,Male,,,,,,,,19.8,19.81441,,,,,
2299,LIFE_0000000030,nqx - probability of dying between ages x and x+n,https://www.who.int/data/gho/indicator-metadata-registry/imr-details/30,,,,PUBLISHED,Published,,2007.0,2007,,AFR,2007,2007,Africa,,NGA,Nigeria,,AGE55-59,55-59 years,,MLE,Male,,,,,,,,0.109,0.10901,,,,,
2300,LIFE_0000000035,ex - expectation of life at age x,https://www.who.int/data/gho/indicator-metadata-registry/imr-details/35,,,,PUBLISHED,Published,,2007.0,2007,,AFR,2007,2007,Africa,,NGA,Nigeria,,AGE55-59,55-59 years,,MLE,Male,,,,,,,,16.4,16.44415,,,,,
2301,LIFE_0000000030,nqx - probability of dying between ages x and x+n,https://www.who.int/data/gho/indicator-metadata-registry/imr-details/30,,,,PUBLISHED,Published,,2007.0,2007,,AFR,2007,2007,Africa,,NGA,Nigeria,,AGE60-64,60-64 years,,MLE,Male,,,,,,,,0.168,0.16775,,,,,
2302,LIFE_0000000030,nqx - probability of dying between ages x and x+n,https://www.who.int/data/gho/indicator-metadata-registry/imr-details/30,,,,PUBLISHED,Published,,2007.0,2007,,AFR,2007,2007,Africa,,NGA,Nigeria,,AGE65-69,65-69 years,,MLE,Male,,,,,,,,0.241,0.24120,,,,,
2303,LIFE_0000000032,ndx - number of people dying between ages x and x+n,https://www.who.int/data/gho/indicator-metadata-registry/imr-details/32,,,,PUBLISHED,Published,,2007.0,2007,,AFR,2007,2007,Africa,,NGA,Nigeria,,AGE65-69,65-69 years,,MLE,Male,,,,,,,,9905.91,9905.91000,,,,,
2304,LIFE_0000000032,ndx - number of people dying between ages x and x+n,https://www.who.int/data/gho/indicator-metadata-registry/imr-details/32,,,,PUBLISHED,Published,,2007.0,2007,,AFR,2007,2007,Africa,,NGA,Nigeria,,AGE70-74,70-74 years,,MLE,Male,,,,,,,,11170.69,11170.69000,,,,,
2305,LIFE_0000000034,Tx - person-years lived above age x,https://www.who.int/data/gho/indicator-metadata-registry/imr-details/34,,,,PUBLISHED,Published,,2007.0,2007,,AFR,2007,2007,Africa,,NGA,Nigeria,,AGE70-74,70-74 years,,MLE,Male,,,,,,,,240267.6,240267.60000,,,,,
2306,LIFE_0000000032,ndx - number of people dying between ages x and x+n,https://www.who.int/data/gho/indicator-metadata-registry/imr-details/32,,,,PUBLISHED,Published,,2007.0,2007,,AFR,2007,2007,Africa,,NGA,Nigeria,,AGE75-79,75-79 years,,MLE,Male,,,,,,,,10262.87,10262.87000,,,,,
2307,LIFE_0000000034,Tx - person-years lived above age x,https://www.who.int/data/gho/indicator-metadata-registry/imr-details/34,,,,PUBLISHED,Published,,2007.0,2007,,AFR,2007,2007,Africa,,NGA,Nigeria,,AGE75-79,75-79 years,,MLE,Male,,,,,,,,112224,112224.00000,,,,,
2308,LIFE_0000000034,Tx - person-years lived above age x,https://www.who.int/data/gho/indicator-metadata-registry/imr-details/34,,,,PUBLISHED,Published,,2007.0,2007,,AFR,2007,2007,Africa,,NGA,Nigeria,,AGE80-84,80-84 years,,MLE,Male,,,,,,,,38941.68,38941.68000,,,,,
2309,LIFE_0000000029,nMx - age-specific death rate between ages x and x+n,https://www.who.int/data/gho/indicator-metadata-registry/imr-details/29,,,,PUBLISHED,Published,,2007.0,2007,,AFR,2007,2007,Africa,,NGA,Nigeria,,AGE85PLUS,85+ years,,MLE,Male,,,,,,,,0.351,0.35126,,,,,
2310,LIFE_0000000029,nMx - age-specific death rate between ages x and x+n,https://www.who.int/data/gho/indicator-metadata-registry/imr-details/29,,,,PUBLISHED,Published,,2007.0,2007,,AFR,2007,2007,Africa,,NGA,Nigeria,,AGELT1,<1 year,,FMLE,Female,,,,,,,,0.091,0.09055,,,,,
2311,LIFE_0000000031,lx - number of people left alive at age x,https://www.who.int/data/gho/indicator-metadata-registry/imr-details/31,,,,PUBLISHED,Published,,2007.0,2007,,AFR,2007,2007,Africa,,NGA,Nigeria,,AGELT1,<1 year,,FMLE,Female,,,,,,,,100000,100000.00000,,,,,
2312,LIFE_0000000029,nMx - age-specific death rate between ages x and x+n,https://www.who.int/data/gho/indicator-metadata-registry/imr-details/29,,,,PUBLISHED,Published,,2007.0,2007,,AFR,2007,2007,Africa,,NGA,Nigeria,,AGE1-4,1-4 years,,FMLE,Female,,,,,,,,0.016,0.01627,,,,,
2313,LIFE_0000000031,lx - number of people left alive at age x,https://www.who.int/data/gho/indicator-metadata-registry/imr-details/31,,,,PUBLISHED,Published,,2007.0,2007,,AFR,2007,2007,Africa,,NGA,Nigeria,,AGE1-4,1-4 years,,FMLE,Female,,,,,,,,91479.27,91479.27000,,,,,
2314,LIFE_0000000031,lx - number of people left alive at age x,https://www.who.int/data/gho/indicator-metadata-registry/imr-details/31,,,,PUBLISHED,Published,,2007.0,2007,,AFR,2007,2007,Africa,,NGA,Nigeria,,AGE5-9,5-9 years,,FMLE,Female,,,,,,,,85769.01,85769.01000,,,,,
2315,LIFE_0000000033,nLx - person-years lived between ages x and x+n,https://www.who.int/data/gho/indicator-metadata-registry/imr-details/33,,,,PUBLISHED,Published,,2007.0,2007,,AFR,2007,2007,Africa,,NGA,Nigeria,,AGE5-9,5-9 years,,FMLE,Female,,,,,,,,423810.5,423810.50000,,,,,
2316,LIFE_0000000033,nLx - person-years lived between ages x and x+n,https://www.who.int/data/gho/indicator-metadata-registry/imr-details/33,,,,PUBLISHED,Published,,2007.0,2007,,AFR,2007,2007,Africa,,NGA,Nigeria,,AGE10-14,10-14 years,,FMLE,Female,,,,,,,,416606.4,416606.40000,,,,,
2317,LIFE_0000000035,ex - expectation of life at age x,https://www.who.int/data/gho/indicator-metadata-registry/imr-details/35,,,,PUBLISHED,Published,,2007.0,2007,,AFR,2007,2007,Africa,,NGA,Nigeria,,AGE10-14,10-14 years,,FMLE,Female,,,,,,,,50.7,50.69194,,,,,
2318,LIFE_0000000033,nLx - person-years lived between ages x and x+n,https://www.who.int/data/gho/indicator-metadata-registry/imr-details/33,,,,PUBLISHED,Published,,2007.0,2007,,AFR,2007,2007,Africa,,NGA,Nigeria,,AGE15-19,15-19  years,,FMLE,Female,,,,,,,,410198.4,410198.40000,,,,,
2319,LIFE_0000000035,ex - expectation of life at age x,https://www.who.int/data/gho/indicator-metadata-registry/imr-details/35,,,,PUBLISHED,Published,,2007.0,2007,,AFR,2007,2007,Africa,,NGA,Nigeria,,AGE15-19,15-19  years,,FMLE,Female,,,,,,,,46.2,46.19649,,,,,
2320,LIFE_0000000035,ex - expectation of life at age x,https://www.who.int/data/gho/indicator-metadata-registry/imr-details/35,,,,PUBLISHED,Published,,2007.0,2007,,AFR,2007,2007,Africa,,NGA,Nigeria,,AGE20-24,20-24 years,,FMLE,Female,,,,,,,,42.2,42.15337,,,,,
2321,LIFE_0000000030,nqx - probability of dying between ages x and x+n,https://www.who.int/data/gho/indicator-metadata-registry/imr-details/30,,,,PUBLISHED,Published,,2007.0,2007,,AFR,2007,2007,Africa,,NGA,Nigeria,,AGE25-29,25-29 years,,FMLE,Female,,,,,,,,0.041,0.04102,,,,,
2322,LIFE_0000000030,nqx - probability of dying between ages x and x+n,https://www.who.int/data/gho/indicator-metadata-registry/imr-details/30,,,,PUBLISHED,Published,,2007.0,2007,,AFR,2007,2007,Africa,,NGA,Nigeria,,AGE30-34,30-34 years,,FMLE,Female,,,,,,,,0.049,0.04862,,,,,
2323,LIFE_0000000032,ndx - number of people dying between ages x and x+n,https://www.who.int/data/gho/indicator-metadata-registry/imr-details/32,,,,PUBLISHED,Published,,2007.0,2007,,AFR,2007,2007,Africa,,NGA,Nigeria,,AGE30-34,30-34 years,,FMLE,Female,,,,,,,,3672.118,3672.11800,,,,,
2324,LIFE_0000000030,nqx - probability of dying between ages x and x+n,https://www.who.int/data/gho/indicator-metadata-registry/imr-details/30,,,,PUBLISHED,Published,,2007.0,2007,,AFR,2007,2007,Africa,,NGA,Nigeria,,AGE35-39,35-39 years,,FMLE,Female,,,,,,,,0.055,0.05458,,,,,
2325,LIFE_0000000032,ndx - number of people dying between ages x and x+n,https://www.who.int/data/gho/indicator-metadata-registry/imr-details/32,,,,PUBLISHED,Published,,2007.0,2007,,AFR,2007,2007,Africa,,NGA,Nigeria,,AGE35-39,35-39 years,,FMLE,Female,,,,,,,,3921.775,3921.77500,,,,,
2326,LIFE_0000000032,ndx - number of people dying between ages x and x+n,https://www.who.int/data/gho/indicator-metadata-registry/imr-details/32,,,,PUBLISHED,Published,,2007.0,2007,,AFR,2007,2007,Africa,,NGA,Nigeria,,AGE40-44,40-44 years,,FMLE,Female,,,,,,,,3596.932,3596.93200,,,,,
2327,LIFE_0000000034,Tx - person-years lived above age x,https://www.who.int/data/gho/indicator-metadata-registry/imr-details/34,,,,PUBLISHED,Published,,2007.0,2007,,AFR,2007,2007,Africa,,NGA,Nigeria,,AGE40-44,40-44 years,,FMLE,Female,,,,,,,,1915397,1915397.00000,,,,,
2328,LIFE_0000000034,Tx - person-years lived above age x,https://www.who.int/data/gho/indicator-metadata-registry/imr-details/34,,,,PUBLISHED,Published,,2007.0,2007,,AFR,2007,2007,Africa,,NGA,Nigeria,,AGE45-49,45-49 years,,FMLE,Female,,,,,,,,1584678,1584678.00000,,,,,
2329,LIFE_0000000029,nMx - age-specific death rate between ages x and x+n,https://www.who.int/data/gho/indicator-metadata-registry/imr-details/29,,,,PUBLISHED,Published,,2007.0,2007,,AFR,2007,2007,Africa,,NGA,Nigeria,,AGE50-54,50-54 years,,FMLE,Female,,,,,,,,0.014,0.01367,,,,,
2330,LIFE_0000000034,Tx - person-years lived above age x,https://www.who.int/data/gho/indicator-metadata-registry/imr-details/34,,,,PUBLISHED,Published,,2007.0,2007,,AFR,2007,2007,Africa,,NGA,Nigeria,,AGE50-54,50-54 years,,FMLE,Female,,,,,,,,1271478,1271478.00000,,,,,
2331,LIFE_0000000029,nMx - age-specific death rate between ages x and x+n,https://www.who.int/data/gho/indicator-metadata-registry/imr-details/29,,,,PUBLISHED,Published,,2007.0,2007,,AFR,2007,2007,Africa,,NGA,Nigeria,,AGE55-59,55-59 years,,FMLE,Female,,,,,,,,0.018,0.01769,,,,,
2332,LIFE_0000000029,nMx - age-specific death rate between ages x and x+n,https://www.who.int/data/gho/indicator-metadata-registry/imr-details/29,,,,PUBLISHED,Published,,2007.0,2007,,AFR,2007,2007,Africa,,NGA,Nigeria,,AGE60-64,60-64 years,,FMLE,Female,,,,,,,,0.032,0.03246,,,,,
2333,LIFE_0000000031,lx - number of people left alive at age x,https://www.who.int/data/gho/indicator-metadata-registry/imr-details/31,,,,PUBLISHED,Published,,2007.0,2007,,AFR,2007,2007,Africa,,NGA,Nigeria,,AGE60-64,60-64 years,,FMLE,Female,,,,,,,,52013.2,52013.20000,,,,,
2334,LIFE_0000000031,lx - number of people left alive at age x,https://www.who.int/data/gho/indicator-metadata-registry/imr-details/31,,,,PUBLISHED,Published,,2007.0,2007,,AFR,2007,2007,Africa,,NGA,Nigeria,,AGE65-69,65-69 years,,FMLE,Female,,,,,,,,44173.93,44173.93000,,,,,
2335,LIFE_0000000033,nLx - person-years lived between ages x and x+n,https://www.who.int/data/gho/indicator-metadata-registry/imr-details/33,,,,PUBLISHED,Published,,2007.0,2007,,AFR,2007,2007,Africa,,NGA,Nigeria,,AGE65-69,65-69 years,,FMLE,Female,,,,,,,,196558.2,196558.20000,,,,,
2336,LIFE_0000000031,lx - number of people left alive at age x,https://www.who.int/data/gho/indicator-metadata-registry/imr-details/31,,,,PUBLISHED,Published,,2007.0,2007,,AFR,2007,2007,Africa,,NGA,Nigeria,,AGE70-74,70-74 years,,FMLE,Female,,,,,,,,34071.8,34071.80000,,,,,
2337,LIFE_0000000033,nLx - person-years lived between ages x and x+n,https://www.who.int/data/gho/indicator-metadata-registry/imr-details/33,,,,PUBLISHED,Published,,2007.0,2007,,AFR,2007,2007,Africa,,NGA,Nigeria,,AGE70-74,70-74 years,,FMLE,Female,,,,,,,,140744.5,140744.50000,,,,,
2338,LIFE_0000000033,nLx - person-years lived between ages x and x+n,https://www.who.int/data/gho/indicator-metadata-registry/imr-details/33,,,,PUBLISHED,Published,,2007.0,2007,,AFR,2007,2007,Africa,,NGA,Nigeria,,AGE75-79,75-79 years,,FMLE,Female,,,,,,,,81414.76,81414.76000,,,,,
2339,LIFE_0000000035,ex - expectation of life at age x,https://www.who.int/data/gho/indicator-metadata-registry/imr-details/35,,,,PUBLISHED,Published,,2007.0,2007,,AFR,2007,2007,Africa,,NGA,Nigeria,,AGE75-79,75-79 years,,FMLE,Female,,,,,,,,5.7,5.67055,,,,,
2340,LIFE_0000000035,ex - expectation of life at age x,https://www.who.int/data/gho/indicator-metadata-registry/imr-details/35,,,,PUBLISHED,Published,,2007.0,2007,,AFR,2007,2007,Africa,,NGA,Nigeria,,AGE80-84,80-84 years,,FMLE,Female,,,,,,,,4,4.03264,,,,,
2341,LIFE_0000000030,nqx - probability of dying between ages x and x+n,https://www.who.int/data/gho/indicator-metadata-registry/imr-details/30,,,,PUBLISHED,Published,,2007.0,2007,,AFR,2007,2007,Africa,,NGA,Nigeria,,AGE85PLUS,85+ years,,FMLE,Female,,,,,,,,1,1.00000,,,,,
2342,LIFE_0000000035,ex - expectation of life at age x,https://www.who.int/data/gho/indicator-metadata-registry/imr-details/35,,,,PUBLISHED,Published,,2007.0,2007,,AFR,2007,2007,Africa,,NGA,Nigeria,,AGE85PLUS,85+ years,,FMLE,Female,,,,,,,,2.9,2.91940,,,,,
2343,LIFE_0000000030,nqx - probability of dying between ages x and x+n,https://www.who.int/data/gho/indicator-metadata-registry/imr-details/30,,,,PUBLISHED,Published,,2008.0,2008,,AFR,2008,2008,Africa,,NGA,Nigeria,,AGELT1,<1 year,,MLE,Male,,,,,,,,0.094,0.09409,,,,,
2344,LIFE_0000000030,nqx - probability of dying between ages x and x+n,https://www.who.int/data/gho/indicator-metadata-registry/imr-details/30,,,,PUBLISHED,Published,,2008.0,2008,,AFR,2008,2008,Africa,,NGA,Nigeria,,AGE1-4,1-4 years,,MLE,Male,,,,,,,,0.057,0.05672,,,,,
2345,LIFE_0000000032,ndx - number of people dying between ages x and x+n,https://www.who.int/data/gho/indicator-metadata-registry/imr-details/32,,,,PUBLISHED,Published,,2008.0,2008,,AFR,2008,2008,Africa,,NGA,Nigeria,,AGE1-4,1-4 years,,MLE,Male,,,,,,,,5138.471,5138.47100,,,,,
2346,LIFE_0000000032,ndx - number of people dying between ages x and x+n,https://www.who.int/data/gho/indicator-metadata-registry/imr-details/32,,,,PUBLISHED,Published,,2008.0,2008,,AFR,2008,2008,Africa,,NGA,Nigeria,,AGE5-9,5-9 years,,MLE,Male,,,,,,,,1495.051,1495.05100,,,,,
2347,LIFE_0000000034,Tx - person-years lived above age x,https://www.who.int/data/gho/indicator-metadata-registry/imr-details/34,,,,PUBLISHED,Published,,2008.0,2008,,AFR,2008,2008,Africa,,NGA,Nigeria,,AGE5-9,5-9 years,,MLE,Male,,,,,,,,4666271,4666271.00000,,,,,
2348,LIFE_0000000032,ndx - number of people dying between ages x and x+n,https://www.who.int/data/gho/indicator-metadata-registry/imr-details/32,,,,PUBLISHED,Published,,2008.0,2008,,AFR,2008,2008,Africa,,NGA,Nigeria,,AGE10-14,10-14 years,,MLE,Male,,,,,,,,654.725,654.72520,,,,,
2349,LIFE_0000000034,Tx - person-years lived above age x,https://www.who.int/data/gho/indicator-metadata-registry/imr-details/34,,,,PUBLISHED,Published,,2008.0,2008,,AFR,2008,2008,Africa,,NGA,Nigeria,,AGE10-14,10-14 years,,MLE,Male,,,,,,,,4242745,4242745.00000,,,,,
2350,LIFE_0000000029,nMx - age-specific death rate between ages x and x+n,https://www.who.int/data/gho/indicator-metadata-registry/imr-details/29,,,,PUBLISHED,Published,,2008.0,2008,,AFR,2008,2008,Africa,,NGA,Nigeria,,AGE15-19,15-19  years,,MLE,Male,,,,,,,,0.003,0.00333,,,,,
2351,LIFE_0000000034,Tx - person-years lived above age x,https://www.who.int/data/gho/indicator-metadata-registry/imr-details/34,,,,PUBLISHED,Published,,2008.0,2008,,AFR,2008,2008,Africa,,NGA,Nigeria,,AGE15-19,15-19  years,,MLE,Male,,,,,,,,3824594,3824594.00000,,,,,
2352,LIFE_0000000029,nMx - age-specific death rate between ages x and x+n,https://www.who.int/data/gho/indicator-metadata-registry/imr-details/29,,,,PUBLISHED,Published,,2008.0,2008,,AFR,2008,2008,Africa,,NGA,Nigeria,,AGE20-24,20-24 years,,MLE,Male,,,,,,,,0.005,0.00523,,,,,
2353,LIFE_0000000029,nMx - age-specific death rate between ages x and x+n,https://www.who.int/data/gho/indicator-metadata-registry/imr-details/29,,,,PUBLISHED,Published,,2008.0,2008,,AFR,2008,2008,Africa,,NGA,Nigeria,,AGE25-29,25-29 years,,MLE,Male,,,,,,,,0.007,0.00665,,,,,
2354,LIFE_0000000031,lx - number of people left alive at age x,https://www.who.int/data/gho/indicator-metadata-registry/imr-details/31,,,,PUBLISHED,Published,,2008.0,2008,,AFR,2008,2008,Africa,,NGA,Nigeria,,AGE25-29,25-29 years,,MLE,Male,,,,,,,,79812.9,79812.90000,,,,,
2355,LIFE_0000000029,nMx - age-specific death rate between ages x and x+n,https://www.who.int/data/gho/indicator-metadata-registry/imr-details/29,,,,PUBLISHED,Published,,2008.0,2008,,AFR,2008,2008,Africa,,NGA,Nigeria,,AGE30-34,30-34 years,,MLE,Male,,,,,,,,0.009,0.00851,,,,,
2356,LIFE_0000000031,lx - number of people left alive at age x,https://www.who.int/data/gho/indicator-metadata-registry/imr-details/31,,,,PUBLISHED,Published,,2008.0,2008,,AFR,2008,2008,Africa,,NGA,Nigeria,,AGE30-34,30-34 years,,MLE,Male,,,,,,,,77201.54,77201.54000,,,,,
2357,LIFE_0000000033,nLx - person-years lived between ages x and x+n,https://www.who.int/data/gho/indicator-metadata-registry/imr-details/33,,,,PUBLISHED,Published,,2008.0,2008,,AFR,2008,2008,Africa,,NGA,Nigeria,,AGE30-34,30-34 years,,MLE,Male,,,,,,,,378023.8,378023.80000,,,,,
2358,LIFE_0000000031,lx - number of people left alive at age x,https://www.who.int/data/gho/indicator-metadata-registry/imr-details/31,,,,PUBLISHED,Published,,2008.0,2008,,AFR,2008,2008,Africa,,NGA,Nigeria,,AGE35-39,35-39 years,,MLE,Male,,,,,,,,73983.12,73983.12000,,,,,
2359,LIFE_0000000033,nLx - person-years lived between ages x and x+n,https://www.who.int/data/gho/indicator-metadata-registry/imr-details/33,,,,PUBLISHED,Published,,2008.0,2008,,AFR,2008,2008,Africa,,NGA,Nigeria,,AGE35-39,35-39 years,,MLE,Male,,,,,,,,360326.2,360326.20000,,,,,
2360,LIFE_0000000033,nLx - person-years lived between ages x and x+n,https://www.who.int/data/gho/indicator-metadata-registry/imr-details/33,,,,PUBLISHED,Published,,2008.0,2008,,AFR,2008,2008,Africa,,NGA,Nigeria,,AGE40-44,40-44 years,,MLE,Male,,,,,,,,339955.3,339955.30000,,,,,
2361,LIFE_0000000035,ex - expectation of life at age x,https://www.who.int/data/gho/indicator-metadata-registry/imr-details/35,,,,PUBLISHED,Published,,2008.0,2008,,AFR,2008,2008,Africa,,NGA,Nigeria,,AGE40-44,40-44 years,,MLE,Male,,,,,,,,26.8,26.77448,,,,,
2362,LIFE_0000000033,nLx - person-years lived between ages x and x+n,https://www.who.int/data/gho/indicator-metadata-registry/imr-details/33,,,,PUBLISHED,Published,,2008.0,2008,,AFR,2008,2008,Africa,,NGA,Nigeria,,AGE45-49,45-49 years,,MLE,Male,,,,,,,,317964.7,317964.70000,,,,,
2363,LIFE_0000000035,ex - expectation of life at age x,https://www.who.int/data/gho/indicator-metadata-registry/imr-details/35,,,,PUBLISHED,Published,,2008.0,2008,,AFR,2008,2008,Africa,,NGA,Nigeria,,AGE45-49,45-49 years,,MLE,Male,,,,,,,,23.3,23.34441,,,,,
2364,LIFE_0000000030,nqx - probability of dying between ages x and x+n,https://www.who.int/data/gho/indicator-metadata-registry/imr-details/30,,,,PUBLISHED,Published,,2008.0,2008,,AFR,2008,2008,Africa,,NGA,Nigeria,,AGE50-54,50-54 years,,MLE,Male,,,,,,,,0.086,0.08594,,,,,
2365,LIFE_0000000035,ex - expectation of life at age x,https://www.who.int/data/gho/indicator-metadata-registry/imr-details/35,,,,PUBLISHED,Published,,2008.0,2008,,AFR,2008,2008,Africa,,NGA,Nigeria,,AGE50-54,50-54 years,,MLE,Male,,,,,,,,19.9,19.89002,,,,,
2366,LIFE_0000000030,nqx - probability of dying between ages x and x+n,https://www.who.int/data/gho/indicator-metadata-registry/imr-details/30,,,,PUBLISHED,Published,,2008.0,2008,,AFR,2008,2008,Africa,,NGA,Nigeria,,AGE55-59,55-59 years,,MLE,Male,,,,,,,,0.108,0.10830,,,,,
2367,LIFE_0000000030,nqx - probability of dying between ages x and x+n,https://www.who.int/data/gho/indicator-metadata-registry/imr-details/30,,,,PUBLISHED,Published,,2008.0,2008,,AFR,2008,2008,Africa,,NGA,Nigeria,,AGE60-64,60-64 years,,MLE,Male,,,,,,,,0.166,0.16590,,,,,
2368,LIFE_0000000032,ndx - number of people dying between ages x and x+n,https://www.who.int/data/gho/indicator-metadata-registry/imr-details/32,,,,PUBLISHED,Published,,2008.0,2008,,AFR,2008,2008,Africa,,NGA,Nigeria,,AGE60-64,60-64 years,,MLE,Male,,,,,,,,8281.605,8281.60500,,,,,
2369,LIFE_0000000032,ndx - number of people dying between ages x and x+n,https://www.who.int/data/gho/indicator-metadata-registry/imr-details/32,,,,PUBLISHED,Published,,2008.0,2008,,AFR,2008,2008,Africa,,NGA,Nigeria,,AGE65-69,65-69 years,,MLE,Male,,,,,,,,9946.428,9946.42800,,,,,
2370,LIFE_0000000034,Tx - person-years lived above age x,https://www.who.int/data/gho/indicator-metadata-registry/imr-details/34,,,,PUBLISHED,Published,,2008.0,2008,,AFR,2008,2008,Africa,,NGA,Nigeria,,AGE65-69,65-69 years,,MLE,Male,,,,,,,,429602.3,429602.30000,,,,,
2371,LIFE_0000000032,ndx - number of people dying between ages x and x+n,https://www.who.int/data/gho/indicator-metadata-registry/imr-details/32,,,,PUBLISHED,Published,,2008.0,2008,,AFR,2008,2008,Africa,,NGA,Nigeria,,AGE70-74,70-74 years,,MLE,Male,,,,,,,,11276.09,11276.09000,,,,,
2372,LIFE_0000000034,Tx - person-years lived above age x,https://www.who.int/data/gho/indicator-metadata-registry/imr-details/34,,,,PUBLISHED,Published,,2008.0,2008,,AFR,2008,2008,Africa,,NGA,Nigeria,,AGE70-74,70-74 years,,MLE,Male,,,,,,,,245590.5,245590.50000,,,,,
2373,LIFE_0000000034,Tx - person-years lived above age x,https://www.who.int/data/gho/indicator-metadata-registry/imr-details/34,,,,PUBLISHED,Published,,2008.0,2008,,AFR,2008,2008,Africa,,NGA,Nigeria,,AGE75-79,75-79 years,,MLE,Male,,,,,,,,115141,115141.00000,,,,,
2374,LIFE_0000000029,nMx - age-specific death rate between ages x and x+n,https://www.who.int/data/gho/indicator-metadata-registry/imr-details/29,,,,PUBLISHED,Published,,2008.0,2008,,AFR,2008,2008,Africa,,NGA,Nigeria,,AGE80-84,80-84 years,,MLE,Male,,,,,,,,0.219,0.21917,,,,,
2375,LIFE_0000000029,nMx - age-specific death rate between ages x and x+n,https://www.who.int/data/gho/indicator-metadata-registry/imr-details/29,,,,PUBLISHED,Published,,2008.0,2008,,AFR,2008,2008,Africa,,NGA,Nigeria,,AGE85PLUS,85+ years,,MLE,Male,,,,,,,,0.35,0.35017,,,,,
2376,LIFE_0000000031,lx - number of people left alive at age x,https://www.who.int/data/gho/indicator-metadata-registry/imr-details/31,,,,PUBLISHED,Published,,2008.0,2008,,AFR,2008,2008,Africa,,NGA,Nigeria,,AGE85PLUS,85+ years,,MLE,Male,,,,,,,,3184.334,3184.33400,,,,,
2377,LIFE_0000000029,nMx - age-specific death rate between ages x and x+n,https://www.who.int/data/gho/indicator-metadata-registry/imr-details/29,,,,PUBLISHED,Published,,2008.0,2008,,AFR,2008,2008,Africa,,NGA,Nigeria,,AGELT1,<1 year,,FMLE,Female,,,,,,,,0.088,0.08754,,,,,
2378,LIFE_0000000031,lx - number of people left alive at age x,https://www.who.int/data/gho/indicator-metadata-registry/imr-details/31,,,,PUBLISHED,Published,,2008.0,2008,,AFR,2008,2008,Africa,,NGA,Nigeria,,AGELT1,<1 year,,FMLE,Female,,,,,,,,100000,100000.00000,,,,,
2379,LIFE_0000000031,lx - number of people left alive at age x,https://www.who.int/data/gho/indicator-metadata-registry/imr-details/31,,,,PUBLISHED,Published,,2008.0,2008,,AFR,2008,2008,Africa,,NGA,Nigeria,,AGE1-4,1-4 years,,FMLE,Female,,,,,,,,91751.76,91751.76000,,,,,
2380,LIFE_0000000033,nLx - person-years lived between ages x and x+n,https://www.who.int/data/gho/indicator-metadata-registry/imr-details/33,,,,PUBLISHED,Published,,2008.0,2008,,AFR,2008,2008,Africa,,NGA,Nigeria,,AGE1-4,1-4 years,,FMLE,Female,,,,,,,,352767.8,352767.80000,,,,,
2381,LIFE_0000000033,nLx - person-years lived between ages x and x+n,https://www.who.int/data/gho/indicator-metadata-registry/imr-details/33,,,,PUBLISHED,Published,,2008.0,2008,,AFR,2008,2008,Africa,,NGA,Nigeria,,AGE5-9,5-9 years,,FMLE,Female,,,,,,,,426602.5,426602.50000,,,,,
2382,LIFE_0000000035,ex - expectation of life at age x,https://www.who.int/data/gho/indicator-metadata-registry/imr-details/35,,,,PUBLISHED,Published,,2008.0,2008,,AFR,2008,2008,Africa,,NGA,Nigeria,,AGE5-9,5-9 years,,FMLE,Female,,,,,,,,54.6,54.62164,,,,,
2383,LIFE_0000000033,nLx - person-years lived between ages x and x+n,https://www.who.int/data/gho/indicator-metadata-registry/imr-details/33,,,,PUBLISHED,Published,,2008.0,2008,,AFR,2008,2008,Africa,,NGA,Nigeria,,AGE10-14,10-14 years,,FMLE,Female,,,,,,,,419566.3,419566.30000,,,,,
2384,LIFE_0000000035,ex - expectation of life at age x,https://www.who.int/data/gho/indicator-metadata-registry/imr-details/35,,,,PUBLISHED,Published,,2008.0,2008,,AFR,2008,2008,Africa,,NGA,Nigeria,,AGE10-14,10-14 years,,FMLE,Female,,,,,,,,50.8,50.83139,,,,,
2385,LIFE_0000000035,ex - expectation of life at age x,https://www.who.int/data/gho/indicator-metadata-registry/imr-details/35,,,,PUBLISHED,Published,,2008.0,2008,,AFR,2008,2008,Africa,,NGA,Nigeria,,AGE15-19,15-19  years,,FMLE,Female,,,,,,,,46.3,46.32749,,,,,
2386,LIFE_0000000030,nqx - probability of dying between ages x and x+n,https://www.who.int/data/gho/indicator-metadata-registry/imr-details/30,,,,PUBLISHED,Published,,2008.0,2008,,AFR,2008,2008,Africa,,NGA,Nigeria,,AGE20-24,20-24 years,,FMLE,Female,,,,,,,,0.028,0.02841,,,,,
2387,LIFE_0000000030,nqx - probability of dying between ages x and x+n,https://www.who.int/data/gho/indicator-metadata-registry/imr-details/30,,,,PUBLISHED,Published,,2008.0,2008,,AFR,2008,2008,Africa,,NGA,Nigeria,,AGE25-29,25-29 years,,FMLE,Female,,,,,,,,0.04,0.03999,,,,,
2388,LIFE_0000000032,ndx - number of people dying between ages x and x+n,https://www.who.int/data/gho/indicator-metadata-registry/imr-details/32,,,,PUBLISHED,Published,,2008.0,2008,,AFR,2008,2008,Africa,,NGA,Nigeria,,AGE25-29,25-29 years,,FMLE,Female,,,,,,,,3174.727,3174.72700,,,,,
2389,LIFE_0000000030,nqx - probability of dying between ages x and x+n,https://www.who.int/data/gho/indicator-metadata-registry/imr-details/30,,,,PUBLISHED,Published,,2008.0,2008,,AFR,2008,2008,Africa,,NGA,Nigeria,,AGE30-34,30-34 years,,FMLE,Female,,,,,,,,0.048,0.04803,,,,,
2390,LIFE_0000000032,ndx - number of people dying between ages x and x+n,https://www.who.int/data/gho/indicator-metadata-registry/imr-details/32,,,,PUBLISHED,Published,,2008.0,2008,,AFR,2008,2008,Africa,,NGA,Nigeria,,AGE30-34,30-34 years,,FMLE,Female,,,,,,,,3660.893,3660.89300,,,,,
2391,LIFE_0000000032,ndx - number of people dying between ages x and x+n,https://www.who.int/data/gho/indicator-metadata-registry/imr-details/32,,,,PUBLISHED,Published,,2008.0,2008,,AFR,2008,2008,Africa,,NGA,Nigeria,,AGE35-39,35-39 years,,FMLE,Female,,,,,,,,3994.054,3994.05400,,,,,
2392,LIFE_0000000034,Tx - person-years lived above age x,https://www.who.int/data/gho/indicator-metadata-registry/imr-details/34,,,,PUBLISHED,Published,,2008.0,2008,,AFR,2008,2008,Africa,,NGA,Nigeria,,AGE35-39,35-39 years,,FMLE,Female,,,,,,,,2290570,2290570.00000,,,,,
2393,LIFE_0000000034,Tx - person-years lived above age x,https://www.who.int/data/gho/indicator-metadata-registry/imr-details/34,,,,PUBLISHED,Published,,2008.0,2008,,AFR,2008,2008,Africa,,NGA,Nigeria,,AGE40-44,40-44 years,,FMLE,Female,,,,,,,,1937743,1937743.00000,,,,,
2394,LIFE_0000000029,nMx - age-specific death rate between ages x and x+n,https://www.who.int/data/gho/indicator-metadata-registry/imr-details/29,,,,PUBLISHED,Published,,2008.0,2008,,AFR,2008,2008,Africa,,NGA,Nigeria,,AGE45-49,45-49 years,,FMLE,Female,,,,,,,,0.011,0.01107,,,,,
2395,LIFE_0000000034,Tx - person-years lived above age x,https://www.who.int/data/gho/indicator-metadata-registry/imr-details/34,,,,PUBLISHED,Published,,2008.0,2008,,AFR,2008,2008,Africa,,NGA,Nigeria,,AGE45-49,45-49 years,,FMLE,Female,,,,,,,,1604009,1604009.00000,,,,,
2396,LIFE_0000000029,nMx - age-specific death rate between ages x and x+n,https://www.who.int/data/gho/indicator-metadata-registry/imr-details/29,,,,PUBLISHED,Published,,2008.0,2008,,AFR,2008,2008,Africa,,NGA,Nigeria,,AGE50-54,50-54 years,,FMLE,Female,,,,,,,,0.014,0.01360,,,,,
2397,LIFE_0000000029,nMx - age-specific death rate between ages x and x+n,https://www.who.int/data/gho/indicator-metadata-registry/imr-details/29,,,,PUBLISHED,Published,,2008.0,2008,,AFR,2008,2008,Africa,,NGA,Nigeria,,AGE55-59,55-59 years,,FMLE,Female,,,,,,,,0.018,0.01756,,,,,
2398,LIFE_0000000031,lx - number of people left alive at age x,https://www.who.int/data/gho/indicator-metadata-registry/imr-details/31,,,,PUBLISHED,Published,,2008.0,2008,,AFR,2008,2008,Africa,,NGA,Nigeria,,AGE55-59,55-59 years,,FMLE,Female,,,,,,,,57371.72,57371.72000,,,,,
2399,LIFE_0000000031,lx - number of people left alive at age x,https://www.who.int/data/gho/indicator-metadata-registry/imr-details/31,,,,PUBLISHED,Published,,2008.0,2008,,AFR,2008,2008,Africa,,NGA,Nigeria,,AGE60-64,60-64 years,,FMLE,Female,,,,,,,,52535.5,52535.50000,,,,,
2400,LIFE_0000000033,nLx - person-years lived between ages x and x+n,https://www.who.int/data/gho/indicator-metadata-registry/imr-details/33,,,,PUBLISHED,Published,,2008.0,2008,,AFR,2008,2008,Africa,,NGA,Nigeria,,AGE60-64,60-64 years,,FMLE,Female,,,,,,,,244153.1,244153.10000,,,,,
2401,LIFE_0000000031,lx - number of people left alive at age x,https://www.who.int/data/gho/indicator-metadata-registry/imr-details/31,,,,PUBLISHED,Published,,2008.0,2008,,AFR,2008,2008,Africa,,NGA,Nigeria,,AGE65-69,65-69 years,,FMLE,Female,,,,,,,,44712.89,44712.89000,,,,,
2402,LIFE_0000000033,nLx - person-years lived between ages x and x+n,https://www.who.int/data/gho/indicator-metadata-registry/imr-details/33,,,,PUBLISHED,Published,,2008.0,2008,,AFR,2008,2008,Africa,,NGA,Nigeria,,AGE65-69,65-69 years,,FMLE,Female,,,,,,,,199241.4,199241.40000,,,,,
2403,LIFE_0000000033,nLx - person-years lived between ages x and x+n,https://www.who.int/data/gho/indicator-metadata-registry/imr-details/33,,,,PUBLISHED,Published,,2008.0,2008,,AFR,2008,2008,Africa,,NGA,Nigeria,,AGE70-74,70-74 years,,FMLE,Female,,,,,,,,143214.5,143214.50000,,,,,
2404,LIFE_0000000035,ex - expectation of life at age x,https://www.who.int/data/gho/indicator-metadata-registry/imr-details/35,,,,PUBLISHED,Published,,2008.0,2008,,AFR,2008,2008,Africa,,NGA,Nigeria,,AGE70-74,70-74 years,,FMLE,Female,,,,,,,,7.9,7.85627,,,,,
2405,LIFE_0000000035,ex - expectation of life at age x,https://www.who.int/data/gho/indicator-metadata-registry/imr-details/35,,,,PUBLISHED,Published,,2008.0,2008,,AFR,2008,2008,Africa,,NGA,Nigeria,,AGE75-79,75-79 years,,FMLE,Female,,,,,,,,5.7,5.70495,,,,,
2406,LIFE_0000000030,nqx - probability of dying between ages x and x+n,https://www.who.int/data/gho/indicator-metadata-registry/imr-details/30,,,,PUBLISHED,Published,,2008.0,2008,,AFR,2008,2008,Africa,,NGA,Nigeria,,AGE80-84,80-84 years,,FMLE,Female,,,,,,,,0.679,0.67918,,,,,
2407,LIFE_0000000035,ex - expectation of life at age x,https://www.who.int/data/gho/indicator-metadata-registry/imr-details/35,,,,PUBLISHED,Published,,2008.0,2008,,AFR,2008,2008,Africa,,NGA,Nigeria,,AGE80-84,80-84 years,,FMLE,Female,,,,,,,,4.1,4.05484,,,,,
2408,LIFE_0000000030,nqx - probability of dying between ages x and x+n,https://www.who.int/data/gho/indicator-metadata-registry/imr-details/30,,,,PUBLISHED,Published,,2008.0,2008,,AFR,2008,2008,Africa,,NGA,Nigeria,,AGE85PLUS,85+ years,,FMLE,Female,,,,,,,,1,1.00000,,,,,
2409,LIFE_0000000032,ndx - number of people dying between ages x and x+n,https://www.who.int/data/gho/indicator-metadata-registry/imr-details/32,,,,PUBLISHED,Published,,2008.0,2008,,AFR,2008,2008,Africa,,NGA,Nigeria,,AGE85PLUS,85+ years,,FMLE,Female,,,,,,,,3584.221,3584.22100,,,,,
2410,LIFE_0000000030,nqx - probability of dying between ages x and x+n,https://www.who.int/data/gho/indicator-metadata-registry/imr-details/30,,,,PUBLISHED,Published,,2009.0,2009,,AFR,2009,2009,Africa,,NGA,Nigeria,,AGELT1,<1 year,,MLE,Male,,,,,,,,0.091,0.09083,,,,,
2411,LIFE_0000000032,ndx - number of people dying between ages x and x+n,https://www.who.int/data/gho/indicator-metadata-registry/imr-details/32,,,,PUBLISHED,Published,,2009.0,2009,,AFR,2009,2009,Africa,,NGA,Nigeria,,AGELT1,<1 year,,MLE,Male,,,,,,,,9082.69,9082.69000,,,,,
2412,LIFE_0000000032,ndx - number of people dying between ages x and x+n,https://www.who.int/data/gho/indicator-metadata-registry/imr-details/32,,,,PUBLISHED,Published,,2009.0,2009,,AFR,2009,2009,Africa,,NGA,Nigeria,,AGE1-4,1-4 years,,MLE,Male,,,,,,,,4913.955,4913.95500,,,,,
2413,LIFE_0000000034,Tx - person-years lived above age x,https://www.who.int/data/gho/indicator-metadata-registry/imr-details/34,,,,PUBLISHED,Published,,2009.0,2009,,AFR,2009,2009,Africa,,NGA,Nigeria,,AGE1-4,1-4 years,,MLE,Male,,,,,,,,5069699,5069699.00000,,,,,
2414,LIFE_0000000032,ndx - number of people dying between ages x and x+n,https://www.who.int/data/gho/indicator-metadata-registry/imr-details/32,,,,PUBLISHED,Published,,2009.0,2009,,AFR,2009,2009,Africa,,NGA,Nigeria,,AGE5-9,5-9 years,,MLE,Male,,,,,,,,1442.681,1442.68100,,,,,
2415,LIFE_0000000034,Tx - person-years lived above age x,https://www.who.int/data/gho/indicator-metadata-registry/imr-details/34,,,,PUBLISHED,Published,,2009.0,2009,,AFR,2009,2009,Africa,,NGA,Nigeria,,AGE5-9,5-9 years,,MLE,Male,,,,,,,,4718916,4718916.00000,,,,,
2416,LIFE_0000000029,nMx - age-specific death rate between ages x and x+n,https://www.who.int/data/gho/indicator-metadata-registry/imr-details/29,,,,PUBLISHED,Published,,2009.0,2009,,AFR,2009,2009,Africa,,NGA,Nigeria,,AGE10-14,10-14 years,,MLE,Male,,,,,,,,0.002,0.00154,,,,,
2417,LIFE_0000000034,Tx - person-years lived above age x,https://www.who.int/data/gho/indicator-metadata-registry/imr-details/34,,,,PUBLISHED,Published,,2009.0,2009,,AFR,2009,2009,Africa,,NGA,Nigeria,,AGE10-14,10-14 years,,MLE,Male,,,,,,,,4292506,4292506.00000,,,,,
2418,LIFE_0000000029,nMx - age-specific death rate between ages x and x+n,https://www.who.int/data/gho/indicator-metadata-registry/imr-details/29,,,,PUBLISHED,Published,,2009.0,2009,,AFR,2009,2009,Africa,,NGA,Nigeria,,AGE15-19,15-19  years,,MLE,Male,,,,,,,,0.003,0.00332,,,,,
2419,LIFE_0000000029,nMx - age-specific death rate between ages x and x+n,https://www.who.int/data/gho/indicator-metadata-registry/imr-details/29,,,,PUBLISHED,Published,,2009.0,2009,,AFR,2009,2009,Africa,,NGA,Nigeria,,AGE20-24,20-24 years,,MLE,Male,,,,,,,,0.005,0.00515,,,,,
2420,LIFE_0000000031,lx - number of people left alive at age x,https://www.who.int/data/gho/indicator-metadata-registry/imr-details/31,,,,PUBLISHED,Published,,2009.0,2009,,AFR,2009,2009,Africa,,NGA,Nigeria,,AGE20-24,20-24 years,,MLE,Male,,,,,,,,82529.98,82529.98000,,,,,
2421,LIFE_0000000029,nMx - age-specific death rate between ages x and x+n,https://www.who.int/data/gho/indicator-metadata-registry/imr-details/29,,,,PUBLISHED,Published,,2009.0,2009,,AFR,2009,2009,Africa,,NGA,Nigeria,,AGE25-29,25-29 years,,MLE,Male,,,,,,,,0.006,0.00644,,,,,
2422,LIFE_0000000031,lx - number of people left alive at age x,https://www.who.int/data/gho/indicator-metadata-registry/imr-details/31,,,,PUBLISHED,Published,,2009.0,2009,,AFR,2009,2009,Africa,,NGA,Nigeria,,AGE25-29,25-29 years,,MLE,Male,,,,,,,,80429.75,80429.75000,,,,,
2423,LIFE_0000000033,nLx - person-years lived between ages x and x+n,https://www.who.int/data/gho/indicator-metadata-registry/imr-details/33,,,,PUBLISHED,Published,,2009.0,2009,,AFR,2009,2009,Africa,,NGA,Nigeria,,AGE25-29,25-29 years,,MLE,Male,,,,,,,,395813.4,395813.40000,,,,,
2424,LIFE_0000000031,lx - number of people left alive at age x,https://www.who.int/data/gho/indicator-metadata-registry/imr-details/31,,,,PUBLISHED,Published,,2009.0,2009,,AFR,2009,2009,Africa,,NGA,Nigeria,,AGE30-34,30-34 years,,MLE,Male,,,,,,,,77882.3,77882.30000,,,,,
2425,LIFE_0000000033,nLx - person-years lived between ages x and x+n,https://www.who.int/data/gho/indicator-metadata-registry/imr-details/33,,,,PUBLISHED,Published,,2009.0,2009,,AFR,2009,2009,Africa,,NGA,Nigeria,,AGE30-34,30-34 years,,MLE,Male,,,,,,,,381590.9,381590.90000,,,,,
2426,LIFE_0000000033,nLx - person-years lived between ages x and x+n,https://www.who.int/data/gho/indicator-metadata-registry/imr-details/33,,,,PUBLISHED,Published,,2009.0,2009,,AFR,2009,2009,Africa,,NGA,Nigeria,,AGE35-39,35-39 years,,MLE,Male,,,,,,,,364142.4,364142.40000,,,,,
2427,LIFE_0000000035,ex - expectation of life at age x,https://www.who.int/data/gho/indicator-metadata-registry/imr-details/35,,,,PUBLISHED,Published,,2009.0,2009,,AFR,2009,2009,Africa,,NGA,Nigeria,,AGE35-39,35-39 years,,MLE,Male,,,,,,,,30.4,30.37960,,,,,
2428,LIFE_0000000035,ex - expectation of life at age x,https://www.who.int/data/gho/indicator-metadata-registry/imr-details/35,,,,PUBLISHED,Published,,2009.0,2009,,AFR,2009,2009,Africa,,NGA,Nigeria,,AGE40-44,40-44 years,,MLE,Male,,,,,,,,26.9,26.90306,,,,,
2429,LIFE_0000000030,nqx - probability of dying between ages x and x+n,https://www.who.int/data/gho/indicator-metadata-registry/imr-details/30,,,,PUBLISHED,Published,,2009.0,2009,,AFR,2009,2009,Africa,,NGA,Nigeria,,AGE45-49,45-49 years,,MLE,Male,,,,,,,,0.068,0.06828,,,,,
2430,LIFE_0000000035,ex - expectation of life at age x,https://www.who.int/data/gho/indicator-metadata-registry/imr-details/35,,,,PUBLISHED,Published,,2009.0,2009,,AFR,2009,2009,Africa,,NGA,Nigeria,,AGE45-49,45-49 years,,MLE,Male,,,,,,,,23.4,23.44619,,,,,
2431,LIFE_0000000030,nqx - probability of dying between ages x and x+n,https://www.who.int/data/gho/indicator-metadata-registry/imr-details/30,,,,PUBLISHED,Published,,2009.0,2009,,AFR,2009,2009,Africa,,NGA,Nigeria,,AGE50-54,50-54 years,,MLE,Male,,,,,,,,0.085,0.08481,,,,,
2432,LIFE_0000000030,nqx - probability of dying between ages x and x+n,https://www.who.int/data/gho/indicator-metadata-registry/imr-details/30,,,,PUBLISHED,Published,,2009.0,2009,,AFR,2009,2009,Africa,,NGA,Nigeria,,AGE55-59,55-59 years,,MLE,Male,,,,,,,,0.107,0.10730,,,,,
2433,LIFE_0000000032,ndx - number of people dying between ages x and x+n,https://www.who.int/data/gho/indicator-metadata-registry/imr-details/32,,,,PUBLISHED,Published,,2009.0,2009,,AFR,2009,2009,Africa,,NGA,Nigeria,,AGE55-59,55-59 years,,MLE,Male,,,,,,,,6095.986,6095.98600,,,,,
2434,LIFE_0000000032,ndx - number of people dying between ages x and x+n,https://www.who.int/data/gho/indicator-metadata-registry/imr-details/32,,,,PUBLISHED,Published,,2009.0,2009,,AFR,2009,2009,Africa,,NGA,Nigeria,,AGE60-64,60-64 years,,MLE,Male,,,,,,,,8319.933,8319.93300,,,,,
2435,LIFE_0000000034,Tx - person-years lived above age x,https://www.who.int/data/gho/indicator-metadata-registry/imr-details/34,,,,PUBLISHED,Published,,2009.0,2009,,AFR,2009,2009,Africa,,NGA,Nigeria,,AGE60-64,60-64 years,,MLE,Male,,,,,,,,672901.4,672901.40000,,,,,
2436,LIFE_0000000032,ndx - number of people dying between ages x and x+n,https://www.who.int/data/gho/indicator-metadata-registry/imr-details/32,,,,PUBLISHED,Published,,2009.0,2009,,AFR,2009,2009,Africa,,NGA,Nigeria,,AGE65-69,65-69 years,,MLE,Male,,,,,,,,10040.39,10040.39000,,,,,
2437,LIFE_0000000034,Tx - person-years lived above age x,https://www.who.int/data/gho/indicator-metadata-registry/imr-details/34,,,,PUBLISHED,Published,,2009.0,2009,,AFR,2009,2009,Africa,,NGA,Nigeria,,AGE65-69,65-69 years,,MLE,Male,,,,,,,,439331.1,439331.10000,,,,,
2438,LIFE_0000000034,Tx - person-years lived above age x,https://www.who.int/data/gho/indicator-metadata-registry/imr-details/34,,,,PUBLISHED,Published,,2009.0,2009,,AFR,2009,2009,Africa,,NGA,Nigeria,,AGE70-74,70-74 years,,MLE,Male,,,,,,,,251735.1,251735.10000,,,,,
2439,LIFE_0000000029,nMx - age-specific death rate between ages x and x+n,https://www.who.int/data/gho/indicator-metadata-registry/imr-details/29,,,,PUBLISHED,Published,,2009.0,2009,,AFR,2009,2009,Africa,,NGA,Nigeria,,AGE75-79,75-79 years,,MLE,Male,,,,,,,,0.138,0.13827,,,,,
2440,LIFE_0000000029,nMx - age-specific death rate between ages x and x+n,https://www.who.int/data/gho/indicator-metadata-registry/imr-details/29,,,,PUBLISHED,Published,,2009.0,2009,,AFR,2009,2009,Africa,,NGA,Nigeria,,AGE80-84,80-84 years,,MLE,Male,,,,,,,,0.218,0.21843,,,,,
2441,LIFE_0000000031,lx - number of people left alive at age x,https://www.who.int/data/gho/indicator-metadata-registry/imr-details/31,,,,PUBLISHED,Published,,2009.0,2009,,AFR,2009,2009,Africa,,NGA,Nigeria,,AGE80-84,80-84 years,,MLE,Male,,,,,,,,10272.49,10272.49000,,,,,
2442,LIFE_0000000029,nMx - age-specific death rate between ages x and x+n,https://www.who.int/data/gho/indicator-metadata-registry/imr-details/29,,,,PUBLISHED,Published,,2009.0,2009,,AFR,2009,2009,Africa,,NGA,Nigeria,,AGE85PLUS,85+ years,,MLE,Male,,,,,,,,0.35,0.34958,,,,,
2443,LIFE_0000000031,lx - number of people left alive at age x,https://www.who.int/data/gho/indicator-metadata-registry/imr-details/31,,,,PUBLISHED,Published,,2009.0,2009,,AFR,2009,2009,Africa,,NGA,Nigeria,,AGE85PLUS,85+ years,,MLE,Male,,,,,,,,3287.019,3287.01900,,,,,
2444,LIFE_0000000031,lx - number of people left alive at age x,https://www.who.int/data/gho/indicator-metadata-registry/imr-details/31,,,,PUBLISHED,Published,,2009.0,2009,,AFR,2009,2009,Africa,,NGA,Nigeria,,AGELT1,<1 year,,FMLE,Female,,,,,,,,100000,100000.00000,,,,,
2445,LIFE_0000000033,nLx - person-years lived between ages x and x+n,https://www.who.int/data/gho/indicator-metadata-registry/imr-details/33,,,,PUBLISHED,Published,,2009.0,2009,,AFR,2009,2009,Africa,,NGA,Nigeria,,AGELT1,<1 year,,FMLE,Female,,,,,,,,94367.02,94367.02000,,,,,
2446,LIFE_0000000033,nLx - person-years lived between ages x and x+n,https://www.who.int/data/gho/indicator-metadata-registry/imr-details/33,,,,PUBLISHED,Published,,2009.0,2009,,AFR,2009,2009,Africa,,NGA,Nigeria,,AGE1-4,1-4 years,,FMLE,Female,,,,,,,,354506.6,354506.60000,,,,,
2447,LIFE_0000000035,ex - expectation of life at age x,https://www.who.int/data/gho/indicator-metadata-registry/imr-details/35,,,,PUBLISHED,Published,,2009.0,2009,,AFR,2009,2009,Africa,,NGA,Nigeria,,AGE1-4,1-4 years,,FMLE,Female,,,,,,,,55.6,55.64357,,,,,
2448,LIFE_0000000033,nLx - person-years lived between ages x and x+n,https://www.who.int/data/gho/indicator-metadata-registry/imr-details/33,,,,PUBLISHED,Published,,2009.0,2009,,AFR,2009,2009,Africa,,NGA,Nigeria,,AGE5-9,5-9 years,,FMLE,Female,,,,,,,,429306.4,429306.40000,,,,,
2449,LIFE_0000000035,ex - expectation of life at age x,https://www.who.int/data/gho/indicator-metadata-registry/imr-details/35,,,,PUBLISHED,Published,,2009.0,2009,,AFR,2009,2009,Africa,,NGA,Nigeria,,AGE5-9,5-9 years,,FMLE,Female,,,,,,,,54.9,54.91121,,,,,
2450,LIFE_0000000035,ex - expectation of life at age x,https://www.who.int/data/gho/indicator-metadata-registry/imr-details/35,,,,PUBLISHED,Published,,2009.0,2009,,AFR,2009,2009,Africa,,NGA,Nigeria,,AGE10-14,10-14 years,,FMLE,Female,,,,,,,,51.1,51.07796,,,,,
2451,LIFE_0000000030,nqx - probability of dying between ages x and x+n,https://www.who.int/data/gho/indicator-metadata-registry/imr-details/30,,,,PUBLISHED,Published,,2009.0,2009,,AFR,2009,2009,Africa,,NGA,Nigeria,,AGE15-19,15-19  years,,FMLE,Female,,,,,,,,0.021,0.02112,,,,,
2452,LIFE_0000000030,nqx - probability of dying between ages x and x+n,https://www.who.int/data/gho/indicator-metadata-registry/imr-details/30,,,,PUBLISHED,Published,,2009.0,2009,,AFR,2009,2009,Africa,,NGA,Nigeria,,AGE20-24,20-24 years,,FMLE,Female,,,,,,,,0.028,0.02800,,,,,
2453,LIFE_0000000032,ndx - number of people dying between ages x and x+n,https://www.who.int/data/gho/indicator-metadata-registry/imr-details/32,,,,PUBLISHED,Published,,2009.0,2009,,AFR,2009,2009,Africa,,NGA,Nigeria,,AGE20-24,20-24 years,,FMLE,Female,,,,,,,,2304.102,2304.10200,,,,,
2454,LIFE_0000000030,nqx - probability of dying between ages x and x+n,https://www.who.int/data/gho/indicator-metadata-registry/imr-details/30,,,,PUBLISHED,Published,,2009.0,2009,,AFR,2009,2009,Africa,,NGA,Nigeria,,AGE25-29,25-29 years,,FMLE,Female,,,,,,,,0.038,0.03847,,,,,
2455,LIFE_0000000032,ndx - number of people dying between ages x and x+n,https://www.who.int/data/gho/indicator-metadata-registry/imr-details/32,,,,PUBLISHED,Published,,2009.0,2009,,AFR,2009,2009,Africa,,NGA,Nigeria,,AGE25-29,25-29 years,,FMLE,Female,,,,,,,,3077.488,3077.48800,,,,,
2456,LIFE_0000000032,ndx - number of people dying between ages x and x+n,https://www.who.int/data/gho/indicator-metadata-registry/imr-details/32,,,,PUBLISHED,Published,,2009.0,2009,,AFR,2009,2009,Africa,,NGA,Nigeria,,AGE30-34,30-34 years,,FMLE,Female,,,,,,,,3570.116,3570.11600,,,,,
2457,LIFE_0000000034,Tx - person-years lived above age x,https://www.who.int/data/gho/indicator-metadata-registry/imr-details/34,,,,PUBLISHED,Published,,2009.0,2009,,AFR,2009,2009,Africa,,NGA,Nigeria,,AGE30-34,30-34 years,,FMLE,Female,,,,,,,,2700633,2700633.00000,,,,,
2458,LIFE_0000000034,Tx - person-years lived above age x,https://www.who.int/data/gho/indicator-metadata-registry/imr-details/34,,,,PUBLISHED,Published,,2009.0,2009,,AFR,2009,2009,Africa,,NGA,Nigeria,,AGE35-39,35-39 years,,FMLE,Female,,,,,,,,2324971,2324971.00000,,,,,
2459,LIFE_0000000029,nMx - age-specific death rate between ages x and x+n,https://www.who.int/data/gho/indicator-metadata-registry/imr-details/29,,,,PUBLISHED,Published,,2009.0,2009,,AFR,2009,2009,Africa,,NGA,Nigeria,,AGE40-44,40-44 years,,FMLE,Female,,,,,,,,0.011,0.01076,,,,,
2460,LIFE_0000000034,Tx - person-years lived above age x,https://www.who.int/data/gho/indicator-metadata-registry/imr-details/34,,,,PUBLISHED,Published,,2009.0,2009,,AFR,2009,2009,Africa,,NGA,Nigeria,,AGE40-44,40-44 years,,FMLE,Female,,,,,,,,1968161,1968161.00000,,,,,
2461,LIFE_0000000029,nMx - age-specific death rate between ages x and x+n,https://www.who.int/data/gho/indicator-metadata-registry/imr-details/29,,,,PUBLISHED,Published,,2009.0,2009,,AFR,2009,2009,Africa,,NGA,Nigeria,,AGE45-49,45-49 years,,FMLE,Female,,,,,,,,0.011,0.01094,,,,,
2462,LIFE_0000000029,nMx - age-specific death rate between ages x and x+n,https://www.who.int/data/gho/indicator-metadata-registry/imr-details/29,,,,PUBLISHED,Published,,2009.0,2009,,AFR,2009,2009,Africa,,NGA,Nigeria,,AGE50-54,50-54 years,,FMLE,Female,,,,,,,,0.013,0.01345,,,,,
2463,LIFE_0000000031,lx - number of people left alive at age x,https://www.who.int/data/gho/indicator-metadata-registry/imr-details/31,,,,PUBLISHED,Published,,2009.0,2009,,AFR,2009,2009,Africa,,NGA,Nigeria,,AGE50-54,50-54 years,,FMLE,Female,,,,,,,,62229.61,62229.61000,,,,,
2464,LIFE_0000000031,lx - number of people left alive at age x,https://www.who.int/data/gho/indicator-metadata-registry/imr-details/31,,,,PUBLISHED,Published,,2009.0,2009,,AFR,2009,2009,Africa,,NGA,Nigeria,,AGE55-59,55-59 years,,FMLE,Female,,,,,,,,58176.29,58176.29000,,,,,
2465,LIFE_0000000033,nLx - person-years lived between ages x and x+n,https://www.who.int/data/gho/indicator-metadata-registry/imr-details/33,,,,PUBLISHED,Published,,2009.0,2009,,AFR,2009,2009,Africa,,NGA,Nigeria,,AGE55-59,55-59 years,,FMLE,Female,,,,,,,,279366.8,279366.80000,,,,,
2466,LIFE_0000000031,lx - number of people left alive at age x,https://www.who.int/data/gho/indicator-metadata-registry/imr-details/31,,,,PUBLISHED,Published,,2009.0,2009,,AFR,2009,2009,Africa,,NGA,Nigeria,,AGE60-64,60-64 years,,FMLE,Female,,,,,,,,53314.38,53314.38000,,,,,
2467,LIFE_0000000033,nLx - person-years lived between ages x and x+n,https://www.who.int/data/gho/indicator-metadata-registry/imr-details/33,,,,PUBLISHED,Published,,2009.0,2009,,AFR,2009,2009,Africa,,NGA,Nigeria,,AGE60-64,60-64 years,,FMLE,Female,,,,,,,,248004.3,248004.30000,,,,,
2468,LIFE_0000000033,nLx - person-years lived between ages x and x+n,https://www.who.int/data/gho/indicator-metadata-registry/imr-details/33,,,,PUBLISHED,Published,,2009.0,2009,,AFR,2009,2009,Africa,,NGA,Nigeria,,AGE65-69,65-69 years,,FMLE,Female,,,,,,,,202873.3,202873.30000,,,,,
2469,LIFE_0000000035,ex - expectation of life at age x,https://www.who.int/data/gho/indicator-metadata-registry/imr-details/35,,,,PUBLISHED,Published,,2009.0,2009,,AFR,2009,2009,Africa,,NGA,Nigeria,,AGE65-69,65-69 years,,FMLE,Female,,,,,,,,10.6,10.58887,,,,,
2470,LIFE_0000000035,ex - expectation of life at age x,https://www.who.int/data/gho/indicator-metadata-registry/imr-details/35,,,,PUBLISHED,Published,,2009.0,2009,,AFR,2009,2009,Africa,,NGA,Nigeria,,AGE70-74,70-74 years,,FMLE,Female,,,,,,,,7.9,7.89574,,,,,
2471,LIFE_0000000030,nqx - probability of dying between ages x and x+n,https://www.who.int/data/gho/indicator-metadata-registry/imr-details/30,,,,PUBLISHED,Published,,2009.0,2009,,AFR,2009,2009,Africa,,NGA,Nigeria,,AGE75-79,75-79 years,,FMLE,Female,,,,,,,,0.502,0.50181,,,,,
2472,LIFE_0000000035,ex - expectation of life at age x,https://www.who.int/data/gho/indicator-metadata-registry/imr-details/35,,,,PUBLISHED,Published,,2009.0,2009,,AFR,2009,2009,Africa,,NGA,Nigeria,,AGE75-79,75-79 years,,FMLE,Female,,,,,,,,5.7,5.73144,,,,,
2473,LIFE_0000000030,nqx - probability of dying between ages x and x+n,https://www.who.int/data/gho/indicator-metadata-registry/imr-details/30,,,,PUBLISHED,Published,,2009.0,2009,,AFR,2009,2009,Africa,,NGA,Nigeria,,AGE80-84,80-84 years,,FMLE,Female,,,,,,,,0.677,0.67728,,,,,
2474,LIFE_0000000032,ndx - number of people dying between ages x and x+n,https://www.who.int/data/gho/indicator-metadata-registry/imr-details/32,,,,PUBLISHED,Published,,2009.0,2009,,AFR,2009,2009,Africa,,NGA,Nigeria,,AGE80-84,80-84 years,,FMLE,Female,,,,,,,,7787.689,7787.68900,,,,,
2475,LIFE_0000000030,nqx - probability of dying between ages x and x+n,https://www.who.int/data/gho/indicator-metadata-registry/imr-details/30,,,,PUBLISHED,Published,,2009.0,2009,,AFR,2009,2009,Africa,,NGA,Nigeria,,AGE85PLUS,85+ years,,FMLE,Female,,,,,,,,1,1.00000,,,,,
2476,LIFE_0000000032,ndx - number of people dying between ages x and x+n,https://www.who.int/data/gho/indicator-metadata-registry/imr-details/32,,,,PUBLISHED,Published,,2009.0,2009,,AFR,2009,2009,Africa,,NGA,Nigeria,,AGE85PLUS,85+ years,,FMLE,Female,,,,,,,,3710.873,3710.87300,,,,,
2477,LIFE_0000000032,ndx - number of people dying between ages x and x+n,https://www.who.int/data/gho/indicator-metadata-registry/imr-details/32,,,,PUBLISHED,Published,,2010.0,2010,,AFR,2010,2010,Africa,,NGA,Nigeria,,AGELT1,<1 year,,MLE,Male,,,,,,,,8767.408,8767.40800,,,,,
2478,LIFE_0000000034,Tx - person-years lived above age x,https://www.who.int/data/gho/indicator-metadata-registry/imr-details/34,,,,PUBLISHED,Published,,2010.0,2010,,AFR,2010,2010,Africa,,NGA,Nigeria,,AGELT1,<1 year,,MLE,Male,,,,,,,,5210809,5210809.00000,,,,,
2479,LIFE_0000000032,ndx - number of people dying between ages x and x+n,https://www.who.int/data/gho/indicator-metadata-registry/imr-details/32,,,,PUBLISHED,Published,,2010.0,2010,,AFR,2010,2010,Africa,,NGA,Nigeria,,AGE1-4,1-4 years,,MLE,Male,,,,,,,,4699.107,4699.10700,,,,,
2480,LIFE_0000000034,Tx - person-years lived above age x,https://www.who.int/data/gho/indicator-metadata-registry/imr-details/34,,,,PUBLISHED,Published,,2010.0,2010,,AFR,2010,2010,Africa,,NGA,Nigeria,,AGE1-4,1-4 years,,MLE,Male,,,,,,,,5116980,5116980.00000,,,,,
2481,LIFE_0000000029,nMx - age-specific death rate between ages x and x+n,https://www.who.int/data/gho/indicator-metadata-registry/imr-details/29,,,,PUBLISHED,Published,,2010.0,2010,,AFR,2010,2010,Africa,,NGA,Nigeria,,AGE5-9,5-9 years,,MLE,Male,,,,,,,,0.003,0.00325,,,,,
2482,LIFE_0000000034,Tx - person-years lived above age x,https://www.who.int/data/gho/indicator-metadata-registry/imr-details/34,,,,PUBLISHED,Published,,2010.0,2010,,AFR,2010,2010,Africa,,NGA,Nigeria,,AGE5-9,5-9 years,,MLE,Male,,,,,,,,4764328,4764328.00000,,,,,
2483,LIFE_0000000029,nMx - age-specific death rate between ages x and x+n,https://www.who.int/data/gho/indicator-metadata-registry/imr-details/29,,,,PUBLISHED,Published,,2010.0,2010,,AFR,2010,2010,Africa,,NGA,Nigeria,,AGE10-14,10-14 years,,MLE,Male,,,,,,,,0.002,0.00152,,,,,
2484,LIFE_0000000029,nMx - age-specific death rate between ages x and x+n,https://www.who.int/data/gho/indicator-metadata-registry/imr-details/29,,,,PUBLISHED,Published,,2010.0,2010,,AFR,2010,2010,Africa,,NGA,Nigeria,,AGE15-19,15-19  years,,MLE,Male,,,,,,,,0.003,0.00331,,,,,
2485,LIFE_0000000031,lx - number of people left alive at age x,https://www.who.int/data/gho/indicator-metadata-registry/imr-details/31,,,,PUBLISHED,Published,,2010.0,2010,,AFR,2010,2010,Africa,,NGA,Nigeria,,AGE15-19,15-19  years,,MLE,Male,,,,,,,,84494.2,84494.20000,,,,,
2486,LIFE_0000000031,lx - number of people left alive at age x,https://www.who.int/data/gho/indicator-metadata-registry/imr-details/31,,,,PUBLISHED,Published,,2010.0,2010,,AFR,2010,2010,Africa,,NGA,Nigeria,,AGE20-24,20-24 years,,MLE,Male,,,,,,,,83105.52,83105.52000,,,,,
2487,LIFE_0000000033,nLx - person-years lived between ages x and x+n,https://www.who.int/data/gho/indicator-metadata-registry/imr-details/33,,,,PUBLISHED,Published,,2010.0,2010,,AFR,2010,2010,Africa,,NGA,Nigeria,,AGE20-24,20-24 years,,MLE,Male,,,,,,,,410344.9,410344.90000,,,,,
2488,LIFE_0000000031,lx - number of people left alive at age x,https://www.who.int/data/gho/indicator-metadata-registry/imr-details/31,,,,PUBLISHED,Published,,2010.0,2010,,AFR,2010,2010,Africa,,NGA,Nigeria,,AGE25-29,25-29 years,,MLE,Male,,,,,,,,81015.11,81015.11000,,,,,
2489,LIFE_0000000033,nLx - person-years lived between ages x and x+n,https://www.who.int/data/gho/indicator-metadata-registry/imr-details/33,,,,PUBLISHED,Published,,2010.0,2010,,AFR,2010,2010,Africa,,NGA,Nigeria,,AGE25-29,25-29 years,,MLE,Male,,,,,,,,398857.6,398857.60000,,,,,
2490,LIFE_0000000033,nLx - person-years lived between ages x and x+n,https://www.who.int/data/gho/indicator-metadata-registry/imr-details/33,,,,PUBLISHED,Published,,2010.0,2010,,AFR,2010,2010,Africa,,NGA,Nigeria,,AGE30-34,30-34 years,,MLE,Male,,,,,,,,384846.8,384846.80000,,,,,
2491,LIFE_0000000035,ex - expectation of life at age x,https://www.who.int/data/gho/indicator-metadata-registry/imr-details/35,,,,PUBLISHED,Published,,2010.0,2010,,AFR,2010,2010,Africa,,NGA,Nigeria,,AGE30-34,30-34 years,,MLE,Male,,,,,,,,34.2,34.16867,,,,,
2492,LIFE_0000000035,ex - expectation of life at age x,https://www.who.int/data/gho/indicator-metadata-registry/imr-details/35,,,,PUBLISHED,Published,,2010.0,2010,,AFR,2010,2010,Africa,,NGA,Nigeria,,AGE35-39,35-39 years,,MLE,Male,,,,,,,,30.5,30.47607,,,,,
2493,LIFE_0000000030,nqx - probability of dying between ages x and x+n,https://www.who.int/data/gho/indicator-metadata-registry/imr-details/30,,,,PUBLISHED,Published,,2010.0,2010,,AFR,2010,2010,Africa,,NGA,Nigeria,,AGE40-44,40-44 years,,MLE,Male,,,,,,,,0.059,0.05860,,,,,
2494,LIFE_0000000035,ex - expectation of life at age x,https://www.who.int/data/gho/indicator-metadata-registry/imr-details/35,,,,PUBLISHED,Published,,2010.0,2010,,AFR,2010,2010,Africa,,NGA,Nigeria,,AGE40-44,40-44 years,,MLE,Male,,,,,,,,27,26.99822,,,,,
2495,LIFE_0000000030,nqx - probability of dying between ages x and x+n,https://www.who.int/data/gho/indicator-metadata-registry/imr-details/30,,,,PUBLISHED,Published,,2010.0,2010,,AFR,2010,2010,Africa,,NGA,Nigeria,,AGE45-49,45-49 years,,MLE,Male,,,,,,,,0.068,0.06770,,,,,
2496,LIFE_0000000030,nqx - probability of dying between ages x and x+n,https://www.who.int/data/gho/indicator-metadata-registry/imr-details/30,,,,PUBLISHED,Published,,2010.0,2010,,AFR,2010,2010,Africa,,NGA,Nigeria,,AGE50-54,50-54 years,,MLE,Male,,,,,,,,0.084,0.08412,,,,,
2497,LIFE_0000000032,ndx - number of people dying between ages x and x+n,https://www.who.int/data/gho/indicator-metadata-registry/imr-details/32,,,,PUBLISHED,Published,,2010.0,2010,,AFR,2010,2010,Africa,,NGA,Nigeria,,AGE50-54,50-54 years,,MLE,Male,,,,,,,,5279.185,5279.18500,,,,,
2498,LIFE_0000000032,ndx - number of people dying between ages x and x+n,https://www.who.int/data/gho/indicator-metadata-registry/imr-details/32,,,,PUBLISHED,Published,,2010.0,2010,,AFR,2010,2010,Africa,,NGA,Nigeria,,AGE55-59,55-59 years,,MLE,Male,,,,,,,,6125.615,6125.61500,,,,,
2499,LIFE_0000000034,Tx - person-years lived above age x,https://www.who.int/data/gho/indicator-metadata-registry/imr-details/34,,,,PUBLISHED,Published,,2010.0,2010,,AFR,2010,2010,Africa,,NGA,Nigeria,,AGE55-59,55-59 years,,MLE,Male,,,,,,,,956567.7,956567.70000,,,,,
2500,LIFE_0000000032,ndx - number of people dying between ages x and x+n,https://www.who.int/data/gho/indicator-metadata-registry/imr-details/32,,,,PUBLISHED,Published,,2010.0,2010,,AFR,2010,2010,Africa,,NGA,Nigeria,,AGE60-64,60-64 years,,MLE,Male,,,,,,,,8347.624,8347.62400,,,,,
2501,LIFE_0000000034,Tx - person-years lived above age x,https://www.who.int/data/gho/indicator-metadata-registry/imr-details/34,,,,PUBLISHED,Published,,2010.0,2010,,AFR,2010,2010,Africa,,NGA,Nigeria,,AGE60-64,60-64 years,,MLE,Male,,,,,,,,683870.6,683870.60000,,,,,
2502,LIFE_0000000034,Tx - person-years lived above age x,https://www.who.int/data/gho/indicator-metadata-registry/imr-details/34,,,,PUBLISHED,Published,,2010.0,2010,,AFR,2010,2010,Africa,,NGA,Nigeria,,AGE65-69,65-69 years,,MLE,Male,,,,,,,,447184,447184.00000,,,,,
2503,LIFE_0000000029,nMx - age-specific death rate between ages x and x+n,https://www.who.int/data/gho/indicator-metadata-registry/imr-details/29,,,,PUBLISHED,Published,,2010.0,2010,,AFR,2010,2010,Africa,,NGA,Nigeria,,AGE70-74,70-74 years,,MLE,Male,,,,,,,,0.085,0.08525,,,,,
2504,LIFE_0000000029,nMx - age-specific death rate between ages x and x+n,https://www.who.int/data/gho/indicator-metadata-registry/imr-details/29,,,,PUBLISHED,Published,,2010.0,2010,,AFR,2010,2010,Africa,,NGA,Nigeria,,AGE75-79,75-79 years,,MLE,Male,,,,,,,,0.138,0.13767,,,,,
2505,LIFE_0000000031,lx - number of people left alive at age x,https://www.who.int/data/gho/indicator-metadata-registry/imr-details/31,,,,PUBLISHED,Published,,2010.0,2010,,AFR,2010,2010,Africa,,NGA,Nigeria,,AGE75-79,75-79 years,,MLE,Male,,,,,,,,21318.41,21318.41000,,,,,
2506,LIFE_0000000029,nMx - age-specific death rate between ages x and x+n,https://www.who.int/data/gho/indicator-metadata-registry/imr-details/29,,,,PUBLISHED,Published,,2010.0,2010,,AFR,2010,2010,Africa,,NGA,Nigeria,,AGE80-84,80-84 years,,MLE,Male,,,,,,,,0.218,0.21794,,,,,
2507,LIFE_0000000031,lx - number of people left alive at age x,https://www.who.int/data/gho/indicator-metadata-registry/imr-details/31,,,,PUBLISHED,Published,,2010.0,2010,,AFR,2010,2010,Africa,,NGA,Nigeria,,AGE80-84,80-84 years,,MLE,Male,,,,,,,,10502.67,10502.67000,,,,,
2508,LIFE_0000000031,lx - number of people left alive at age x,https://www.who.int/data/gho/indicator-metadata-registry/imr-details/31,,,,PUBLISHED,Published,,2010.0,2010,,AFR,2010,2010,Africa,,NGA,Nigeria,,AGE85PLUS,85+ years,,MLE,Male,,,,,,,,3368.221,3368.22100,,,,,
2509,LIFE_0000000033,nLx - person-years lived between ages x and x+n,https://www.who.int/data/gho/indicator-metadata-registry/imr-details/33,,,,PUBLISHED,Published,,2010.0,2010,,AFR,2010,2010,Africa,,NGA,Nigeria,,AGE85PLUS,85+ years,,MLE,Male,,,,,,,,9647.264,9647.26400,,,,,
2510,LIFE_0000000033,nLx - person-years lived between ages x and x+n,https://www.who.int/data/gho/indicator-metadata-registry/imr-details/33,,,,PUBLISHED,Published,,2010.0,2010,,AFR,2010,2010,Africa,,NGA,Nigeria,,AGELT1,<1 year,,FMLE,Female,,,,,,,,94496.73,94496.73000,,,,,
2511,LIFE_0000000035,ex - expectation of life at age x,https://www.who.int/data/gho/indicator-metadata-registry/imr-details/35,,,,PUBLISHED,Published,,2010.0,2010,,AFR,2010,2010,Africa,,NGA,Nigeria,,AGELT1,<1 year,,FMLE,Female,,,,,,,,52.6,52.61499,,,,,
2512,LIFE_0000000033,nLx - person-years lived between ages x and x+n,https://www.who.int/data/gho/indicator-metadata-registry/imr-details/33,,,,PUBLISHED,Published,,2010.0,2010,,AFR,2010,2010,Africa,,NGA,Nigeria,,AGE1-4,1-4 years,,FMLE,Female,,,,,,,,356228.2,356228.20000,,,,,
2513,LIFE_0000000035,ex - expectation of life at age x,https://www.who.int/data/gho/indicator-metadata-registry/imr-details/35,,,,PUBLISHED,Published,,2010.0,2010,,AFR,2010,2010,Africa,,NGA,Nigeria,,AGE1-4,1-4 years,,FMLE,Female,,,,,,,,56,55.98190,,,,,
2514,LIFE_0000000035,ex - expectation of life at age x,https://www.who.int/data/gho/indicator-metadata-registry/imr-details/35,,,,PUBLISHED,Published,,2010.0,2010,,AFR,2010,2010,Africa,,NGA,Nigeria,,AGE5-9,5-9 years,,FMLE,Female,,,,,,,,55.1,55.09435,,,,,
2515,LIFE_0000000030,nqx - probability of dying between ages x and x+n,https://www.who.int/data/gho/indicator-metadata-registry/imr-details/30,,,,PUBLISHED,Published,,2010.0,2010,,AFR,2010,2010,Africa,,NGA,Nigeria,,AGE10-14,10-14 years,,FMLE,Female,,,,,,,,0.01,0.00977,,,,,
2516,LIFE_0000000030,nqx - probability of dying between ages x and x+n,https://www.who.int/data/gho/indicator-metadata-registry/imr-details/30,,,,PUBLISHED,Published,,2010.0,2010,,AFR,2010,2010,Africa,,NGA,Nigeria,,AGE15-19,15-19  years,,FMLE,Female,,,,,,,,0.021,0.02107,,,,,
2517,LIFE_0000000032,ndx - number of people dying between ages x and x+n,https://www.who.int/data/gho/indicator-metadata-registry/imr-details/32,,,,PUBLISHED,Published,,2010.0,2010,,AFR,2010,2010,Africa,,NGA,Nigeria,,AGE15-19,15-19  years,,FMLE,Female,,,,,,,,1783.64,1783.64000,,,,,
2518,LIFE_0000000030,nqx - probability of dying between ages x and x+n,https://www.who.int/data/gho/indicator-metadata-registry/imr-details/30,,,,PUBLISHED,Published,,2010.0,2010,,AFR,2010,2010,Africa,,NGA,Nigeria,,AGE20-24,20-24 years,,FMLE,Female,,,,,,,,0.028,0.02770,,,,,
2519,LIFE_0000000032,ndx - number of people dying between ages x and x+n,https://www.who.int/data/gho/indicator-metadata-registry/imr-details/32,,,,PUBLISHED,Published,,2010.0,2010,,AFR,2010,2010,Africa,,NGA,Nigeria,,AGE20-24,20-24 years,,FMLE,Female,,,,,,,,2295.571,2295.57100,,,,,
2520,LIFE_0000000032,ndx - number of people dying between ages x and x+n,https://www.who.int/data/gho/indicator-metadata-registry/imr-details/32,,,,PUBLISHED,Published,,2010.0,2010,,AFR,2010,2010,Africa,,NGA,Nigeria,,AGE25-29,25-29 years,,FMLE,Female,,,,,,,,3015.713,3015.71300,,,,,
2521,LIFE_0000000034,Tx - person-years lived above age x,https://www.who.int/data/gho/indicator-metadata-registry/imr-details/34,,,,PUBLISHED,Published,,2010.0,2010,,AFR,2010,2010,Africa,,NGA,Nigeria,,AGE25-29,25-29 years,,FMLE,Female,,,,,,,,3125668,3125668.00000,,,,,
2522,LIFE_0000000034,Tx - person-years lived above age x,https://www.who.int/data/gho/indicator-metadata-registry/imr-details/34,,,,PUBLISHED,Published,,2010.0,2010,,AFR,2010,2010,Africa,,NGA,Nigeria,,AGE30-34,30-34 years,,FMLE,Female,,,,,,,,2730312,2730312.00000,,,,,
2523,LIFE_0000000029,nMx - age-specific death rate between ages x and x+n,https://www.who.int/data/gho/indicator-metadata-registry/imr-details/29,,,,PUBLISHED,Published,,2010.0,2010,,AFR,2010,2010,Africa,,NGA,Nigeria,,AGE35-39,35-39 years,,FMLE,Female,,,,,,,,0.011,0.01117,,,,,
2524,LIFE_0000000034,Tx - person-years lived above age x,https://www.who.int/data/gho/indicator-metadata-registry/imr-details/34,,,,PUBLISHED,Published,,2010.0,2010,,AFR,2010,2010,Africa,,NGA,Nigeria,,AGE35-39,35-39 years,,FMLE,Female,,,,,,,,2351312,2351312.00000,,,,,
2525,LIFE_0000000029,nMx - age-specific death rate between ages x and x+n,https://www.who.int/data/gho/indicator-metadata-registry/imr-details/29,,,,PUBLISHED,Published,,2010.0,2010,,AFR,2010,2010,Africa,,NGA,Nigeria,,AGE40-44,40-44 years,,FMLE,Female,,,,,,,,0.011,0.01068,,,,,
2526,LIFE_0000000029,nMx - age-specific death rate between ages x and x+n,https://www.who.int/data/gho/indicator-metadata-registry/imr-details/29,,,,PUBLISHED,Published,,2010.0,2010,,AFR,2010,2010,Africa,,NGA,Nigeria,,AGE45-49,45-49 years,,FMLE,Female,,,,,,,,0.011,0.01092,,,,,
2527,LIFE_0000000031,lx - number of people left alive at age x,https://www.who.int/data/gho/indicator-metadata-registry/imr-details/31,,,,PUBLISHED,Published,,2010.0,2010,,AFR,2010,2010,Africa,,NGA,Nigeria,,AGE45-49,45-49 years,,FMLE,Female,,,,,,,,66367.17,66367.17000,,,,,
2528,LIFE_0000000031,lx - number of people left alive at age x,https://www.who.int/data/gho/indicator-metadata-registry/imr-details/31,,,,PUBLISHED,Published,,2010.0,2010,,AFR,2010,2010,Africa,,NGA,Nigeria,,AGE50-54,50-54 years,,FMLE,Female,,,,,,,,62838.78,62838.78000,,,,,
2529,LIFE_0000000033,nLx - person-years lived between ages x and x+n,https://www.who.int/data/gho/indicator-metadata-registry/imr-details/33,,,,PUBLISHED,Published,,2010.0,2010,,AFR,2010,2010,Africa,,NGA,Nigeria,,AGE50-54,50-54 years,,FMLE,Female,,,,,,,,304416.3,304416.30000,,,,,
2530,LIFE_0000000031,lx - number of people left alive at age x,https://www.who.int/data/gho/indicator-metadata-registry/imr-details/31,,,,PUBLISHED,Published,,2010.0,2010,,AFR,2010,2010,Africa,,NGA,Nigeria,,AGE55-59,55-59 years,,FMLE,Female,,,,,,,,58763.75,58763.75000,,,,,
2531,LIFE_0000000033,nLx - person-years lived between ages x and x+n,https://www.who.int/data/gho/indicator-metadata-registry/imr-details/33,,,,PUBLISHED,Published,,2010.0,2010,,AFR,2010,2010,Africa,,NGA,Nigeria,,AGE55-59,55-59 years,,FMLE,Female,,,,,,,,282245.3,282245.30000,,,,,
2532,LIFE_0000000035,ex - expectation of life at age x,https://www.who.int/data/gho/indicator-metadata-registry/imr-details/35,,,,PUBLISHED,Published,,2010.0,2010,,AFR,2010,2010,Africa,,NGA,Nigeria,,AGE55-59,55-59 years,,FMLE,Female,,,,,,,,17.4,17.40072,,,,,
2533,LIFE_0000000033,nLx - person-years lived between ages x and x+n,https://www.who.int/data/gho/indicator-metadata-registry/imr-details/33,,,,PUBLISHED,Published,,2010.0,2010,,AFR,2010,2010,Africa,,NGA,Nigeria,,AGE60-64,60-64 years,,FMLE,Female,,,,,,,,250805.7,250805.70000,,,,,
2534,LIFE_0000000035,ex - expectation of life at age x,https://www.who.int/data/gho/indicator-metadata-registry/imr-details/35,,,,PUBLISHED,Published,,2010.0,2010,,AFR,2010,2010,Africa,,NGA,Nigeria,,AGE60-64,60-64 years,,FMLE,Female,,,,,,,,13.7,13.74076,,,,,
2535,LIFE_0000000035,ex - expectation of life at age x,https://www.who.int/data/gho/indicator-metadata-registry/imr-details/35,,,,PUBLISHED,Published,,2010.0,2010,,AFR,2010,2010,Africa,,NGA,Nigeria,,AGE65-69,65-69 years,,FMLE,Female,,,,,,,,10.6,10.63514,,,,,
2536,LIFE_0000000030,nqx - probability of dying between ages x and x+n,https://www.who.int/data/gho/indicator-metadata-registry/imr-details/30,,,,PUBLISHED,Published,,2010.0,2010,,AFR,2010,2010,Africa,,NGA,Nigeria,,AGE70-74,70-74 years,,FMLE,Female,,,,,,,,0.344,0.34361,,,,,
2537,LIFE_0000000035,ex - expectation of life at age x,https://www.who.int/data/gho/indicator-metadata-registry/imr-details/35,,,,PUBLISHED,Published,,2010.0,2010,,AFR,2010,2010,Africa,,NGA,Nigeria,,AGE70-74,70-74 years,,FMLE,Female,,,,,,,,7.9,7.92964,,,,,
2538,LIFE_0000000030,nqx - probability of dying between ages x and x+n,https://www.who.int/data/gho/indicator-metadata-registry/imr-details/30,,,,PUBLISHED,Published,,2010.0,2010,,AFR,2010,2010,Africa,,NGA,Nigeria,,AGE75-79,75-79 years,,FMLE,Female,,,,,,,,0.5,0.49965,,,,,
2539,LIFE_0000000032,ndx - number of people dying between ages x and x+n,https://www.who.int/data/gho/indicator-metadata-registry/imr-details/32,,,,PUBLISHED,Published,,2010.0,2010,,AFR,2010,2010,Africa,,NGA,Nigeria,,AGE75-79,75-79 years,,FMLE,Female,,,,,,,,11742.02,11742.02000,,,,,
2540,LIFE_0000000030,nqx - probability of dying between ages x and x+n,https://www.who.int/data/gho/indicator-metadata-registry/imr-details/30,,,,PUBLISHED,Published,,2010.0,2010,,AFR,2010,2010,Africa,,NGA,Nigeria,,AGE80-84,80-84 years,,FMLE,Female,,,,,,,,0.676,0.67578,,,,,
2541,LIFE_0000000032,ndx - number of people dying between ages x and x+n,https://www.who.int/data/gho/indicator-metadata-registry/imr-details/32,,,,PUBLISHED,Published,,2010.0,2010,,AFR,2010,2010,Africa,,NGA,Nigeria,,AGE80-84,80-84 years,,FMLE,Female,,,,,,,,7946.058,7946.05800,,,,,
2542,LIFE_0000000032,ndx - number of people dying between ages x and x+n,https://www.who.int/data/gho/indicator-metadata-registry/imr-details/32,,,,PUBLISHED,Published,,2010.0,2010,,AFR,2010,2010,Africa,,NGA,Nigeria,,AGE85PLUS,85+ years,,FMLE,Female,,,,,,,,3812.259,3812.25900,,,,,
2543,LIFE_0000000034,Tx - person-years lived above age x,https://www.who.int/data/gho/indicator-metadata-registry/imr-details/34,,,,PUBLISHED,Published,,2010.0,2010,,AFR,2010,2010,Africa,,NGA,Nigeria,,AGE85PLUS,85+ years,,FMLE,Female,,,,,,,,11235.91,11235.91000,,,,,
2544,LIFE_0000000032,ndx - number of people dying between ages x and x+n,https://www.who.int/data/gho/indicator-metadata-registry/imr-details/32,,,,PUBLISHED,Published,,2011.0,2011,,AFR,2011,2011,Africa,,NGA,Nigeria,,AGELT1,<1 year,,MLE,Male,,,,,,,,8457.535,8457.53500,,,,,
2545,LIFE_0000000034,Tx - person-years lived above age x,https://www.who.int/data/gho/indicator-metadata-registry/imr-details/34,,,,PUBLISHED,Published,,2011.0,2011,,AFR,2011,2011,Africa,,NGA,Nigeria,,AGELT1,<1 year,,MLE,Male,,,,,,,,5251550,5251550.00000,,,,,
2546,LIFE_0000000029,nMx - age-specific death rate between ages x and x+n,https://www.who.int/data/gho/indicator-metadata-registry/imr-details/29,,,,PUBLISHED,Published,,2011.0,2011,,AFR,2011,2011,Africa,,NGA,Nigeria,,AGE1-4,1-4 years,,MLE,Male,,,,,,,,0.013,0.01267,,,,,
2547,LIFE_0000000034,Tx - person-years lived above age x,https://www.who.int/data/gho/indicator-metadata-registry/imr-details/34,,,,PUBLISHED,Published,,2011.0,2011,,AFR,2011,2011,Africa,,NGA,Nigeria,,AGE1-4,1-4 years,,MLE,Male,,,,,,,,5157587,5157587.00000,,,,,
2548,LIFE_0000000029,nMx - age-specific death rate between ages x and x+n,https://www.who.int/data/gho/indicator-metadata-registry/imr-details/29,,,,PUBLISHED,Published,,2011.0,2011,,AFR,2011,2011,Africa,,NGA,Nigeria,,AGE5-9,5-9 years,,MLE,Male,,,,,,,,0.003,0.00313,,,,,
2549,LIFE_0000000029,nMx - age-specific death rate between ages x and x+n,https://www.who.int/data/gho/indicator-metadata-registry/imr-details/29,,,,PUBLISHED,Published,,2011.0,2011,,AFR,2011,2011,Africa,,NGA,Nigeria,,AGE10-14,10-14 years,,MLE,Male,,,,,,,,0.002,0.00151,,,,,
2550,LIFE_0000000031,lx - number of people left alive at age x,https://www.who.int/data/gho/indicator-metadata-registry/imr-details/31,,,,PUBLISHED,Published,,2011.0,2011,,AFR,2011,2011,Africa,,NGA,Nigeria,,AGE10-14,10-14 years,,MLE,Male,,,,,,,,85702.13,85702.13000,,,,,
2551,LIFE_0000000031,lx - number of people left alive at age x,https://www.who.int/data/gho/indicator-metadata-registry/imr-details/31,,,,PUBLISHED,Published,,2011.0,2011,,AFR,2011,2011,Africa,,NGA,Nigeria,,AGE15-19,15-19  years,,MLE,Male,,,,,,,,85057.29,85057.29000,,,,,
2552,LIFE_0000000033,nLx - person-years lived between ages x and x+n,https://www.who.int/data/gho/indicator-metadata-registry/imr-details/33,,,,PUBLISHED,Published,,2011.0,2011,,AFR,2011,2011,Africa,,NGA,Nigeria,,AGE15-19,15-19  years,,MLE,Male,,,,,,,,421912,421912.00000,,,,,
2553,LIFE_0000000031,lx - number of people left alive at age x,https://www.who.int/data/gho/indicator-metadata-registry/imr-details/31,,,,PUBLISHED,Published,,2011.0,2011,,AFR,2011,2011,Africa,,NGA,Nigeria,,AGE20-24,20-24 years,,MLE,Male,,,,,,,,83652.59,83652.59000,,,,,
2554,LIFE_0000000033,nLx - person-years lived between ages x and x+n,https://www.who.int/data/gho/indicator-metadata-registry/imr-details/33,,,,PUBLISHED,Published,,2011.0,2011,,AFR,2011,2011,Africa,,NGA,Nigeria,,AGE20-24,20-24 years,,MLE,Male,,,,,,,,413071.3,413071.30000,,,,,
2555,LIFE_0000000033,nLx - person-years lived between ages x and x+n,https://www.who.int/data/gho/indicator-metadata-registry/imr-details/33,,,,PUBLISHED,Published,,2011.0,2011,,AFR,2011,2011,Africa,,NGA,Nigeria,,AGE25-29,25-29 years,,MLE,Male,,,,,,,,401633.2,401633.20000,,,,,
2556,LIFE_0000000035,ex - expectation of life at age x,https://www.who.int/data/gho/indicator-metadata-registry/imr-details/35,,,,PUBLISHED,Published,,2011.0,2011,,AFR,2011,2011,Africa,,NGA,Nigeria,,AGE25-29,25-29 years,,MLE,Male,,,,,,,,38.1,38.12492,,,,,
2557,LIFE_0000000035,ex - expectation of life at age x,https://www.who.int/data/gho/indicator-metadata-registry/imr-details/35,,,,PUBLISHED,Published,,2011.0,2011,,AFR,2011,2011,Africa,,NGA,Nigeria,,AGE30-34,30-34 years,,MLE,Male,,,,,,,,34.2,34.23849,,,,,
2558,LIFE_0000000030,nqx - probability of dying between ages x and x+n,https://www.who.int/data/gho/indicator-metadata-registry/imr-details/30,,,,PUBLISHED,Published,,2011.0,2011,,AFR,2011,2011,Africa,,NGA,Nigeria,,AGE35-39,35-39 years,,MLE,Male,,,,,,,,0.051,0.05110,,,,,
2559,LIFE_0000000035,ex - expectation of life at age x,https://www.who.int/data/gho/indicator-metadata-registry/imr-details/35,,,,PUBLISHED,Published,,2011.0,2011,,AFR,2011,2011,Africa,,NGA,Nigeria,,AGE35-39,35-39 years,,MLE,Male,,,,,,,,30.5,30.53111,,,,,
2560,LIFE_0000000030,nqx - probability of dying between ages x and x+n,https://www.who.int/data/gho/indicator-metadata-registry/imr-details/30,,,,PUBLISHED,Published,,2011.0,2011,,AFR,2011,2011,Africa,,NGA,Nigeria,,AGE40-44,40-44 years,,MLE,Male,,,,,,,,0.059,0.05876,,,,,
2561,LIFE_0000000030,nqx - probability of dying between ages x and x+n,https://www.who.int/data/gho/indicator-metadata-registry/imr-details/30,,,,PUBLISHED,Published,,2011.0,2011,,AFR,2011,2011,Africa,,NGA,Nigeria,,AGE45-49,45-49 years,,MLE,Male,,,,,,,,0.068,0.06756,,,,,
2562,LIFE_0000000032,ndx - number of people dying between ages x and x+n,https://www.who.int/data/gho/indicator-metadata-registry/imr-details/32,,,,PUBLISHED,Published,,2011.0,2011,,AFR,2011,2011,Africa,,NGA,Nigeria,,AGE45-49,45-49 years,,MLE,Male,,,,,,,,4585.35,4585.35000,,,,,
2563,LIFE_0000000032,ndx - number of people dying between ages x and x+n,https://www.who.int/data/gho/indicator-metadata-registry/imr-details/32,,,,PUBLISHED,Published,,2011.0,2011,,AFR,2011,2011,Africa,,NGA,Nigeria,,AGE50-54,50-54 years,,MLE,Male,,,,,,,,5303.809,5303.80900,,,,,
2564,LIFE_0000000034,Tx - person-years lived above age x,https://www.who.int/data/gho/indicator-metadata-registry/imr-details/34,,,,PUBLISHED,Published,,2011.0,2011,,AFR,2011,2011,Africa,,NGA,Nigeria,,AGE50-54,50-54 years,,MLE,Male,,,,,,,,1271139,1271139.00000,,,,,
2565,LIFE_0000000032,ndx - number of people dying between ages x and x+n,https://www.who.int/data/gho/indicator-metadata-registry/imr-details/32,,,,PUBLISHED,Published,,2011.0,2011,,AFR,2011,2011,Africa,,NGA,Nigeria,,AGE55-59,55-59 years,,MLE,Male,,,,,,,,6157.28,6157.28000,,,,,
2566,LIFE_0000000034,Tx - person-years lived above age x,https://www.who.int/data/gho/indicator-metadata-registry/imr-details/34,,,,PUBLISHED,Published,,2011.0,2011,,AFR,2011,2011,Africa,,NGA,Nigeria,,AGE55-59,55-59 years,,MLE,Male,,,,,,,,967504.3,967504.30000,,,,,
2567,LIFE_0000000034,Tx - person-years lived above age x,https://www.who.int/data/gho/indicator-metadata-registry/imr-details/34,,,,PUBLISHED,Published,,2011.0,2011,,AFR,2011,2011,Africa,,NGA,Nigeria,,AGE60-64,60-64 years,,MLE,Male,,,,,,,,692371.2,692371.20000,,,,,
2568,LIFE_0000000029,nMx - age-specific death rate between ages x and x+n,https://www.who.int/data/gho/indicator-metadata-registry/imr-details/29,,,,PUBLISHED,Published,,2011.0,2011,,AFR,2011,2011,Africa,,NGA,Nigeria,,AGE65-69,65-69 years,,MLE,Male,,,,,,,,0.053,0.05271,,,,,
2569,LIFE_0000000035,ex - expectation of life at age x,https://www.who.int/data/gho/indicator-metadata-registry/imr-details/35,,,,PUBLISHED,Published,,2011.0,2011,,AFR,2011,2011,Africa,,NGA,Nigeria,,AGE40-44,40-44 years,,MLE,Male,,,,,,,,27,27.03795,,,,,
2570,LIFE_0000000035,ex - expectation of life at age x,https://www.who.int/data/gho/indicator-metadata-registry/imr-details/35,,,,PUBLISHED,Published,,2011.0,2011,,AFR,2011,2011,Africa,,NGA,Nigeria,,AGE50-54,50-54 years,,MLE,Male,,,,,,,,20.1,20.08697,,,,,
2571,LIFE_0000000029,nMx - age-specific death rate between ages x and x+n,https://www.who.int/data/gho/indicator-metadata-registry/imr-details/29,,,,PUBLISHED,Published,,2011.0,2011,,AFR,2011,2011,Africa,,NGA,Nigeria,,AGE55-59,55-59 years,,MLE,Male,,,,,,,,0.022,0.02238,,,,,
2572,LIFE_0000000030,nqx - probability of dying between ages x and x+n,https://www.who.int/data/gho/indicator-metadata-registry/imr-details/30,,,,PUBLISHED,Published,,2011.0,2011,,AFR,2011,2011,Africa,,NGA,Nigeria,,AGE55-59,55-59 years,,MLE,Male,,,,,,,,0.106,0.10620,,,,,
2573,LIFE_0000000031,lx - number of people left alive at age x,https://www.who.int/data/gho/indicator-metadata-registry/imr-details/31,,,,PUBLISHED,Published,,2011.0,2011,,AFR,2011,2011,Africa,,NGA,Nigeria,,AGE55-59,55-59 years,,MLE,Male,,,,,,,,57977.95,57977.95000,,,,,
2574,LIFE_0000000031,lx - number of people left alive at age x,https://www.who.int/data/gho/indicator-metadata-registry/imr-details/31,,,,PUBLISHED,Published,,2011.0,2011,,AFR,2011,2011,Africa,,NGA,Nigeria,,AGE65-69,65-69 years,,MLE,Male,,,,,,,,43459.04,43459.04000,,,,,
2575,LIFE_0000000032,ndx - number of people dying between ages x and x+n,https://www.who.int/data/gho/indicator-metadata-registry/imr-details/32,,,,PUBLISHED,Published,,2011.0,2011,,AFR,2011,2011,Africa,,NGA,Nigeria,,AGE65-69,65-69 years,,MLE,Male,,,,,,,,10155.41,10155.41000,,,,,
2576,LIFE_0000000033,nLx - person-years lived between ages x and x+n,https://www.who.int/data/gho/indicator-metadata-registry/imr-details/33,,,,PUBLISHED,Published,,2011.0,2011,,AFR,2011,2011,Africa,,NGA,Nigeria,,AGE65-69,65-69 years,,MLE,Male,,,,,,,,192664.2,192664.20000,,,,,
2577,LIFE_0000000034,Tx - person-years lived above age x,https://www.who.int/data/gho/indicator-metadata-registry/imr-details/34,,,,PUBLISHED,Published,,2011.0,2011,,AFR,2011,2011,Africa,,NGA,Nigeria,,AGE65-69,65-69 years,,MLE,Male,,,,,,,,453358.1,453358.10000,,,,,
2578,LIFE_0000000033,nLx - person-years lived between ages x and x+n,https://www.who.int/data/gho/indicator-metadata-registry/imr-details/33,,,,PUBLISHED,Published,,2011.0,2011,,AFR,2011,2011,Africa,,NGA,Nigeria,,AGE75-79,75-79 years,,MLE,Male,,,,,,,,79841.34,79841.34000,,,,,
2579,LIFE_0000000034,Tx - person-years lived above age x,https://www.who.int/data/gho/indicator-metadata-registry/imr-details/34,,,,PUBLISHED,Published,,2011.0,2011,,AFR,2011,2011,Africa,,NGA,Nigeria,,AGE75-79,75-79 years,,MLE,Male,,,,,,,,123077.1,123077.10000,,,,,
2580,LIFE_0000000035,ex - expectation of life at age x,https://www.who.int/data/gho/indicator-metadata-registry/imr-details/35,,,,PUBLISHED,Published,,2011.0,2011,,AFR,2011,2011,Africa,,NGA,Nigeria,,AGE75-79,75-79 years,,MLE,Male,,,,,,,,5.7,5.68816,,,,,
2581,LIFE_0000000029,nMx - age-specific death rate between ages x and x+n,https://www.who.int/data/gho/indicator-metadata-registry/imr-details/29,,,,PUBLISHED,Published,,2011.0,2011,,AFR,2011,2011,Africa,,NGA,Nigeria,,AGE80-84,80-84 years,,MLE,Male,,,,,,,,0.217,0.21727,,,,,
2582,LIFE_0000000029,nMx - age-specific death rate between ages x and x+n,https://www.who.int/data/gho/indicator-metadata-registry/imr-details/29,,,,PUBLISHED,Published,,2011.0,2011,,AFR,2011,2011,Africa,,NGA,Nigeria,,AGELT1,<1 year,,FMLE,Female,,,,,,,,0.078,0.07838,,,,,
2583,LIFE_0000000030,nqx - probability of dying between ages x and x+n,https://www.who.int/data/gho/indicator-metadata-registry/imr-details/30,,,,PUBLISHED,Published,,2011.0,2011,,AFR,2011,2011,Africa,,NGA,Nigeria,,AGELT1,<1 year,,FMLE,Female,,,,,,,,0.074,0.07418,,,,,
2584,LIFE_0000000031,lx - number of people left alive at age x,https://www.who.int/data/gho/indicator-metadata-registry/imr-details/31,,,,PUBLISHED,Published,,2011.0,2011,,AFR,2011,2011,Africa,,NGA,Nigeria,,AGELT1,<1 year,,FMLE,Female,,,,,,,,100000,100000.00000,,,,,
2585,LIFE_0000000032,ndx - number of people dying between ages x and x+n,https://www.who.int/data/gho/indicator-metadata-registry/imr-details/32,,,,PUBLISHED,Published,,2011.0,2011,,AFR,2011,2011,Africa,,NGA,Nigeria,,AGELT1,<1 year,,FMLE,Female,,,,,,,,7418.23,7418.23000,,,,,
2586,LIFE_0000000032,ndx - number of people dying between ages x and x+n,https://www.who.int/data/gho/indicator-metadata-registry/imr-details/32,,,,PUBLISHED,Published,,2011.0,2011,,AFR,2011,2011,Africa,,NGA,Nigeria,,AGE5-9,5-9 years,,FMLE,Female,,,,,,,,1772.351,1772.35100,,,,,
2587,LIFE_0000000033,nLx - person-years lived between ages x and x+n,https://www.who.int/data/gho/indicator-metadata-registry/imr-details/33,,,,PUBLISHED,Published,,2011.0,2011,,AFR,2011,2011,Africa,,NGA,Nigeria,,AGE5-9,5-9 years,,FMLE,Female,,,,,,,,434704.7,434704.70000,,,,,
2588,LIFE_0000000034,Tx - person-years lived above age x,https://www.who.int/data/gho/indicator-metadata-registry/imr-details/34,,,,PUBLISHED,Published,,2011.0,2011,,AFR,2011,2011,Africa,,NGA,Nigeria,,AGE5-9,5-9 years,,FMLE,Female,,,,,,,,4851009,4851009.00000,,,,,
2589,LIFE_0000000035,ex - expectation of life at age x,https://www.who.int/data/gho/indicator-metadata-registry/imr-details/35,,,,PUBLISHED,Published,,2011.0,2011,,AFR,2011,2011,Africa,,NGA,Nigeria,,AGE5-9,5-9 years,,FMLE,Female,,,,,,,,55.2,55.23361,,,,,
2590,LIFE_0000000034,Tx - person-years lived above age x,https://www.who.int/data/gho/indicator-metadata-registry/imr-details/34,,,,PUBLISHED,Published,,2011.0,2011,,AFR,2011,2011,Africa,,NGA,Nigeria,,AGE15-19,15-19  years,,FMLE,Female,,,,,,,,3988114,3988114.00000,,,,,
2591,LIFE_0000000035,ex - expectation of life at age x,https://www.who.int/data/gho/indicator-metadata-registry/imr-details/35,,,,PUBLISHED,Published,,2011.0,2011,,AFR,2011,2011,Africa,,NGA,Nigeria,,AGE15-19,15-19  years,,FMLE,Female,,,,,,,,46.8,46.79715,,,,,
2592,LIFE_0000000029,nMx - age-specific death rate between ages x and x+n,https://www.who.int/data/gho/indicator-metadata-registry/imr-details/29,,,,PUBLISHED,Published,,2011.0,2011,,AFR,2011,2011,Africa,,NGA,Nigeria,,AGE20-24,20-24 years,,FMLE,Female,,,,,,,,0.006,0.00558,,,,,
2593,LIFE_0000000030,nqx - probability of dying between ages x and x+n,https://www.who.int/data/gho/indicator-metadata-registry/imr-details/30,,,,PUBLISHED,Published,,2011.0,2011,,AFR,2011,2011,Africa,,NGA,Nigeria,,AGE20-24,20-24 years,,FMLE,Female,,,,,,,,0.028,0.02751,,,,,
2594,LIFE_0000000031,lx - number of people left alive at age x,https://www.who.int/data/gho/indicator-metadata-registry/imr-details/31,,,,PUBLISHED,Published,,2011.0,2011,,AFR,2011,2011,Africa,,NGA,Nigeria,,AGE20-24,20-24 years,,FMLE,Female,,,,,,,,83424.91,83424.91000,,,,,
2595,LIFE_0000000030,nqx - probability of dying between ages x and x+n,https://www.who.int/data/gho/indicator-metadata-registry/imr-details/30,,,,PUBLISHED,Published,,2011.0,2011,,AFR,2011,2011,Africa,,NGA,Nigeria,,AGE30-34,30-34 years,,FMLE,Female,,,,,,,,0.045,0.04460,,,,,
2596,LIFE_0000000031,lx - number of people left alive at age x,https://www.who.int/data/gho/indicator-metadata-registry/imr-details/31,,,,PUBLISHED,Published,,2011.0,2011,,AFR,2011,2011,Africa,,NGA,Nigeria,,AGE30-34,30-34 years,,FMLE,Female,,,,,,,,78160.48,78160.48000,,,,,
2597,LIFE_0000000032,ndx - number of people dying between ages x and x+n,https://www.who.int/data/gho/indicator-metadata-registry/imr-details/32,,,,PUBLISHED,Published,,2011.0,2011,,AFR,2011,2011,Africa,,NGA,Nigeria,,AGE30-34,30-34 years,,FMLE,Female,,,,,,,,3485.846,3485.84600,,,,,
2598,LIFE_0000000033,nLx - person-years lived between ages x and x+n,https://www.who.int/data/gho/indicator-metadata-registry/imr-details/33,,,,PUBLISHED,Published,,2011.0,2011,,AFR,2011,2011,Africa,,NGA,Nigeria,,AGE30-34,30-34 years,,FMLE,Female,,,,,,,,382112.9,382112.90000,,,,,
2599,LIFE_0000000033,nLx - person-years lived between ages x and x+n,https://www.who.int/data/gho/indicator-metadata-registry/imr-details/33,,,,PUBLISHED,Published,,2011.0,2011,,AFR,2011,2011,Africa,,NGA,Nigeria,,AGE40-44,40-44 years,,FMLE,Female,,,,,,,,343986.2,343986.20000,,,,,
2600,LIFE_0000000034,Tx - person-years lived above age x,https://www.who.int/data/gho/indicator-metadata-registry/imr-details/34,,,,PUBLISHED,Published,,2011.0,2011,,AFR,2011,2011,Africa,,NGA,Nigeria,,AGE40-44,40-44 years,,FMLE,Female,,,,,,,,2011046,2011046.00000,,,,,
2601,LIFE_0000000035,ex - expectation of life at age x,https://www.who.int/data/gho/indicator-metadata-registry/imr-details/35,,,,PUBLISHED,Published,,2011.0,2011,,AFR,2011,2011,Africa,,NGA,Nigeria,,AGE40-44,40-44 years,,FMLE,Female,,,,,,,,28.5,28.46660,,,,,
2602,LIFE_0000000029,nMx - age-specific death rate between ages x and x+n,https://www.who.int/data/gho/indicator-metadata-registry/imr-details/29,,,,PUBLISHED,Published,,2011.0,2011,,AFR,2011,2011,Africa,,NGA,Nigeria,,AGE45-49,45-49 years,,FMLE,Female,,,,,,,,0.011,0.01095,,,,,
2603,LIFE_0000000029,nMx - age-specific death rate between ages x and x+n,https://www.who.int/data/gho/indicator-metadata-registry/imr-details/29,,,,PUBLISHED,Published,,2011.0,2011,,AFR,2011,2011,Africa,,NGA,Nigeria,,AGE55-59,55-59 years,,FMLE,Female,,,,,,,,0.017,0.01728,,,,,
2604,LIFE_0000000030,nqx - probability of dying between ages x and x+n,https://www.who.int/data/gho/indicator-metadata-registry/imr-details/30,,,,PUBLISHED,Published,,2011.0,2011,,AFR,2011,2011,Africa,,NGA,Nigeria,,AGE55-59,55-59 years,,FMLE,Female,,,,,,,,0.083,0.08302,,,,,
2605,LIFE_0000000031,lx - number of people left alive at age x,https://www.who.int/data/gho/indicator-metadata-registry/imr-details/31,,,,PUBLISHED,Published,,2011.0,2011,,AFR,2011,2011,Africa,,NGA,Nigeria,,AGE55-59,55-59 years,,FMLE,Female,,,,,,,,59254.84,59254.84000,,,,,
2606,LIFE_0000000032,ndx - number of people dying between ages x and x+n,https://www.who.int/data/gho/indicator-metadata-registry/imr-details/32,,,,PUBLISHED,Published,,2011.0,2011,,AFR,2011,2011,Africa,,NGA,Nigeria,,AGE55-59,55-59 years,,FMLE,Female,,,,,,,,4919.082,4919.08200,,,,,
2607,LIFE_0000000031,lx - number of people left alive at age x,https://www.who.int/data/gho/indicator-metadata-registry/imr-details/31,,,,PUBLISHED,Published,,2011.0,2011,,AFR,2011,2011,Africa,,NGA,Nigeria,,AGE65-69,65-69 years,,FMLE,Female,,,,,,,,46486.27,46486.27000,,,,,
2608,LIFE_0000000032,ndx - number of people dying between ages x and x+n,https://www.who.int/data/gho/indicator-metadata-registry/imr-details/32,,,,PUBLISHED,Published,,2011.0,2011,,AFR,2011,2011,Africa,,NGA,Nigeria,,AGE65-69,65-69 years,,FMLE,Female,,,,,,,,10243.85,10243.85000,,,,,
2609,LIFE_0000000033,nLx - person-years lived between ages x and x+n,https://www.who.int/data/gho/indicator-metadata-registry/imr-details/33,,,,PUBLISHED,Published,,2011.0,2011,,AFR,2011,2011,Africa,,NGA,Nigeria,,AGE65-69,65-69 years,,FMLE,Female,,,,,,,,207852.3,207852.30000,,,,,
2610,LIFE_0000000034,Tx - person-years lived above age x,https://www.who.int/data/gho/indicator-metadata-registry/imr-details/34,,,,PUBLISHED,Published,,2011.0,2011,,AFR,2011,2011,Africa,,NGA,Nigeria,,AGE65-69,65-69 years,,FMLE,Female,,,,,,,,496420.3,496420.30000,,,,,
2611,LIFE_0000000034,Tx - person-years lived above age x,https://www.who.int/data/gho/indicator-metadata-registry/imr-details/34,,,,PUBLISHED,Published,,2011.0,2011,,AFR,2011,2011,Africa,,NGA,Nigeria,,AGE75-79,75-79 years,,FMLE,Female,,,,,,,,137834.7,137834.70000,,,,,
2612,LIFE_0000000035,ex - expectation of life at age x,https://www.who.int/data/gho/indicator-metadata-registry/imr-details/35,,,,PUBLISHED,Published,,2011.0,2011,,AFR,2011,2011,Africa,,NGA,Nigeria,,AGE75-79,75-79 years,,FMLE,Female,,,,,,,,5.8,5.77539,,,,,
2613,LIFE_0000000029,nMx - age-specific death rate between ages x and x+n,https://www.who.int/data/gho/indicator-metadata-registry/imr-details/29,,,,PUBLISHED,Published,,2011.0,2011,,AFR,2011,2011,Africa,,NGA,Nigeria,,AGE80-84,80-84 years,,FMLE,Female,,,,,,,,0.215,0.21510,,,,,
2614,LIFE_0000000030,nqx - probability of dying between ages x and x+n,https://www.who.int/data/gho/indicator-metadata-registry/imr-details/30,,,,PUBLISHED,Published,,2011.0,2011,,AFR,2011,2011,Africa,,NGA,Nigeria,,AGE80-84,80-84 years,,FMLE,Female,,,,,,,,0.674,0.67425,,,,,
2615,LIFE_0000000030,nqx - probability of dying between ages x and x+n,https://www.who.int/data/gho/indicator-metadata-registry/imr-details/30,,,,PUBLISHED,Published,,2012.0,2012,,AFR,2012,2012,Africa,,NGA,Nigeria,,AGELT1,<1 year,,MLE,Male,,,,,,,,0.082,0.08151,,,,,
2616,LIFE_0000000031,lx - number of people left alive at age x,https://www.who.int/data/gho/indicator-metadata-registry/imr-details/31,,,,PUBLISHED,Published,,2012.0,2012,,AFR,2012,2012,Africa,,NGA,Nigeria,,AGELT1,<1 year,,MLE,Male,,,,,,,,100000,100000.00000,,,,,
2617,LIFE_0000000032,ndx - number of people dying between ages x and x+n,https://www.who.int/data/gho/indicator-metadata-registry/imr-details/32,,,,PUBLISHED,Published,,2012.0,2012,,AFR,2012,2012,Africa,,NGA,Nigeria,,AGELT1,<1 year,,MLE,Male,,,,,,,,8151.336,8151.33600,,,,,
2618,LIFE_0000000033,nLx - person-years lived between ages x and x+n,https://www.who.int/data/gho/indicator-metadata-registry/imr-details/33,,,,PUBLISHED,Published,,2012.0,2012,,AFR,2012,2012,Africa,,NGA,Nigeria,,AGELT1,<1 year,,MLE,Male,,,,,,,,94103.12,94103.12000,,,,,
2619,LIFE_0000000032,ndx - number of people dying between ages x and x+n,https://www.who.int/data/gho/indicator-metadata-registry/imr-details/32,,,,PUBLISHED,Published,,2012.0,2012,,AFR,2012,2012,Africa,,NGA,Nigeria,,AGE5-9,5-9 years,,MLE,Male,,,,,,,,1309.836,1309.83600,,,,,
2620,LIFE_0000000033,nLx - person-years lived between ages x and x+n,https://www.who.int/data/gho/indicator-metadata-registry/imr-details/33,,,,PUBLISHED,Published,,2012.0,2012,,AFR,2012,2012,Africa,,NGA,Nigeria,,AGE5-9,5-9 years,,MLE,Male,,,,,,,,434477.4,434477.40000,,,,,
2621,LIFE_0000000034,Tx - person-years lived above age x,https://www.who.int/data/gho/indicator-metadata-registry/imr-details/34,,,,PUBLISHED,Published,,2012.0,2012,,AFR,2012,2012,Africa,,NGA,Nigeria,,AGE5-9,5-9 years,,MLE,Male,,,,,,,,4845927,4845927.00000,,,,,
2622,LIFE_0000000035,ex - expectation of life at age x,https://www.who.int/data/gho/indicator-metadata-registry/imr-details/35,,,,PUBLISHED,Published,,2012.0,2012,,AFR,2012,2012,Africa,,NGA,Nigeria,,AGE5-9,5-9 years,,MLE,Male,,,,,,,,55.4,55.35014,,,,,
2623,LIFE_0000000029,nMx - age-specific death rate between ages x and x+n,https://www.who.int/data/gho/indicator-metadata-registry/imr-details/29,,,,PUBLISHED,Published,,2012.0,2012,,AFR,2012,2012,Africa,,NGA,Nigeria,,AGE10-14,10-14 years,,MLE,Male,,,,,,,,0.001,0.00148,,,,,
2624,LIFE_0000000035,ex - expectation of life at age x,https://www.who.int/data/gho/indicator-metadata-registry/imr-details/35,,,,PUBLISHED,Published,,2012.0,2012,,AFR,2012,2012,Africa,,NGA,Nigeria,,AGE15-19,15-19  years,,MLE,Male,,,,,,,,46.5,46.51372,,,,,
2625,LIFE_0000000029,nMx - age-specific death rate between ages x and x+n,https://www.who.int/data/gho/indicator-metadata-registry/imr-details/29,,,,PUBLISHED,Published,,2012.0,2012,,AFR,2012,2012,Africa,,NGA,Nigeria,,AGE20-24,20-24 years,,MLE,Male,,,,,,,,0.005,0.00505,,,,,
2626,LIFE_0000000030,nqx - probability of dying between ages x and x+n,https://www.who.int/data/gho/indicator-metadata-registry/imr-details/30,,,,PUBLISHED,Published,,2012.0,2012,,AFR,2012,2012,Africa,,NGA,Nigeria,,AGE20-24,20-24 years,,MLE,Male,,,,,,,,0.025,0.02494,,,,,
2627,LIFE_0000000031,lx - number of people left alive at age x,https://www.who.int/data/gho/indicator-metadata-registry/imr-details/31,,,,PUBLISHED,Published,,2012.0,2012,,AFR,2012,2012,Africa,,NGA,Nigeria,,AGE20-24,20-24 years,,MLE,Male,,,,,,,,84188.09,84188.09000,,,,,
2628,LIFE_0000000031,lx - number of people left alive at age x,https://www.who.int/data/gho/indicator-metadata-registry/imr-details/31,,,,PUBLISHED,Published,,2012.0,2012,,AFR,2012,2012,Africa,,NGA,Nigeria,,AGE30-34,30-34 years,,MLE,Male,,,,,,,,79652.09,79652.09000,,,,,
2629,LIFE_0000000032,ndx - number of people dying between ages x and x+n,https://www.who.int/data/gho/indicator-metadata-registry/imr-details/32,,,,PUBLISHED,Published,,2012.0,2012,,AFR,2012,2012,Africa,,NGA,Nigeria,,AGE30-34,30-34 years,,MLE,Male,,,,,,,,3052.919,3052.91900,,,,,
2630,LIFE_0000000033,nLx - person-years lived between ages x and x+n,https://www.who.int/data/gho/indicator-metadata-registry/imr-details/33,,,,PUBLISHED,Published,,2012.0,2012,,AFR,2012,2012,Africa,,NGA,Nigeria,,AGE30-34,30-34 years,,MLE,Male,,,,,,,,390687.4,390687.40000,,,,,
2631,LIFE_0000000034,Tx - person-years lived above age x,https://www.who.int/data/gho/indicator-metadata-registry/imr-details/34,,,,PUBLISHED,Published,,2012.0,2012,,AFR,2012,2012,Africa,,NGA,Nigeria,,AGE30-34,30-34 years,,MLE,Male,,,,,,,,2737077,2737077.00000,,,,,
2632,LIFE_0000000034,Tx - person-years lived above age x,https://www.who.int/data/gho/indicator-metadata-registry/imr-details/34,,,,PUBLISHED,Published,,2012.0,2012,,AFR,2012,2012,Africa,,NGA,Nigeria,,AGE40-44,40-44 years,,MLE,Male,,,,,,,,1972799,1972799.00000,,,,,
2633,LIFE_0000000035,ex - expectation of life at age x,https://www.who.int/data/gho/indicator-metadata-registry/imr-details/35,,,,PUBLISHED,Published,,2012.0,2012,,AFR,2012,2012,Africa,,NGA,Nigeria,,AGE40-44,40-44 years,,MLE,Male,,,,,,,,27.1,27.11251,,,,,
2634,LIFE_0000000029,nMx - age-specific death rate between ages x and x+n,https://www.who.int/data/gho/indicator-metadata-registry/imr-details/29,,,,PUBLISHED,Published,,2012.0,2012,,AFR,2012,2012,Africa,,NGA,Nigeria,,AGE45-49,45-49 years,,MLE,Male,,,,,,,,0.014,0.01386,,,,,
2635,LIFE_0000000030,nqx - probability of dying between ages x and x+n,https://www.who.int/data/gho/indicator-metadata-registry/imr-details/30,,,,PUBLISHED,Published,,2012.0,2012,,AFR,2012,2012,Africa,,NGA,Nigeria,,AGE45-49,45-49 years,,MLE,Male,,,,,,,,0.067,0.06706,,,,,
2636,LIFE_0000000029,nMx - age-specific death rate between ages x and x+n,https://www.who.int/data/gho/indicator-metadata-registry/imr-details/29,,,,PUBLISHED,Published,,2012.0,2012,,AFR,2012,2012,Africa,,NGA,Nigeria,,AGE55-59,55-59 years,,MLE,Male,,,,,,,,0.022,0.02224,,,,,
2637,LIFE_0000000030,nqx - probability of dying between ages x and x+n,https://www.who.int/data/gho/indicator-metadata-registry/imr-details/30,,,,PUBLISHED,Published,,2012.0,2012,,AFR,2012,2012,Africa,,NGA,Nigeria,,AGE55-59,55-59 years,,MLE,Male,,,,,,,,0.106,0.10559,,,,,
2638,LIFE_0000000031,lx - number of people left alive at age x,https://www.who.int/data/gho/indicator-metadata-registry/imr-details/31,,,,PUBLISHED,Published,,2012.0,2012,,AFR,2012,2012,Africa,,NGA,Nigeria,,AGE55-59,55-59 years,,MLE,Male,,,,,,,,58603.14,58603.14000,,,,,
2639,LIFE_0000000032,ndx - number of people dying between ages x and x+n,https://www.who.int/data/gho/indicator-metadata-registry/imr-details/32,,,,PUBLISHED,Published,,2012.0,2012,,AFR,2012,2012,Africa,,NGA,Nigeria,,AGE55-59,55-59 years,,MLE,Male,,,,,,,,6187.892,6187.89200,,,,,
2640,LIFE_0000000032,ndx - number of people dying between ages x and x+n,https://www.who.int/data/gho/indicator-metadata-registry/imr-details/32,,,,PUBLISHED,Published,,2012.0,2012,,AFR,2012,2012,Africa,,NGA,Nigeria,,AGE65-69,65-69 years,,MLE,Male,,,,,,,,10215.76,10215.76000,,,,,
2641,LIFE_0000000033,nLx - person-years lived between ages x and x+n,https://www.who.int/data/gho/indicator-metadata-registry/imr-details/33,,,,PUBLISHED,Published,,2012.0,2012,,AFR,2012,2012,Africa,,NGA,Nigeria,,AGE65-69,65-69 years,,MLE,Male,,,,,,,,195394.7,195394.70000,,,,,
2642,LIFE_0000000034,Tx - person-years lived above age x,https://www.who.int/data/gho/indicator-metadata-registry/imr-details/34,,,,PUBLISHED,Published,,2012.0,2012,,AFR,2012,2012,Africa,,NGA,Nigeria,,AGE65-69,65-69 years,,MLE,Male,,,,,,,,460963.7,460963.70000,,,,,
2643,LIFE_0000000035,ex - expectation of life at age x,https://www.who.int/data/gho/indicator-metadata-registry/imr-details/35,,,,PUBLISHED,Published,,2012.0,2012,,AFR,2012,2012,Africa,,NGA,Nigeria,,AGE65-69,65-69 years,,MLE,Male,,,,,,,,10.5,10.46913,,,,,
2644,LIFE_0000000035,ex - expectation of life at age x,https://www.who.int/data/gho/indicator-metadata-registry/imr-details/35,,,,PUBLISHED,Published,,2012.0,2012,,AFR,2012,2012,Africa,,NGA,Nigeria,,AGE75-79,75-79 years,,MLE,Male,,,,,,,,5.7,5.70434,,,,,
2645,LIFE_0000000029,nMx - age-specific death rate between ages x and x+n,https://www.who.int/data/gho/indicator-metadata-registry/imr-details/29,,,,PUBLISHED,Published,,2012.0,2012,,AFR,2012,2012,Africa,,NGA,Nigeria,,AGE80-84,80-84 years,,MLE,Male,,,,,,,,0.217,0.21659,,,,,
2646,LIFE_0000000030,nqx - probability of dying between ages x and x+n,https://www.who.int/data/gho/indicator-metadata-registry/imr-details/30,,,,PUBLISHED,Published,,2012.0,2012,,AFR,2012,2012,Africa,,NGA,Nigeria,,AGE80-84,80-84 years,,MLE,Male,,,,,,,,0.677,0.67708,,,,,
2647,LIFE_0000000031,lx - number of people left alive at age x,https://www.who.int/data/gho/indicator-metadata-registry/imr-details/31,,,,PUBLISHED,Published,,2012.0,2012,,AFR,2012,2012,Africa,,NGA,Nigeria,,AGE80-84,80-84 years,,MLE,Male,,,,,,,,10919.77,10919.77000,,,,,
2648,LIFE_0000000030,nqx - probability of dying between ages x and x+n,https://www.who.int/data/gho/indicator-metadata-registry/imr-details/30,,,,PUBLISHED,Published,,2012.0,2012,,AFR,2012,2012,Africa,,NGA,Nigeria,,AGELT1,<1 year,,FMLE,Female,,,,,,,,0.071,0.07141,,,,,
2649,LIFE_0000000031,lx - number of people left alive at age x,https://www.who.int/data/gho/indicator-metadata-registry/imr-details/31,,,,PUBLISHED,Published,,2012.0,2012,,AFR,2012,2012,Africa,,NGA,Nigeria,,AGELT1,<1 year,,FMLE,Female,,,,,,,,100000,100000.00000,,,,,
2650,LIFE_0000000032,ndx - number of people dying between ages x and x+n,https://www.who.int/data/gho/indicator-metadata-registry/imr-details/32,,,,PUBLISHED,Published,,2012.0,2012,,AFR,2012,2012,Africa,,NGA,Nigeria,,AGELT1,<1 year,,FMLE,Female,,,,,,,,7140.809,7140.80900,,,,,
2651,LIFE_0000000033,nLx - person-years lived between ages x and x+n,https://www.who.int/data/gho/indicator-metadata-registry/imr-details/33,,,,PUBLISHED,Published,,2012.0,2012,,AFR,2012,2012,Africa,,NGA,Nigeria,,AGELT1,<1 year,,FMLE,Female,,,,,,,,94794.83,94794.83000,,,,,
2652,LIFE_0000000034,Tx - person-years lived above age x,https://www.who.int/data/gho/indicator-metadata-registry/imr-details/34,,,,PUBLISHED,Published,,2012.0,2012,,AFR,2012,2012,Africa,,NGA,Nigeria,,AGELT1,<1 year,,FMLE,Female,,,,,,,,5351872,5351872.00000,,,,,
2653,LIFE_0000000033,nLx - person-years lived between ages x and x+n,https://www.who.int/data/gho/indicator-metadata-registry/imr-details/33,,,,PUBLISHED,Published,,2012.0,2012,,AFR,2012,2012,Africa,,NGA,Nigeria,,AGE5-9,5-9 years,,FMLE,Female,,,,,,,,437208.8,437208.80000,,,,,
2654,LIFE_0000000034,Tx - person-years lived above age x,https://www.who.int/data/gho/indicator-metadata-registry/imr-details/34,,,,PUBLISHED,Published,,2012.0,2012,,AFR,2012,2012,Africa,,NGA,Nigeria,,AGE5-9,5-9 years,,FMLE,Female,,,,,,,,4897473,4897473.00000,,,,,
2655,LIFE_0000000035,ex - expectation of life at age x,https://www.who.int/data/gho/indicator-metadata-registry/imr-details/35,,,,PUBLISHED,Published,,2012.0,2012,,AFR,2012,2012,Africa,,NGA,Nigeria,,AGE5-9,5-9 years,,FMLE,Female,,,,,,,,55.5,55.46375,,,,,
2656,LIFE_0000000029,nMx - age-specific death rate between ages x and x+n,https://www.who.int/data/gho/indicator-metadata-registry/imr-details/29,,,,PUBLISHED,Published,,2012.0,2012,,AFR,2012,2012,Africa,,NGA,Nigeria,,AGE10-14,10-14 years,,FMLE,Female,,,,,,,,0.002,0.00190,,,,,
2657,LIFE_0000000029,nMx - age-specific death rate between ages x and x+n,https://www.who.int/data/gho/indicator-metadata-registry/imr-details/29,,,,PUBLISHED,Published,,2012.0,2012,,AFR,2012,2012,Africa,,NGA,Nigeria,,AGE20-24,20-24 years,,FMLE,Female,,,,,,,,0.006,0.00554,,,,,
2658,LIFE_0000000030,nqx - probability of dying between ages x and x+n,https://www.who.int/data/gho/indicator-metadata-registry/imr-details/30,,,,PUBLISHED,Published,,2012.0,2012,,AFR,2012,2012,Africa,,NGA,Nigeria,,AGE20-24,20-24 years,,FMLE,Female,,,,,,,,0.027,0.02731,,,,,
2659,LIFE_0000000031,lx - number of people left alive at age x,https://www.who.int/data/gho/indicator-metadata-registry/imr-details/31,,,,PUBLISHED,Published,,2012.0,2012,,AFR,2012,2012,Africa,,NGA,Nigeria,,AGE20-24,20-24 years,,FMLE,Female,,,,,,,,83962.55,83962.55000,,,,,
2660,LIFE_0000000032,ndx - number of people dying between ages x and x+n,https://www.who.int/data/gho/indicator-metadata-registry/imr-details/32,,,,PUBLISHED,Published,,2012.0,2012,,AFR,2012,2012,Africa,,NGA,Nigeria,,AGE20-24,20-24 years,,FMLE,Female,,,,,,,,2293.289,2293.28900,,,,,
2661,LIFE_0000000032,ndx - number of people dying between ages x and x+n,https://www.who.int/data/gho/indicator-metadata-registry/imr-details/32,,,,PUBLISHED,Published,,2012.0,2012,,AFR,2012,2012,Africa,,NGA,Nigeria,,AGE30-34,30-34 years,,FMLE,Female,,,,,,,,3400.212,3400.21200,,,,,
2662,LIFE_0000000033,nLx - person-years lived between ages x and x+n,https://www.who.int/data/gho/indicator-metadata-registry/imr-details/33,,,,PUBLISHED,Published,,2012.0,2012,,AFR,2012,2012,Africa,,NGA,Nigeria,,AGE30-34,30-34 years,,FMLE,Female,,,,,,,,385330.3,385330.30000,,,,,
2663,LIFE_0000000034,Tx - person-years lived above age x,https://www.who.int/data/gho/indicator-metadata-registry/imr-details/34,,,,PUBLISHED,Published,,2012.0,2012,,AFR,2012,2012,Africa,,NGA,Nigeria,,AGE30-34,30-34 years,,FMLE,Female,,,,,,,,2789529,2789529.00000,,,,,
2664,LIFE_0000000035,ex - expectation of life at age x,https://www.who.int/data/gho/indicator-metadata-registry/imr-details/35,,,,PUBLISHED,Published,,2012.0,2012,,AFR,2012,2012,Africa,,NGA,Nigeria,,AGE30-34,30-34 years,,FMLE,Female,,,,,,,,35.4,35.41758,,,,,
2665,LIFE_0000000034,Tx - person-years lived above age x,https://www.who.int/data/gho/indicator-metadata-registry/imr-details/34,,,,PUBLISHED,Published,,2012.0,2012,,AFR,2012,2012,Africa,,NGA,Nigeria,,AGE40-44,40-44 years,,FMLE,Female,,,,,,,,2037284,2037284.00000,,,,,
2666,LIFE_0000000035,ex - expectation of life at age x,https://www.who.int/data/gho/indicator-metadata-registry/imr-details/35,,,,PUBLISHED,Published,,2012.0,2012,,AFR,2012,2012,Africa,,NGA,Nigeria,,AGE40-44,40-44 years,,FMLE,Female,,,,,,,,28.5,28.53836,,,,,
2667,LIFE_0000000029,nMx - age-specific death rate between ages x and x+n,https://www.who.int/data/gho/indicator-metadata-registry/imr-details/29,,,,PUBLISHED,Published,,2012.0,2012,,AFR,2012,2012,Africa,,NGA,Nigeria,,AGE45-49,45-49 years,,FMLE,Female,,,,,,,,0.011,0.01089,,,,,
2668,LIFE_0000000030,nqx - probability of dying between ages x and x+n,https://www.who.int/data/gho/indicator-metadata-registry/imr-details/30,,,,PUBLISHED,Published,,2012.0,2012,,AFR,2012,2012,Africa,,NGA,Nigeria,,AGE45-49,45-49 years,,FMLE,Female,,,,,,,,0.053,0.05302,,,,,
2669,LIFE_0000000030,nqx - probability of dying between ages x and x+n,https://www.who.int/data/gho/indicator-metadata-registry/imr-details/30,,,,PUBLISHED,Published,,2012.0,2012,,AFR,2012,2012,Africa,,NGA,Nigeria,,AGE55-59,55-59 years,,FMLE,Female,,,,,,,,0.083,0.08260,,,,,
2670,LIFE_0000000031,lx - number of people left alive at age x,https://www.who.int/data/gho/indicator-metadata-registry/imr-details/31,,,,PUBLISHED,Published,,2012.0,2012,,AFR,2012,2012,Africa,,NGA,Nigeria,,AGE55-59,55-59 years,,FMLE,Female,,,,,,,,59932.86,59932.86000,,,,,
2671,LIFE_0000000032,ndx - number of people dying between ages x and x+n,https://www.who.int/data/gho/indicator-metadata-registry/imr-details/32,,,,PUBLISHED,Published,,2012.0,2012,,AFR,2012,2012,Africa,,NGA,Nigeria,,AGE55-59,55-59 years,,FMLE,Female,,,,,,,,4950.361,4950.36100,,,,,
2672,LIFE_0000000033,nLx - person-years lived between ages x and x+n,https://www.who.int/data/gho/indicator-metadata-registry/imr-details/33,,,,PUBLISHED,Published,,2012.0,2012,,AFR,2012,2012,Africa,,NGA,Nigeria,,AGE55-59,55-59 years,,FMLE,Female,,,,,,,,287953.7,287953.70000,,,,,
2673,LIFE_0000000033,nLx - person-years lived between ages x and x+n,https://www.who.int/data/gho/indicator-metadata-registry/imr-details/33,,,,PUBLISHED,Published,,2012.0,2012,,AFR,2012,2012,Africa,,NGA,Nigeria,,AGE65-69,65-69 years,,FMLE,Female,,,,,,,,210934.4,210934.40000,,,,,
2674,LIFE_0000000034,Tx - person-years lived above age x,https://www.who.int/data/gho/indicator-metadata-registry/imr-details/34,,,,PUBLISHED,Published,,2012.0,2012,,AFR,2012,2012,Africa,,NGA,Nigeria,,AGE65-69,65-69 years,,FMLE,Female,,,,,,,,505506.3,505506.30000,,,,,
2675,LIFE_0000000035,ex - expectation of life at age x,https://www.who.int/data/gho/indicator-metadata-registry/imr-details/35,,,,PUBLISHED,Published,,2012.0,2012,,AFR,2012,2012,Africa,,NGA,Nigeria,,AGE65-69,65-69 years,,FMLE,Female,,,,,,,,10.7,10.72769,,,,,
2676,LIFE_0000000029,nMx - age-specific death rate between ages x and x+n,https://www.who.int/data/gho/indicator-metadata-registry/imr-details/29,,,,PUBLISHED,Published,,2012.0,2012,,AFR,2012,2012,Africa,,NGA,Nigeria,,AGE70-74,70-74 years,,FMLE,Female,,,,,,,,0.081,0.08142,,,,,
2677,LIFE_0000000035,ex - expectation of life at age x,https://www.who.int/data/gho/indicator-metadata-registry/imr-details/35,,,,PUBLISHED,Published,,2012.0,2012,,AFR,2012,2012,Africa,,NGA,Nigeria,,AGE75-79,75-79 years,,FMLE,Female,,,,,,,,5.8,5.79921,,,,,
2678,LIFE_0000000029,nMx - age-specific death rate between ages x and x+n,https://www.who.int/data/gho/indicator-metadata-registry/imr-details/29,,,,PUBLISHED,Published,,2012.0,2012,,AFR,2012,2012,Africa,,NGA,Nigeria,,AGE80-84,80-84 years,,FMLE,Female,,,,,,,,0.214,0.21410,,,,,
2679,LIFE_0000000030,nqx - probability of dying between ages x and x+n,https://www.who.int/data/gho/indicator-metadata-registry/imr-details/30,,,,PUBLISHED,Published,,2012.0,2012,,AFR,2012,2012,Africa,,NGA,Nigeria,,AGE80-84,80-84 years,,FMLE,Female,,,,,,,,0.673,0.67257,,,,,
2680,LIFE_0000000031,lx - number of people left alive at age x,https://www.who.int/data/gho/indicator-metadata-registry/imr-details/31,,,,PUBLISHED,Published,,2012.0,2012,,AFR,2012,2012,Africa,,NGA,Nigeria,,AGE80-84,80-84 years,,FMLE,Female,,,,,,,,12284.12,12284.12000,,,,,
2681,LIFE_0000000032,ndx - number of people dying between ages x and x+n,https://www.who.int/data/gho/indicator-metadata-registry/imr-details/32,,,,PUBLISHED,Published,,2012.0,2012,,AFR,2012,2012,Africa,,NGA,Nigeria,,AGE80-84,80-84 years,,FMLE,Female,,,,,,,,8261.879,8261.87900,,,,,
2682,LIFE_0000000031,lx - number of people left alive at age x,https://www.who.int/data/gho/indicator-metadata-registry/imr-details/31,,,,PUBLISHED,Published,,2013.0,2013,,AFR,2013,2013,Africa,,NGA,Nigeria,,AGELT1,<1 year,,MLE,Male,,,,,,,,100000,100000.00000,,,,,
2683,LIFE_0000000032,ndx - number of people dying between ages x and x+n,https://www.who.int/data/gho/indicator-metadata-registry/imr-details/32,,,,PUBLISHED,Published,,2013.0,2013,,AFR,2013,2013,Africa,,NGA,Nigeria,,AGELT1,<1 year,,MLE,Male,,,,,,,,7854.795,7854.79500,,,,,
2684,LIFE_0000000033,nLx - person-years lived between ages x and x+n,https://www.who.int/data/gho/indicator-metadata-registry/imr-details/33,,,,PUBLISHED,Published,,2013.0,2013,,AFR,2013,2013,Africa,,NGA,Nigeria,,AGELT1,<1 year,,MLE,Male,,,,,,,,94251.63,94251.63000,,,,,
2685,LIFE_0000000034,Tx - person-years lived above age x,https://www.who.int/data/gho/indicator-metadata-registry/imr-details/34,,,,PUBLISHED,Published,,2013.0,2013,,AFR,2013,2013,Africa,,NGA,Nigeria,,AGELT1,<1 year,,MLE,Male,,,,,,,,5340731,5340731.00000,,,,,
2686,LIFE_0000000034,Tx - person-years lived above age x,https://www.who.int/data/gho/indicator-metadata-registry/imr-details/34,,,,PUBLISHED,Published,,2013.0,2013,,AFR,2013,2013,Africa,,NGA,Nigeria,,AGE5-9,5-9 years,,MLE,Male,,,,,,,,4888520,4888520.00000,,,,,
2687,LIFE_0000000035,ex - expectation of life at age x,https://www.who.int/data/gho/indicator-metadata-registry/imr-details/35,,,,PUBLISHED,Published,,2013.0,2013,,AFR,2013,2013,Africa,,NGA,Nigeria,,AGE5-9,5-9 years,,MLE,Male,,,,,,,,55.5,55.52980,,,,,
2688,LIFE_0000000029,nMx - age-specific death rate between ages x and x+n,https://www.who.int/data/gho/indicator-metadata-registry/imr-details/29,,,,PUBLISHED,Published,,2013.0,2013,,AFR,2013,2013,Africa,,NGA,Nigeria,,AGE10-14,10-14 years,,MLE,Male,,,,,,,,0.001,0.00144,,,,,
2689,LIFE_0000000030,nqx - probability of dying between ages x and x+n,https://www.who.int/data/gho/indicator-metadata-registry/imr-details/30,,,,PUBLISHED,Published,,2013.0,2013,,AFR,2013,2013,Africa,,NGA,Nigeria,,AGE10-14,10-14 years,,MLE,Male,,,,,,,,0.007,0.00720,,,,,
2690,LIFE_0000000030,nqx - probability of dying between ages x and x+n,https://www.who.int/data/gho/indicator-metadata-registry/imr-details/30,,,,PUBLISHED,Published,,2013.0,2013,,AFR,2013,2013,Africa,,NGA,Nigeria,,AGE20-24,20-24 years,,MLE,Male,,,,,,,,0.025,0.02493,,,,,
2691,LIFE_0000000031,lx - number of people left alive at age x,https://www.who.int/data/gho/indicator-metadata-registry/imr-details/31,,,,PUBLISHED,Published,,2013.0,2013,,AFR,2013,2013,Africa,,NGA,Nigeria,,AGE20-24,20-24 years,,MLE,Male,,,,,,,,84710.73,84710.73000,,,,,
2692,LIFE_0000000032,ndx - number of people dying between ages x and x+n,https://www.who.int/data/gho/indicator-metadata-registry/imr-details/32,,,,PUBLISHED,Published,,2013.0,2013,,AFR,2013,2013,Africa,,NGA,Nigeria,,AGE20-24,20-24 years,,MLE,Male,,,,,,,,2111.45,2111.45000,,,,,
2693,LIFE_0000000033,nLx - person-years lived between ages x and x+n,https://www.who.int/data/gho/indicator-metadata-registry/imr-details/33,,,,PUBLISHED,Published,,2013.0,2013,,AFR,2013,2013,Africa,,NGA,Nigeria,,AGE20-24,20-24 years,,MLE,Male,,,,,,,,418332.9,418332.90000,,,,,
2694,LIFE_0000000032,ndx - number of people dying between ages x and x+n,https://www.who.int/data/gho/indicator-metadata-registry/imr-details/32,,,,PUBLISHED,Published,,2013.0,2013,,AFR,2013,2013,Africa,,NGA,Nigeria,,AGE30-34,30-34 years,,MLE,Male,,,,,,,,3012.626,3012.62600,,,,,
2695,LIFE_0000000033,nLx - person-years lived between ages x and x+n,https://www.who.int/data/gho/indicator-metadata-registry/imr-details/33,,,,PUBLISHED,Published,,2013.0,2013,,AFR,2013,2013,Africa,,NGA,Nigeria,,AGE30-34,30-34 years,,MLE,Male,,,,,,,,393462.9,393462.90000,,,,,
2696,LIFE_0000000034,Tx - person-years lived above age x,https://www.who.int/data/gho/indicator-metadata-registry/imr-details/34,,,,PUBLISHED,Published,,2013.0,2013,,AFR,2013,2013,Africa,,NGA,Nigeria,,AGE30-34,30-34 years,,MLE,Male,,,,,,,,2766650,2766650.00000,,,,,
2697,LIFE_0000000035,ex - expectation of life at age x,https://www.who.int/data/gho/indicator-metadata-registry/imr-details/35,,,,PUBLISHED,Published,,2013.0,2013,,AFR,2013,2013,Africa,,NGA,Nigeria,,AGE30-34,30-34 years,,MLE,Male,,,,,,,,34.5,34.50240,,,,,
2698,LIFE_0000000035,ex - expectation of life at age x,https://www.who.int/data/gho/indicator-metadata-registry/imr-details/35,,,,PUBLISHED,Published,,2013.0,2013,,AFR,2013,2013,Africa,,NGA,Nigeria,,AGE40-44,40-44 years,,MLE,Male,,,,,,,,27.2,27.20610,,,,,
2699,LIFE_0000000029,nMx - age-specific death rate between ages x and x+n,https://www.who.int/data/gho/indicator-metadata-registry/imr-details/29,,,,PUBLISHED,Published,,2013.0,2013,,AFR,2013,2013,Africa,,NGA,Nigeria,,AGE45-49,45-49 years,,MLE,Male,,,,,,,,0.014,0.01372,,,,,
2700,LIFE_0000000030,nqx - probability of dying between ages x and x+n,https://www.who.int/data/gho/indicator-metadata-registry/imr-details/30,,,,PUBLISHED,Published,,2013.0,2013,,AFR,2013,2013,Africa,,NGA,Nigeria,,AGE45-49,45-49 years,,MLE,Male,,,,,,,,0.066,0.06640,,,,,
2701,LIFE_0000000031,lx - number of people left alive at age x,https://www.who.int/data/gho/indicator-metadata-registry/imr-details/31,,,,PUBLISHED,Published,,2013.0,2013,,AFR,2013,2013,Africa,,NGA,Nigeria,,AGE45-49,45-49 years,,MLE,Male,,,,,,,,69146.4,69146.40000,,,,,
2702,LIFE_0000000031,lx - number of people left alive at age x,https://www.who.int/data/gho/indicator-metadata-registry/imr-details/31,,,,PUBLISHED,Published,,2013.0,2013,,AFR,2013,2013,Africa,,NGA,Nigeria,,AGE55-59,55-59 years,,MLE,Male,,,,,,,,59234.7,59234.70000,,,,,
2703,LIFE_0000000032,ndx - number of people dying between ages x and x+n,https://www.who.int/data/gho/indicator-metadata-registry/imr-details/32,,,,PUBLISHED,Published,,2013.0,2013,,AFR,2013,2013,Africa,,NGA,Nigeria,,AGE55-59,55-59 years,,MLE,Male,,,,,,,,6214.771,6214.77100,,,,,
2704,LIFE_0000000033,nLx - person-years lived between ages x and x+n,https://www.who.int/data/gho/indicator-metadata-registry/imr-details/33,,,,PUBLISHED,Published,,2013.0,2013,,AFR,2013,2013,Africa,,NGA,Nigeria,,AGE55-59,55-59 years,,MLE,Male,,,,,,,,281289.7,281289.70000,,,,,
2705,LIFE_0000000034,Tx - person-years lived above age x,https://www.who.int/data/gho/indicator-metadata-registry/imr-details/34,,,,PUBLISHED,Published,,2013.0,2013,,AFR,2013,2013,Africa,,NGA,Nigeria,,AGE55-59,55-59 years,,MLE,Male,,,,,,,,995440.4,995440.40000,,,,,
2706,LIFE_0000000033,nLx - person-years lived between ages x and x+n,https://www.who.int/data/gho/indicator-metadata-registry/imr-details/33,,,,PUBLISHED,Published,,2013.0,2013,,AFR,2013,2013,Africa,,NGA,Nigeria,,AGE65-69,65-69 years,,MLE,Male,,,,,,,,198269.5,198269.50000,,,,,
2707,LIFE_0000000034,Tx - person-years lived above age x,https://www.who.int/data/gho/indicator-metadata-registry/imr-details/34,,,,PUBLISHED,Published,,2013.0,2013,,AFR,2013,2013,Africa,,NGA,Nigeria,,AGE65-69,65-69 years,,MLE,Male,,,,,,,,469194,469194.00000,,,,,
2708,LIFE_0000000035,ex - expectation of life at age x,https://www.who.int/data/gho/indicator-metadata-registry/imr-details/35,,,,PUBLISHED,Published,,2013.0,2013,,AFR,2013,2013,Africa,,NGA,Nigeria,,AGE65-69,65-69 years,,MLE,Male,,,,,,,,10.5,10.51377,,,,,
2709,LIFE_0000000029,nMx - age-specific death rate between ages x and x+n,https://www.who.int/data/gho/indicator-metadata-registry/imr-details/29,,,,PUBLISHED,Published,,2013.0,2013,,AFR,2013,2013,Africa,,NGA,Nigeria,,AGE70-74,70-74 years,,MLE,Male,,,,,,,,0.084,0.08359,,,,,
2710,LIFE_0000000030,nqx - probability of dying between ages x and x+n,https://www.who.int/data/gho/indicator-metadata-registry/imr-details/30,,,,PUBLISHED,Published,,2013.0,2013,,AFR,2013,2013,Africa,,NGA,Nigeria,,AGE70-74,70-74 years,,MLE,Male,,,,,,,,0.346,0.34637,,,,,
2711,LIFE_0000000029,nMx - age-specific death rate between ages x and x+n,https://www.who.int/data/gho/indicator-metadata-registry/imr-details/29,,,,PUBLISHED,Published,,2013.0,2013,,AFR,2013,2013,Africa,,NGA,Nigeria,,AGE80-84,80-84 years,,MLE,Male,,,,,,,,0.216,0.21576,,,,,
2712,LIFE_0000000030,nqx - probability of dying between ages x and x+n,https://www.who.int/data/gho/indicator-metadata-registry/imr-details/30,,,,PUBLISHED,Published,,2013.0,2013,,AFR,2013,2013,Africa,,NGA,Nigeria,,AGE80-84,80-84 years,,MLE,Male,,,,,,,,0.676,0.67570,,,,,
2713,LIFE_0000000031,lx - number of people left alive at age x,https://www.who.int/data/gho/indicator-metadata-registry/imr-details/31,,,,PUBLISHED,Published,,2013.0,2013,,AFR,2013,2013,Africa,,NGA,Nigeria,,AGE80-84,80-84 years,,MLE,Male,,,,,,,,11176.06,11176.06000,,,,,
2714,LIFE_0000000032,ndx - number of people dying between ages x and x+n,https://www.who.int/data/gho/indicator-metadata-registry/imr-details/32,,,,PUBLISHED,Published,,2013.0,2013,,AFR,2013,2013,Africa,,NGA,Nigeria,,AGE80-84,80-84 years,,MLE,Male,,,,,,,,7551.67,7551.67000,,,,,
2715,LIFE_0000000032,ndx - number of people dying between ages x and x+n,https://www.who.int/data/gho/indicator-metadata-registry/imr-details/32,,,,PUBLISHED,Published,,2013.0,2013,,AFR,2013,2013,Africa,,NGA,Nigeria,,AGELT1,<1 year,,FMLE,Female,,,,,,,,6883.476,6883.47600,,,,,
2716,LIFE_0000000033,nLx - person-years lived between ages x and x+n,https://www.who.int/data/gho/indicator-metadata-registry/imr-details/33,,,,PUBLISHED,Published,,2013.0,2013,,AFR,2013,2013,Africa,,NGA,Nigeria,,AGELT1,<1 year,,FMLE,Female,,,,,,,,94932.46,94932.46000,,,,,
2717,LIFE_0000000034,Tx - person-years lived above age x,https://www.who.int/data/gho/indicator-metadata-registry/imr-details/34,,,,PUBLISHED,Published,,2013.0,2013,,AFR,2013,2013,Africa,,NGA,Nigeria,,AGELT1,<1 year,,FMLE,Female,,,,,,,,5420315,5420315.00000,,,,,
2718,LIFE_0000000035,ex - expectation of life at age x,https://www.who.int/data/gho/indicator-metadata-registry/imr-details/35,,,,PUBLISHED,Published,,2013.0,2013,,AFR,2013,2013,Africa,,NGA,Nigeria,,AGELT1,<1 year,,FMLE,Female,,,,,,,,54.2,54.20314,,,,,
2719,LIFE_0000000035,ex - expectation of life at age x,https://www.who.int/data/gho/indicator-metadata-registry/imr-details/35,,,,PUBLISHED,Published,,2013.0,2013,,AFR,2013,2013,Africa,,NGA,Nigeria,,AGE5-9,5-9 years,,FMLE,Female,,,,,,,,55.9,55.92891,,,,,
2720,LIFE_0000000029,nMx - age-specific death rate between ages x and x+n,https://www.who.int/data/gho/indicator-metadata-registry/imr-details/29,,,,PUBLISHED,Published,,2013.0,2013,,AFR,2013,2013,Africa,,NGA,Nigeria,,AGE10-14,10-14 years,,FMLE,Female,,,,,,,,0.002,0.00185,,,,,
2721,LIFE_0000000030,nqx - probability of dying between ages x and x+n,https://www.who.int/data/gho/indicator-metadata-registry/imr-details/30,,,,PUBLISHED,Published,,2013.0,2013,,AFR,2013,2013,Africa,,NGA,Nigeria,,AGE10-14,10-14 years,,FMLE,Female,,,,,,,,0.009,0.00919,,,,,
2722,LIFE_0000000031,lx - number of people left alive at age x,https://www.who.int/data/gho/indicator-metadata-registry/imr-details/31,,,,PUBLISHED,Published,,2013.0,2013,,AFR,2013,2013,Africa,,NGA,Nigeria,,AGE10-14,10-14 years,,FMLE,Female,,,,,,,,87098.51,87098.51000,,,,,
2723,LIFE_0000000030,nqx - probability of dying between ages x and x+n,https://www.who.int/data/gho/indicator-metadata-registry/imr-details/30,,,,PUBLISHED,Published,,2013.0,2013,,AFR,2013,2013,Africa,,NGA,Nigeria,,AGE20-24,20-24 years,,FMLE,Female,,,,,,,,0.027,0.02704,,,,,
2724,LIFE_0000000031,lx - number of people left alive at age x,https://www.who.int/data/gho/indicator-metadata-registry/imr-details/31,,,,PUBLISHED,Published,,2013.0,2013,,AFR,2013,2013,Africa,,NGA,Nigeria,,AGE20-24,20-24 years,,FMLE,Female,,,,,,,,84499.52,84499.52000,,,,,
2725,LIFE_0000000032,ndx - number of people dying between ages x and x+n,https://www.who.int/data/gho/indicator-metadata-registry/imr-details/32,,,,PUBLISHED,Published,,2013.0,2013,,AFR,2013,2013,Africa,,NGA,Nigeria,,AGE20-24,20-24 years,,FMLE,Female,,,,,,,,2285.009,2285.00900,,,,,
2726,LIFE_0000000033,nLx - person-years lived between ages x and x+n,https://www.who.int/data/gho/indicator-metadata-registry/imr-details/33,,,,PUBLISHED,Published,,2013.0,2013,,AFR,2013,2013,Africa,,NGA,Nigeria,,AGE20-24,20-24 years,,FMLE,Female,,,,,,,,416912.8,416912.80000,,,,,
2727,LIFE_0000000033,nLx - person-years lived between ages x and x+n,https://www.who.int/data/gho/indicator-metadata-registry/imr-details/33,,,,PUBLISHED,Published,,2013.0,2013,,AFR,2013,2013,Africa,,NGA,Nigeria,,AGE30-34,30-34 years,,FMLE,Female,,,,,,,,389094.9,389094.90000,,,,,
2728,LIFE_0000000034,Tx - person-years lived above age x,https://www.who.int/data/gho/indicator-metadata-registry/imr-details/34,,,,PUBLISHED,Published,,2013.0,2013,,AFR,2013,2013,Africa,,NGA,Nigeria,,AGE30-34,30-34 years,,FMLE,Female,,,,,,,,2842827,2842827.00000,,,,,
2729,LIFE_0000000035,ex - expectation of life at age x,https://www.who.int/data/gho/indicator-metadata-registry/imr-details/35,,,,PUBLISHED,Published,,2013.0,2013,,AFR,2013,2013,Africa,,NGA,Nigeria,,AGE30-34,30-34 years,,FMLE,Female,,,,,,,,35.8,35.79685,,,,,
2730,LIFE_0000000029,nMx - age-specific death rate between ages x and x+n,https://www.who.int/data/gho/indicator-metadata-registry/imr-details/29,,,,PUBLISHED,Published,,2013.0,2013,,AFR,2013,2013,Africa,,NGA,Nigeria,,AGE35-39,35-39 years,,FMLE,Female,,,,,,,,0.01,0.01012,,,,,
2731,LIFE_0000000029,nMx - age-specific death rate between ages x and x+n,https://www.who.int/data/gho/indicator-metadata-registry/imr-details/29,,,,PUBLISHED,Published,,2013.0,2013,,AFR,2013,2013,Africa,,NGA,Nigeria,,AGE45-49,45-49 years,,FMLE,Female,,,,,,,,0.011,0.01055,,,,,
2732,LIFE_0000000030,nqx - probability of dying between ages x and x+n,https://www.who.int/data/gho/indicator-metadata-registry/imr-details/30,,,,PUBLISHED,Published,,2013.0,2013,,AFR,2013,2013,Africa,,NGA,Nigeria,,AGE45-49,45-49 years,,FMLE,Female,,,,,,,,0.051,0.05144,,,,,
2733,LIFE_0000000031,lx - number of people left alive at age x,https://www.who.int/data/gho/indicator-metadata-registry/imr-details/31,,,,PUBLISHED,Published,,2013.0,2013,,AFR,2013,2013,Africa,,NGA,Nigeria,,AGE45-49,45-49 years,,FMLE,Female,,,,,,,,68805.63,68805.63000,,,,,
2734,LIFE_0000000032,ndx - number of people dying between ages x and x+n,https://www.who.int/data/gho/indicator-metadata-registry/imr-details/32,,,,PUBLISHED,Published,,2013.0,2013,,AFR,2013,2013,Africa,,NGA,Nigeria,,AGE45-49,45-49 years,,FMLE,Female,,,,,,,,3539.631,3539.63100,,,,,
2735,LIFE_0000000031,lx - number of people left alive at age x,https://www.who.int/data/gho/indicator-metadata-registry/imr-details/31,,,,PUBLISHED,Published,,2013.0,2013,,AFR,2013,2013,Africa,,NGA,Nigeria,,AGE55-59,55-59 years,,FMLE,Female,,,,,,,,61158.58,61158.58000,,,,,
2736,LIFE_0000000032,ndx - number of people dying between ages x and x+n,https://www.who.int/data/gho/indicator-metadata-registry/imr-details/32,,,,PUBLISHED,Published,,2013.0,2013,,AFR,2013,2013,Africa,,NGA,Nigeria,,AGE55-59,55-59 years,,FMLE,Female,,,,,,,,4982.997,4982.99700,,,,,
2737,LIFE_0000000033,nLx - person-years lived between ages x and x+n,https://www.who.int/data/gho/indicator-metadata-registry/imr-details/33,,,,PUBLISHED,Published,,2013.0,2013,,AFR,2013,2013,Africa,,NGA,Nigeria,,AGE55-59,55-59 years,,FMLE,Female,,,,,,,,294009.6,294009.60000,,,,,
2738,LIFE_0000000034,Tx - person-years lived above age x,https://www.who.int/data/gho/indicator-metadata-registry/imr-details/34,,,,PUBLISHED,Published,,2013.0,2013,,AFR,2013,2013,Africa,,NGA,Nigeria,,AGE55-59,55-59 years,,FMLE,Female,,,,,,,,1076962,1076962.00000,,,,,
2739,LIFE_0000000035,ex - expectation of life at age x,https://www.who.int/data/gho/indicator-metadata-registry/imr-details/35,,,,PUBLISHED,Published,,2013.0,2013,,AFR,2013,2013,Africa,,NGA,Nigeria,,AGE55-59,55-59 years,,FMLE,Female,,,,,,,,17.6,17.60934,,,,,
2740,LIFE_0000000034,Tx - person-years lived above age x,https://www.who.int/data/gho/indicator-metadata-registry/imr-details/34,,,,PUBLISHED,Published,,2013.0,2013,,AFR,2013,2013,Africa,,NGA,Nigeria,,AGE65-69,65-69 years,,FMLE,Female,,,,,,,,520757.6,520757.60000,,,,,
2741,LIFE_0000000035,ex - expectation of life at age x,https://www.who.int/data/gho/indicator-metadata-registry/imr-details/35,,,,PUBLISHED,Published,,2013.0,2013,,AFR,2013,2013,Africa,,NGA,Nigeria,,AGE65-69,65-69 years,,FMLE,Female,,,,,,,,10.8,10.78980,,,,,
2742,LIFE_0000000029,nMx - age-specific death rate between ages x and x+n,https://www.who.int/data/gho/indicator-metadata-registry/imr-details/29,,,,PUBLISHED,Published,,2013.0,2013,,AFR,2013,2013,Africa,,NGA,Nigeria,,AGE70-74,70-74 years,,FMLE,Female,,,,,,,,0.081,0.08056,,,,,
2743,LIFE_0000000030,nqx - probability of dying between ages x and x+n,https://www.who.int/data/gho/indicator-metadata-registry/imr-details/30,,,,PUBLISHED,Published,,2013.0,2013,,AFR,2013,2013,Africa,,NGA,Nigeria,,AGE70-74,70-74 years,,FMLE,Female,,,,,,,,0.336,0.33621,,,,,
2744,LIFE_0000000030,nqx - probability of dying between ages x and x+n,https://www.who.int/data/gho/indicator-metadata-registry/imr-details/30,,,,PUBLISHED,Published,,2013.0,2013,,AFR,2013,2013,Africa,,NGA,Nigeria,,AGE80-84,80-84 years,,FMLE,Female,,,,,,,,0.67,0.67035,,,,,
2745,LIFE_0000000031,lx - number of people left alive at age x,https://www.who.int/data/gho/indicator-metadata-registry/imr-details/31,,,,PUBLISHED,Published,,2013.0,2013,,AFR,2013,2013,Africa,,NGA,Nigeria,,AGE80-84,80-84 years,,FMLE,Female,,,,,,,,12750.88,12750.88000,,,,,
2746,LIFE_0000000032,ndx - number of people dying between ages x and x+n,https://www.who.int/data/gho/indicator-metadata-registry/imr-details/32,,,,PUBLISHED,Published,,2013.0,2013,,AFR,2013,2013,Africa,,NGA,Nigeria,,AGE80-84,80-84 years,,FMLE,Female,,,,,,,,8547.583,8547.58300,,,,,
2747,LIFE_0000000033,nLx - person-years lived between ages x and x+n,https://www.who.int/data/gho/indicator-metadata-registry/imr-details/33,,,,PUBLISHED,Published,,2013.0,2013,,AFR,2013,2013,Africa,,NGA,Nigeria,,AGE80-84,80-84 years,,FMLE,Female,,,,,,,,40164.64,40164.64000,,,,,
2748,LIFE_0000000033,nLx - person-years lived between ages x and x+n,https://www.who.int/data/gho/indicator-metadata-registry/imr-details/33,,,,PUBLISHED,Published,,2014.0,2014,,AFR,2014,2014,Africa,,NGA,Nigeria,,AGELT1,<1 year,,MLE,Male,,,,,,,,94391.88,94391.88000,,,,,
2749,LIFE_0000000034,Tx - person-years lived above age x,https://www.who.int/data/gho/indicator-metadata-registry/imr-details/34,,,,PUBLISHED,Published,,2014.0,2014,,AFR,2014,2014,Africa,,NGA,Nigeria,,AGELT1,<1 year,,MLE,Male,,,,,,,,5377731,5377731.00000,,,,,
2750,LIFE_0000000035,ex - expectation of life at age x,https://www.who.int/data/gho/indicator-metadata-registry/imr-details/35,,,,PUBLISHED,Published,,2014.0,2014,,AFR,2014,2014,Africa,,NGA,Nigeria,,AGELT1,<1 year,,MLE,Male,,,,,,,,53.8,53.77731,,,,,
2751,LIFE_0000000029,nMx - age-specific death rate between ages x and x+n,https://www.who.int/data/gho/indicator-metadata-registry/imr-details/29,,,,PUBLISHED,Published,,2014.0,2014,,AFR,2014,2014,Africa,,NGA,Nigeria,,AGE1-4,1-4 years,,MLE,Male,,,,,,,,0.011,0.01099,,,,,
2752,LIFE_0000000035,ex - expectation of life at age x,https://www.who.int/data/gho/indicator-metadata-registry/imr-details/35,,,,PUBLISHED,Published,,2014.0,2014,,AFR,2014,2014,Africa,,NGA,Nigeria,,AGE5-9,5-9 years,,MLE,Male,,,,,,,,55.7,55.65549,,,,,
2753,LIFE_0000000029,nMx - age-specific death rate between ages x and x+n,https://www.who.int/data/gho/indicator-metadata-registry/imr-details/29,,,,PUBLISHED,Published,,2014.0,2014,,AFR,2014,2014,Africa,,NGA,Nigeria,,AGE10-14,10-14 years,,MLE,Male,,,,,,,,0.001,0.00144,,,,,
2754,LIFE_0000000030,nqx - probability of dying between ages x and x+n,https://www.who.int/data/gho/indicator-metadata-registry/imr-details/30,,,,PUBLISHED,Published,,2014.0,2014,,AFR,2014,2014,Africa,,NGA,Nigeria,,AGE10-14,10-14 years,,MLE,Male,,,,,,,,0.007,0.00720,,,,,
2755,LIFE_0000000031,lx - number of people left alive at age x,https://www.who.int/data/gho/indicator-metadata-registry/imr-details/31,,,,PUBLISHED,Published,,2014.0,2014,,AFR,2014,2014,Africa,,NGA,Nigeria,,AGE10-14,10-14 years,,MLE,Male,,,,,,,,87234.69,87234.69000,,,,,
2756,LIFE_0000000031,lx - number of people left alive at age x,https://www.who.int/data/gho/indicator-metadata-registry/imr-details/31,,,,PUBLISHED,Published,,2014.0,2014,,AFR,2014,2014,Africa,,NGA,Nigeria,,AGE20-24,20-24 years,,MLE,Male,,,,,,,,85145.45,85145.45000,,,,,
2757,LIFE_0000000032,ndx - number of people dying between ages x and x+n,https://www.who.int/data/gho/indicator-metadata-registry/imr-details/32,,,,PUBLISHED,Published,,2014.0,2014,,AFR,2014,2014,Africa,,NGA,Nigeria,,AGE20-24,20-24 years,,MLE,Male,,,,,,,,2170.101,2170.10100,,,,,
2758,LIFE_0000000033,nLx - person-years lived between ages x and x+n,https://www.who.int/data/gho/indicator-metadata-registry/imr-details/33,,,,PUBLISHED,Published,,2014.0,2014,,AFR,2014,2014,Africa,,NGA,Nigeria,,AGE20-24,20-24 years,,MLE,Male,,,,,,,,420364.9,420364.90000,,,,,
2759,LIFE_0000000034,Tx - person-years lived above age x,https://www.who.int/data/gho/indicator-metadata-registry/imr-details/34,,,,PUBLISHED,Published,,2014.0,2014,,AFR,2014,2014,Africa,,NGA,Nigeria,,AGE20-24,20-24 years,,MLE,Male,,,,,,,,3620429,3620429.00000,,,,,
2760,LIFE_0000000034,Tx - person-years lived above age x,https://www.who.int/data/gho/indicator-metadata-registry/imr-details/34,,,,PUBLISHED,Published,,2014.0,2014,,AFR,2014,2014,Africa,,NGA,Nigeria,,AGE30-34,30-34 years,,MLE,Male,,,,,,,,2791229,2791229.00000,,,,,
2761,LIFE_0000000035,ex - expectation of life at age x,https://www.who.int/data/gho/indicator-metadata-registry/imr-details/35,,,,PUBLISHED,Published,,2014.0,2014,,AFR,2014,2014,Africa,,NGA,Nigeria,,AGE30-34,30-34 years,,MLE,Male,,,,,,,,34.7,34.65452,,,,,
2762,LIFE_0000000029,nMx - age-specific death rate between ages x and x+n,https://www.who.int/data/gho/indicator-metadata-registry/imr-details/29,,,,PUBLISHED,Published,,2014.0,2014,,AFR,2014,2014,Africa,,NGA,Nigeria,,AGE35-39,35-39 years,,MLE,Male,,,,,,,,0.01,0.00985,,,,,
2763,LIFE_0000000030,nqx - probability of dying between ages x and x+n,https://www.who.int/data/gho/indicator-metadata-registry/imr-details/30,,,,PUBLISHED,Published,,2014.0,2014,,AFR,2014,2014,Africa,,NGA,Nigeria,,AGE35-39,35-39 years,,MLE,Male,,,,,,,,0.048,0.04810,,,,,
2764,LIFE_0000000029,nMx - age-specific death rate between ages x and x+n,https://www.who.int/data/gho/indicator-metadata-registry/imr-details/29,,,,PUBLISHED,Published,,2014.0,2014,,AFR,2014,2014,Africa,,NGA,Nigeria,,AGE45-49,45-49 years,,MLE,Male,,,,,,,,0.014,0.01350,,,,,
2765,LIFE_0000000030,nqx - probability of dying between ages x and x+n,https://www.who.int/data/gho/indicator-metadata-registry/imr-details/30,,,,PUBLISHED,Published,,2014.0,2014,,AFR,2014,2014,Africa,,NGA,Nigeria,,AGE45-49,45-49 years,,MLE,Male,,,,,,,,0.065,0.06538,,,,,
2766,LIFE_0000000031,lx - number of people left alive at age x,https://www.who.int/data/gho/indicator-metadata-registry/imr-details/31,,,,PUBLISHED,Published,,2014.0,2014,,AFR,2014,2014,Africa,,NGA,Nigeria,,AGE45-49,45-49 years,,MLE,Male,,,,,,,,69612.74,69612.74000,,,,,
2767,LIFE_0000000032,ndx - number of people dying between ages x and x+n,https://www.who.int/data/gho/indicator-metadata-registry/imr-details/32,,,,PUBLISHED,Published,,2014.0,2014,,AFR,2014,2014,Africa,,NGA,Nigeria,,AGE45-49,45-49 years,,MLE,Male,,,,,,,,4551.255,4551.25500,,,,,
2768,LIFE_0000000033,nLx - person-years lived between ages x and x+n,https://www.who.int/data/gho/indicator-metadata-registry/imr-details/33,,,,PUBLISHED,Published,,2014.0,2014,,AFR,2014,2014,Africa,,NGA,Nigeria,,AGE45-49,45-49 years,,MLE,Male,,,,,,,,337025.4,337025.40000,,,,,
2769,LIFE_0000000032,ndx - number of people dying between ages x and x+n,https://www.who.int/data/gho/indicator-metadata-registry/imr-details/32,,,,PUBLISHED,Published,,2014.0,2014,,AFR,2014,2014,Africa,,NGA,Nigeria,,AGE55-59,55-59 years,,MLE,Male,,,,,,,,6213.747,6213.74700,,,,,
2770,LIFE_0000000033,nLx - person-years lived between ages x and x+n,https://www.who.int/data/gho/indicator-metadata-registry/imr-details/33,,,,PUBLISHED,Published,,2014.0,2014,,AFR,2014,2014,Africa,,NGA,Nigeria,,AGE55-59,55-59 years,,MLE,Male,,,,,,,,283959.2,283959.20000,,,,,
2771,LIFE_0000000034,Tx - person-years lived above age x,https://www.who.int/data/gho/indicator-metadata-registry/imr-details/34,,,,PUBLISHED,Published,,2014.0,2014,,AFR,2014,2014,Africa,,NGA,Nigeria,,AGE55-59,55-59 years,,MLE,Male,,,,,,,,1008890,1008890.00000,,,,,
2772,LIFE_0000000035,ex - expectation of life at age x,https://www.who.int/data/gho/indicator-metadata-registry/imr-details/35,,,,PUBLISHED,Published,,2014.0,2014,,AFR,2014,2014,Africa,,NGA,Nigeria,,AGE55-59,55-59 years,,MLE,Male,,,,,,,,16.9,16.88038,,,,,
2773,LIFE_0000000035,ex - expectation of life at age x,https://www.who.int/data/gho/indicator-metadata-registry/imr-details/35,,,,PUBLISHED,Published,,2014.0,2014,,AFR,2014,2014,Africa,,NGA,Nigeria,,AGE65-69,65-69 years,,MLE,Male,,,,,,,,10.6,10.56408,,,,,
2774,LIFE_0000000029,nMx - age-specific death rate between ages x and x+n,https://www.who.int/data/gho/indicator-metadata-registry/imr-details/29,,,,PUBLISHED,Published,,2014.0,2014,,AFR,2014,2014,Africa,,NGA,Nigeria,,AGE70-74,70-74 years,,MLE,Male,,,,,,,,0.083,0.08288,,,,,
2775,LIFE_0000000030,nqx - probability of dying between ages x and x+n,https://www.who.int/data/gho/indicator-metadata-registry/imr-details/30,,,,PUBLISHED,Published,,2014.0,2014,,AFR,2014,2014,Africa,,NGA,Nigeria,,AGE70-74,70-74 years,,MLE,Male,,,,,,,,0.344,0.34395,,,,,
2776,LIFE_0000000031,lx - number of people left alive at age x,https://www.who.int/data/gho/indicator-metadata-registry/imr-details/31,,,,PUBLISHED,Published,,2014.0,2014,,AFR,2014,2014,Africa,,NGA,Nigeria,,AGE70-74,70-74 years,,MLE,Male,,,,,,,,34884.27,34884.27000,,,,,
2777,LIFE_0000000030,nqx - probability of dying between ages x and x+n,https://www.who.int/data/gho/indicator-metadata-registry/imr-details/30,,,,PUBLISHED,Published,,2014.0,2014,,AFR,2014,2014,Africa,,NGA,Nigeria,,AGE80-84,80-84 years,,MLE,Male,,,,,,,,0.674,0.67417,,,,,
2778,LIFE_0000000031,lx - number of people left alive at age x,https://www.who.int/data/gho/indicator-metadata-registry/imr-details/31,,,,PUBLISHED,Published,,2014.0,2014,,AFR,2014,2014,Africa,,NGA,Nigeria,,AGE80-84,80-84 years,,MLE,Male,,,,,,,,11438.6,11438.60000,,,,,
2779,LIFE_0000000032,ndx - number of people dying between ages x and x+n,https://www.who.int/data/gho/indicator-metadata-registry/imr-details/32,,,,PUBLISHED,Published,,2014.0,2014,,AFR,2014,2014,Africa,,NGA,Nigeria,,AGE80-84,80-84 years,,MLE,Male,,,,,,,,7711.532,7711.53200,,,,,
2780,LIFE_0000000033,nLx - person-years lived between ages x and x+n,https://www.who.int/data/gho/indicator-metadata-registry/imr-details/33,,,,PUBLISHED,Published,,2014.0,2014,,AFR,2014,2014,Africa,,NGA,Nigeria,,AGE80-84,80-84 years,,MLE,Male,,,,,,,,35891.26,35891.26000,,,,,
2781,LIFE_0000000034,Tx - person-years lived above age x,https://www.who.int/data/gho/indicator-metadata-registry/imr-details/34,,,,PUBLISHED,Published,,2014.0,2014,,AFR,2014,2014,Africa,,NGA,Nigeria,,AGE80-84,80-84 years,,MLE,Male,,,,,,,,46631.17,46631.17000,,,,,
2782,LIFE_0000000033,nLx - person-years lived between ages x and x+n,https://www.who.int/data/gho/indicator-metadata-registry/imr-details/33,,,,PUBLISHED,Published,,2014.0,2014,,AFR,2014,2014,Africa,,NGA,Nigeria,,AGELT1,<1 year,,FMLE,Female,,,,,,,,95065.54,95065.54000,,,,,
2783,LIFE_0000000034,Tx - person-years lived above age x,https://www.who.int/data/gho/indicator-metadata-registry/imr-details/34,,,,PUBLISHED,Published,,2014.0,2014,,AFR,2014,2014,Africa,,NGA,Nigeria,,AGELT1,<1 year,,FMLE,Female,,,,,,,,5484783,5484783.00000,,,,,
2784,LIFE_0000000035,ex - expectation of life at age x,https://www.who.int/data/gho/indicator-metadata-registry/imr-details/35,,,,PUBLISHED,Published,,2014.0,2014,,AFR,2014,2014,Africa,,NGA,Nigeria,,AGELT1,<1 year,,FMLE,Female,,,,,,,,54.8,54.84782,,,,,
2785,LIFE_0000000029,nMx - age-specific death rate between ages x and x+n,https://www.who.int/data/gho/indicator-metadata-registry/imr-details/29,,,,PUBLISHED,Published,,2014.0,2014,,AFR,2014,2014,Africa,,NGA,Nigeria,,AGE1-4,1-4 years,,FMLE,Female,,,,,,,,0.012,0.01156,,,,,
2786,LIFE_0000000029,nMx - age-specific death rate between ages x and x+n,https://www.who.int/data/gho/indicator-metadata-registry/imr-details/29,,,,PUBLISHED,Published,,2014.0,2014,,AFR,2014,2014,Africa,,NGA,Nigeria,,AGE10-14,10-14 years,,FMLE,Female,,,,,,,,0.002,0.00181,,,,,
2787,LIFE_0000000030,nqx - probability of dying between ages x and x+n,https://www.who.int/data/gho/indicator-metadata-registry/imr-details/30,,,,PUBLISHED,Published,,2014.0,2014,,AFR,2014,2014,Africa,,NGA,Nigeria,,AGE10-14,10-14 years,,FMLE,Female,,,,,,,,0.009,0.00900,,,,,
2788,LIFE_0000000031,lx - number of people left alive at age x,https://www.who.int/data/gho/indicator-metadata-registry/imr-details/31,,,,PUBLISHED,Published,,2014.0,2014,,AFR,2014,2014,Africa,,NGA,Nigeria,,AGE10-14,10-14 years,,FMLE,Female,,,,,,,,87565.12,87565.12000,,,,,
2789,LIFE_0000000032,ndx - number of people dying between ages x and x+n,https://www.who.int/data/gho/indicator-metadata-registry/imr-details/32,,,,PUBLISHED,Published,,2014.0,2014,,AFR,2014,2014,Africa,,NGA,Nigeria,,AGE10-14,10-14 years,,FMLE,Female,,,,,,,,787.73,787.72960,,,,,
2790,LIFE_0000000032,ndx - number of people dying between ages x and x+n,https://www.who.int/data/gho/indicator-metadata-registry/imr-details/32,,,,PUBLISHED,Published,,2014.0,2014,,AFR,2014,2014,Africa,,NGA,Nigeria,,AGE20-24,20-24 years,,FMLE,Female,,,,,,,,2282.557,2282.55700,,,,,
2791,LIFE_0000000033,nLx - person-years lived between ages x and x+n,https://www.who.int/data/gho/indicator-metadata-registry/imr-details/33,,,,PUBLISHED,Published,,2014.0,2014,,AFR,2014,2014,Africa,,NGA,Nigeria,,AGE20-24,20-24 years,,FMLE,Female,,,,,,,,419293.4,419293.40000,,,,,
2792,LIFE_0000000034,Tx - person-years lived above age x,https://www.who.int/data/gho/indicator-metadata-registry/imr-details/34,,,,PUBLISHED,Published,,2014.0,2014,,AFR,2014,2014,Africa,,NGA,Nigeria,,AGE20-24,20-24 years,,FMLE,Female,,,,,,,,3719803,3719803.00000,,,,,
2793,LIFE_0000000035,ex - expectation of life at age x,https://www.who.int/data/gho/indicator-metadata-registry/imr-details/35,,,,PUBLISHED,Published,,2014.0,2014,,AFR,2014,2014,Africa,,NGA,Nigeria,,AGE20-24,20-24 years,,FMLE,Female,,,,,,,,43.8,43.77578,,,,,
2794,LIFE_0000000034,Tx - person-years lived above age x,https://www.who.int/data/gho/indicator-metadata-registry/imr-details/34,,,,PUBLISHED,Published,,2014.0,2014,,AFR,2014,2014,Africa,,NGA,Nigeria,,AGE30-34,30-34 years,,FMLE,Female,,,,,,,,2893771,2893771.00000,,,,,
2795,LIFE_0000000035,ex - expectation of life at age x,https://www.who.int/data/gho/indicator-metadata-registry/imr-details/35,,,,PUBLISHED,Published,,2014.0,2014,,AFR,2014,2014,Africa,,NGA,Nigeria,,AGE30-34,30-34 years,,FMLE,Female,,,,,,,,36.2,36.17637,,,,,
2796,LIFE_0000000029,nMx - age-specific death rate between ages x and x+n,https://www.who.int/data/gho/indicator-metadata-registry/imr-details/29,,,,PUBLISHED,Published,,2014.0,2014,,AFR,2014,2014,Africa,,NGA,Nigeria,,AGE35-39,35-39 years,,FMLE,Female,,,,,,,,0.009,0.00941,,,,,
2797,LIFE_0000000030,nqx - probability of dying between ages x and x+n,https://www.who.int/data/gho/indicator-metadata-registry/imr-details/30,,,,PUBLISHED,Published,,2014.0,2014,,AFR,2014,2014,Africa,,NGA,Nigeria,,AGE35-39,35-39 years,,FMLE,Female,,,,,,,,0.046,0.04597,,,,,
2798,LIFE_0000000031,lx - number of people left alive at age x,https://www.who.int/data/gho/indicator-metadata-registry/imr-details/31,,,,PUBLISHED,Published,,2014.0,2014,,AFR,2014,2014,Africa,,NGA,Nigeria,,AGE35-39,35-39 years,,FMLE,Female,,,,,,,,76979.8,76979.80000,,,,,
2799,LIFE_0000000030,nqx - probability of dying between ages x and x+n,https://www.who.int/data/gho/indicator-metadata-registry/imr-details/30,,,,PUBLISHED,Published,,2014.0,2014,,AFR,2014,2014,Africa,,NGA,Nigeria,,AGE45-49,45-49 years,,FMLE,Female,,,,,,,,0.05,0.04987,,,,,
2800,LIFE_0000000031,lx - number of people left alive at age x,https://www.who.int/data/gho/indicator-metadata-registry/imr-details/31,,,,PUBLISHED,Published,,2014.0,2014,,AFR,2014,2014,Africa,,NGA,Nigeria,,AGE45-49,45-49 years,,FMLE,Female,,,,,,,,69907.66,69907.66000,,,,,
2801,LIFE_0000000032,ndx - number of people dying between ages x and x+n,https://www.who.int/data/gho/indicator-metadata-registry/imr-details/32,,,,PUBLISHED,Published,,2014.0,2014,,AFR,2014,2014,Africa,,NGA,Nigeria,,AGE45-49,45-49 years,,FMLE,Female,,,,,,,,3486.303,3486.30300,,,,,
2802,LIFE_0000000033,nLx - person-years lived between ages x and x+n,https://www.who.int/data/gho/indicator-metadata-registry/imr-details/33,,,,PUBLISHED,Published,,2014.0,2014,,AFR,2014,2014,Africa,,NGA,Nigeria,,AGE45-49,45-49 years,,FMLE,Female,,,,,,,,341034.7,341034.70000,,,,,
2803,LIFE_0000000033,nLx - person-years lived between ages x and x+n,https://www.who.int/data/gho/indicator-metadata-registry/imr-details/33,,,,PUBLISHED,Published,,2014.0,2014,,AFR,2014,2014,Africa,,NGA,Nigeria,,AGE55-59,55-59 years,,FMLE,Female,,,,,,,,299802.6,299802.60000,,,,,
2804,LIFE_0000000034,Tx - person-years lived above age x,https://www.who.int/data/gho/indicator-metadata-registry/imr-details/34,,,,PUBLISHED,Published,,2014.0,2014,,AFR,2014,2014,Africa,,NGA,Nigeria,,AGE55-59,55-59 years,,FMLE,Female,,,,,,,,1103470,1103470.00000,,,,,
2805,LIFE_0000000035,ex - expectation of life at age x,https://www.who.int/data/gho/indicator-metadata-registry/imr-details/35,,,,PUBLISHED,Published,,2014.0,2014,,AFR,2014,2014,Africa,,NGA,Nigeria,,AGE55-59,55-59 years,,FMLE,Female,,,,,,,,17.7,17.70349,,,,,
2806,LIFE_0000000029,nMx - age-specific death rate between ages x and x+n,https://www.who.int/data/gho/indicator-metadata-registry/imr-details/29,,,,PUBLISHED,Published,,2014.0,2014,,AFR,2014,2014,Africa,,NGA,Nigeria,,AGE60-64,60-64 years,,FMLE,Female,,,,,,,,0.03,0.02969,,,,,
2807,LIFE_0000000035,ex - expectation of life at age x,https://www.who.int/data/gho/indicator-metadata-registry/imr-details/35,,,,PUBLISHED,Published,,2014.0,2014,,AFR,2014,2014,Africa,,NGA,Nigeria,,AGE65-69,65-69 years,,FMLE,Female,,,,,,,,10.9,10.85432,,,,,
2808,LIFE_0000000029,nMx - age-specific death rate between ages x and x+n,https://www.who.int/data/gho/indicator-metadata-registry/imr-details/29,,,,PUBLISHED,Published,,2014.0,2014,,AFR,2014,2014,Africa,,NGA,Nigeria,,AGE70-74,70-74 years,,FMLE,Female,,,,,,,,0.08,0.07967,,,,,
2809,LIFE_0000000030,nqx - probability of dying between ages x and x+n,https://www.who.int/data/gho/indicator-metadata-registry/imr-details/30,,,,PUBLISHED,Published,,2014.0,2014,,AFR,2014,2014,Africa,,NGA,Nigeria,,AGE70-74,70-74 years,,FMLE,Female,,,,,,,,0.333,0.33318,,,,,
2810,LIFE_0000000031,lx - number of people left alive at age x,https://www.who.int/data/gho/indicator-metadata-registry/imr-details/31,,,,PUBLISHED,Published,,2014.0,2014,,AFR,2014,2014,Africa,,NGA,Nigeria,,AGE70-74,70-74 years,,FMLE,Female,,,,,,,,38839.28,38839.28000,,,,,
2811,LIFE_0000000032,ndx - number of people dying between ages x and x+n,https://www.who.int/data/gho/indicator-metadata-registry/imr-details/32,,,,PUBLISHED,Published,,2014.0,2014,,AFR,2014,2014,Africa,,NGA,Nigeria,,AGE70-74,70-74 years,,FMLE,Female,,,,,,,,12940.28,12940.28000,,,,,
2812,LIFE_0000000031,lx - number of people left alive at age x,https://www.who.int/data/gho/indicator-metadata-registry/imr-details/31,,,,PUBLISHED,Published,,2014.0,2014,,AFR,2014,2014,Africa,,NGA,Nigeria,,AGE80-84,80-84 years,,FMLE,Female,,,,,,,,13223.38,13223.38000,,,,,
2813,LIFE_0000000032,ndx - number of people dying between ages x and x+n,https://www.who.int/data/gho/indicator-metadata-registry/imr-details/32,,,,PUBLISHED,Published,,2014.0,2014,,AFR,2014,2014,Africa,,NGA,Nigeria,,AGE80-84,80-84 years,,FMLE,Female,,,,,,,,8833.682,8833.68200,,,,,
2814,LIFE_0000000033,nLx - person-years lived between ages x and x+n,https://www.who.int/data/gho/indicator-metadata-registry/imr-details/33,,,,PUBLISHED,Published,,2014.0,2014,,AFR,2014,2014,Africa,,NGA,Nigeria,,AGE80-84,80-84 years,,FMLE,Female,,,,,,,,41770.47,41770.47000,,,,,
2815,LIFE_0000000034,Tx - person-years lived above age x,https://www.who.int/data/gho/indicator-metadata-registry/imr-details/34,,,,PUBLISHED,Published,,2014.0,2014,,AFR,2014,2014,Africa,,NGA,Nigeria,,AGE80-84,80-84 years,,FMLE,Female,,,,,,,,54846.8,54846.80000,,,,,
2816,LIFE_0000000034,Tx - person-years lived above age x,https://www.who.int/data/gho/indicator-metadata-registry/imr-details/34,,,,PUBLISHED,Published,,2015.0,2015,,AFR,2015,2015,Africa,,NGA,Nigeria,,AGELT1,<1 year,,MLE,Male,,,,,,,,5426228,5426228.00000,,,,,
2817,LIFE_0000000035,ex - expectation of life at age x,https://www.who.int/data/gho/indicator-metadata-registry/imr-details/35,,,,PUBLISHED,Published,,2015.0,2015,,AFR,2015,2015,Africa,,NGA,Nigeria,,AGELT1,<1 year,,MLE,Male,,,,,,,,54.3,54.26228,,,,,
2818,LIFE_0000000029,nMx - age-specific death rate between ages x and x+n,https://www.who.int/data/gho/indicator-metadata-registry/imr-details/29,,,,PUBLISHED,Published,,2015.0,2015,,AFR,2015,2015,Africa,,NGA,Nigeria,,AGE1-4,1-4 years,,MLE,Male,,,,,,,,0.011,0.01052,,,,,
2819,LIFE_0000000030,nqx - probability of dying between ages x and x+n,https://www.who.int/data/gho/indicator-metadata-registry/imr-details/30,,,,PUBLISHED,Published,,2015.0,2015,,AFR,2015,2015,Africa,,NGA,Nigeria,,AGE1-4,1-4 years,,MLE,Male,,,,,,,,0.041,0.04098,,,,,
2820,LIFE_0000000030,nqx - probability of dying between ages x and x+n,https://www.who.int/data/gho/indicator-metadata-registry/imr-details/30,,,,PUBLISHED,Published,,2015.0,2015,,AFR,2015,2015,Africa,,NGA,Nigeria,,AGE10-14,10-14 years,,MLE,Male,,,,,,,,0.007,0.00694,,,,,
2821,LIFE_0000000031,lx - number of people left alive at age x,https://www.who.int/data/gho/indicator-metadata-registry/imr-details/31,,,,PUBLISHED,Published,,2015.0,2015,,AFR,2015,2015,Africa,,NGA,Nigeria,,AGE10-14,10-14 years,,MLE,Male,,,,,,,,87663.66,87663.66000,,,,,
2822,LIFE_0000000032,ndx - number of people dying between ages x and x+n,https://www.who.int/data/gho/indicator-metadata-registry/imr-details/32,,,,PUBLISHED,Published,,2015.0,2015,,AFR,2015,2015,Africa,,NGA,Nigeria,,AGE10-14,10-14 years,,MLE,Male,,,,,,,,608.107,608.10710,,,,,
2823,LIFE_0000000033,nLx - person-years lived between ages x and x+n,https://www.who.int/data/gho/indicator-metadata-registry/imr-details/33,,,,PUBLISHED,Published,,2015.0,2015,,AFR,2015,2015,Africa,,NGA,Nigeria,,AGE10-14,10-14 years,,MLE,Male,,,,,,,,436798,436798.00000,,,,,
2824,LIFE_0000000032,ndx - number of people dying between ages x and x+n,https://www.who.int/data/gho/indicator-metadata-registry/imr-details/32,,,,PUBLISHED,Published,,2015.0,2015,,AFR,2015,2015,Africa,,NGA,Nigeria,,AGE20-24,20-24 years,,MLE,Male,,,,,,,,2159.05,2159.05000,,,,,
2825,LIFE_0000000033,nLx - person-years lived between ages x and x+n,https://www.who.int/data/gho/indicator-metadata-registry/imr-details/33,,,,PUBLISHED,Published,,2015.0,2015,,AFR,2015,2015,Africa,,NGA,Nigeria,,AGE20-24,20-24 years,,MLE,Male,,,,,,,,422667.5,422667.50000,,,,,
2826,LIFE_0000000034,Tx - person-years lived above age x,https://www.who.int/data/gho/indicator-metadata-registry/imr-details/34,,,,PUBLISHED,Published,,2015.0,2015,,AFR,2015,2015,Africa,,NGA,Nigeria,,AGE20-24,20-24 years,,MLE,Male,,,,,,,,3660934,3660934.00000,,,,,
2827,LIFE_0000000035,ex - expectation of life at age x,https://www.who.int/data/gho/indicator-metadata-registry/imr-details/35,,,,PUBLISHED,Published,,2015.0,2015,,AFR,2015,2015,Africa,,NGA,Nigeria,,AGE20-24,20-24 years,,MLE,Male,,,,,,,,42.8,42.76801,,,,,
2828,LIFE_0000000029,nMx - age-specific death rate between ages x and x+n,https://www.who.int/data/gho/indicator-metadata-registry/imr-details/29,,,,PUBLISHED,Published,,2015.0,2015,,AFR,2015,2015,Africa,,NGA,Nigeria,,AGE25-29,25-29 years,,MLE,Male,,,,,,,,0.006,0.00580,,,,,
2829,LIFE_0000000035,ex - expectation of life at age x,https://www.who.int/data/gho/indicator-metadata-registry/imr-details/35,,,,PUBLISHED,Published,,2015.0,2015,,AFR,2015,2015,Africa,,NGA,Nigeria,,AGE30-34,30-34 years,,MLE,Male,,,,,,,,34.9,34.87736,,,,,
2830,LIFE_0000000029,nMx - age-specific death rate between ages x and x+n,https://www.who.int/data/gho/indicator-metadata-registry/imr-details/29,,,,PUBLISHED,Published,,2015.0,2015,,AFR,2015,2015,Africa,,NGA,Nigeria,,AGE35-39,35-39 years,,MLE,Male,,,,,,,,0.01,0.00953,,,,,
2831,LIFE_0000000030,nqx - probability of dying between ages x and x+n,https://www.who.int/data/gho/indicator-metadata-registry/imr-details/30,,,,PUBLISHED,Published,,2015.0,2015,,AFR,2015,2015,Africa,,NGA,Nigeria,,AGE35-39,35-39 years,,MLE,Male,,,,,,,,0.047,0.04657,,,,,
2832,LIFE_0000000031,lx - number of people left alive at age x,https://www.who.int/data/gho/indicator-metadata-registry/imr-details/31,,,,PUBLISHED,Published,,2015.0,2015,,AFR,2015,2015,Africa,,NGA,Nigeria,,AGE35-39,35-39 years,,MLE,Male,,,,,,,,78140.76,78140.76000,,,,,
2833,LIFE_0000000031,lx - number of people left alive at age x,https://www.who.int/data/gho/indicator-metadata-registry/imr-details/31,,,,PUBLISHED,Published,,2015.0,2015,,AFR,2015,2015,Africa,,NGA,Nigeria,,AGE45-49,45-49 years,,MLE,Male,,,,,,,,70334,70334.00000,,,,,
2834,LIFE_0000000032,ndx - number of people dying between ages x and x+n,https://www.who.int/data/gho/indicator-metadata-registry/imr-details/32,,,,PUBLISHED,Published,,2015.0,2015,,AFR,2015,2015,Africa,,NGA,Nigeria,,AGE45-49,45-49 years,,MLE,Male,,,,,,,,4486.411,4486.41100,,,,,
2835,LIFE_0000000033,nLx - person-years lived between ages x and x+n,https://www.who.int/data/gho/indicator-metadata-registry/imr-details/33,,,,PUBLISHED,Published,,2015.0,2015,,AFR,2015,2015,Africa,,NGA,Nigeria,,AGE45-49,45-49 years,,MLE,Male,,,,,,,,340788.6,340788.60000,,,,,
2836,LIFE_0000000034,Tx - person-years lived above age x,https://www.who.int/data/gho/indicator-metadata-registry/imr-details/34,,,,PUBLISHED,Published,,2015.0,2015,,AFR,2015,2015,Africa,,NGA,Nigeria,,AGE45-49,45-49 years,,MLE,Male,,,,,,,,1684822,1684822.00000,,,,,
2837,LIFE_0000000033,nLx - person-years lived between ages x and x+n,https://www.who.int/data/gho/indicator-metadata-registry/imr-details/33,,,,PUBLISHED,Published,,2015.0,2015,,AFR,2015,2015,Africa,,NGA,Nigeria,,AGE55-59,55-59 years,,MLE,Male,,,,,,,,287959.7,287959.70000,,,,,
2838,LIFE_0000000034,Tx - person-years lived above age x,https://www.who.int/data/gho/indicator-metadata-registry/imr-details/34,,,,PUBLISHED,Published,,2015.0,2015,,AFR,2015,2015,Africa,,NGA,Nigeria,,AGE55-59,55-59 years,,MLE,Male,,,,,,,,1027489,1027489.00000,,,,,
2839,LIFE_0000000035,ex - expectation of life at age x,https://www.who.int/data/gho/indicator-metadata-registry/imr-details/35,,,,PUBLISHED,Published,,2015.0,2015,,AFR,2015,2015,Africa,,NGA,Nigeria,,AGE55-59,55-59 years,,MLE,Male,,,,,,,,17,16.96241,,,,,
2840,LIFE_0000000029,nMx - age-specific death rate between ages x and x+n,https://www.who.int/data/gho/indicator-metadata-registry/imr-details/29,,,,PUBLISHED,Published,,2015.0,2015,,AFR,2015,2015,Africa,,NGA,Nigeria,,AGE60-64,60-64 years,,MLE,Male,,,,,,,,0.033,0.03333,,,,,
2841,LIFE_0000000030,nqx - probability of dying between ages x and x+n,https://www.who.int/data/gho/indicator-metadata-registry/imr-details/30,,,,PUBLISHED,Published,,2015.0,2015,,AFR,2015,2015,Africa,,NGA,Nigeria,,AGE60-64,60-64 years,,MLE,Male,,,,,,,,0.154,0.15434,,,,,
2842,LIFE_0000000029,nMx - age-specific death rate between ages x and x+n,https://www.who.int/data/gho/indicator-metadata-registry/imr-details/29,,,,PUBLISHED,Published,,2015.0,2015,,AFR,2015,2015,Africa,,NGA,Nigeria,,AGE70-74,70-74 years,,MLE,Male,,,,,,,,0.082,0.08213,,,,,
2843,LIFE_0000000030,nqx - probability of dying between ages x and x+n,https://www.who.int/data/gho/indicator-metadata-registry/imr-details/30,,,,PUBLISHED,Published,,2015.0,2015,,AFR,2015,2015,Africa,,NGA,Nigeria,,AGE70-74,70-74 years,,MLE,Male,,,,,,,,0.341,0.34142,,,,,
2844,LIFE_0000000031,lx - number of people left alive at age x,https://www.who.int/data/gho/indicator-metadata-registry/imr-details/31,,,,PUBLISHED,Published,,2015.0,2015,,AFR,2015,2015,Africa,,NGA,Nigeria,,AGE70-74,70-74 years,,MLE,Male,,,,,,,,35593.46,35593.46000,,,,,
2845,LIFE_0000000032,ndx - number of people dying between ages x and x+n,https://www.who.int/data/gho/indicator-metadata-registry/imr-details/32,,,,PUBLISHED,Published,,2015.0,2015,,AFR,2015,2015,Africa,,NGA,Nigeria,,AGE70-74,70-74 years,,MLE,Male,,,,,,,,12152.34,12152.34000,,,,,
2846,LIFE_0000000032,ndx - number of people dying between ages x and x+n,https://www.who.int/data/gho/indicator-metadata-registry/imr-details/32,,,,PUBLISHED,Published,,2015.0,2015,,AFR,2015,2015,Africa,,NGA,Nigeria,,AGE80-84,80-84 years,,MLE,Male,,,,,,,,7916.775,7916.77500,,,,,
2847,LIFE_0000000033,nLx - person-years lived between ages x and x+n,https://www.who.int/data/gho/indicator-metadata-registry/imr-details/33,,,,PUBLISHED,Published,,2015.0,2015,,AFR,2015,2015,Africa,,NGA,Nigeria,,AGE80-84,80-84 years,,MLE,Male,,,,,,,,37001.18,37001.18000,,,,,
2848,LIFE_0000000034,Tx - person-years lived above age x,https://www.who.int/data/gho/indicator-metadata-registry/imr-details/34,,,,PUBLISHED,Published,,2015.0,2015,,AFR,2015,2015,Africa,,NGA,Nigeria,,AGE80-84,80-84 years,,MLE,Male,,,,,,,,48127.37,48127.37000,,,,,
2849,LIFE_0000000035,ex - expectation of life at age x,https://www.who.int/data/gho/indicator-metadata-registry/imr-details/35,,,,PUBLISHED,Published,,2015.0,2015,,AFR,2015,2015,Africa,,NGA,Nigeria,,AGE80-84,80-84 years,,MLE,Male,,,,,,,,4.1,4.08907,,,,,
2850,LIFE_0000000035,ex - expectation of life at age x,https://www.who.int/data/gho/indicator-metadata-registry/imr-details/35,,,,PUBLISHED,Published,,2015.0,2015,,AFR,2015,2015,Africa,,NGA,Nigeria,,AGELT1,<1 year,,FMLE,Female,,,,,,,,55.3,55.31094,,,,,
2851,LIFE_0000000029,nMx - age-specific death rate between ages x and x+n,https://www.who.int/data/gho/indicator-metadata-registry/imr-details/29,,,,PUBLISHED,Published,,2015.0,2015,,AFR,2015,2015,Africa,,NGA,Nigeria,,AGE1-4,1-4 years,,FMLE,Female,,,,,,,,0.011,0.01106,,,,,
2852,LIFE_0000000030,nqx - probability of dying between ages x and x+n,https://www.who.int/data/gho/indicator-metadata-registry/imr-details/30,,,,PUBLISHED,Published,,2015.0,2015,,AFR,2015,2015,Africa,,NGA,Nigeria,,AGE1-4,1-4 years,,FMLE,Female,,,,,,,,0.043,0.04302,,,,,
2853,LIFE_0000000031,lx - number of people left alive at age x,https://www.who.int/data/gho/indicator-metadata-registry/imr-details/31,,,,PUBLISHED,Published,,2015.0,2015,,AFR,2015,2015,Africa,,NGA,Nigeria,,AGE1-4,1-4 years,,FMLE,Female,,,,,,,,93564.76,93564.76000,,,,,
2854,LIFE_0000000030,nqx - probability of dying between ages x and x+n,https://www.who.int/data/gho/indicator-metadata-registry/imr-details/30,,,,PUBLISHED,Published,,2015.0,2015,,AFR,2015,2015,Africa,,NGA,Nigeria,,AGE10-14,10-14 years,,FMLE,Female,,,,,,,,0.009,0.00870,,,,,
2855,LIFE_0000000031,lx - number of people left alive at age x,https://www.who.int/data/gho/indicator-metadata-registry/imr-details/31,,,,PUBLISHED,Published,,2015.0,2015,,AFR,2015,2015,Africa,,NGA,Nigeria,,AGE10-14,10-14 years,,FMLE,Female,,,,,,,,87985.7,87985.70000,,,,,
2856,LIFE_0000000032,ndx - number of people dying between ages x and x+n,https://www.who.int/data/gho/indicator-metadata-registry/imr-details/32,,,,PUBLISHED,Published,,2015.0,2015,,AFR,2015,2015,Africa,,NGA,Nigeria,,AGE10-14,10-14 years,,FMLE,Female,,,,,,,,765.346,765.34580,,,,,
2857,LIFE_0000000033,nLx - person-years lived between ages x and x+n,https://www.who.int/data/gho/indicator-metadata-registry/imr-details/33,,,,PUBLISHED,Published,,2015.0,2015,,AFR,2015,2015,Africa,,NGA,Nigeria,,AGE10-14,10-14 years,,FMLE,Female,,,,,,,,438015.2,438015.20000,,,,,
2858,LIFE_0000000033,nLx - person-years lived between ages x and x+n,https://www.who.int/data/gho/indicator-metadata-registry/imr-details/33,,,,PUBLISHED,Published,,2015.0,2015,,AFR,2015,2015,Africa,,NGA,Nigeria,,AGE20-24,20-24 years,,FMLE,Female,,,,,,,,421549.4,421549.40000,,,,,
2859,LIFE_0000000034,Tx - person-years lived above age x,https://www.who.int/data/gho/indicator-metadata-registry/imr-details/34,,,,PUBLISHED,Published,,2015.0,2015,,AFR,2015,2015,Africa,,NGA,Nigeria,,AGE20-24,20-24 years,,FMLE,Female,,,,,,,,3758405,3758405.00000,,,,,
2860,LIFE_0000000035,ex - expectation of life at age x,https://www.who.int/data/gho/indicator-metadata-registry/imr-details/35,,,,PUBLISHED,Published,,2015.0,2015,,AFR,2015,2015,Africa,,NGA,Nigeria,,AGE20-24,20-24 years,,FMLE,Female,,,,,,,,44,43.99939,,,,,
2861,LIFE_0000000029,nMx - age-specific death rate between ages x and x+n,https://www.who.int/data/gho/indicator-metadata-registry/imr-details/29,,,,PUBLISHED,Published,,2015.0,2015,,AFR,2015,2015,Africa,,NGA,Nigeria,,AGE25-29,25-29 years,,FMLE,Female,,,,,,,,0.006,0.00650,,,,,
2862,LIFE_0000000029,nMx - age-specific death rate between ages x and x+n,https://www.who.int/data/gho/indicator-metadata-registry/imr-details/29,,,,PUBLISHED,Published,,2015.0,2015,,AFR,2015,2015,Africa,,NGA,Nigeria,,AGE35-39,35-39 years,,FMLE,Female,,,,,,,,0.009,0.00911,,,,,
2863,LIFE_0000000030,nqx - probability of dying between ages x and x+n,https://www.who.int/data/gho/indicator-metadata-registry/imr-details/30,,,,PUBLISHED,Published,,2015.0,2015,,AFR,2015,2015,Africa,,NGA,Nigeria,,AGE35-39,35-39 years,,FMLE,Female,,,,,,,,0.045,0.04452,,,,,
2864,LIFE_0000000031,lx - number of people left alive at age x,https://www.who.int/data/gho/indicator-metadata-registry/imr-details/31,,,,PUBLISHED,Published,,2015.0,2015,,AFR,2015,2015,Africa,,NGA,Nigeria,,AGE35-39,35-39 years,,FMLE,Female,,,,,,,,77561.43,77561.43000,,,,,
2865,LIFE_0000000032,ndx - number of people dying between ages x and x+n,https://www.who.int/data/gho/indicator-metadata-registry/imr-details/32,,,,PUBLISHED,Published,,2015.0,2015,,AFR,2015,2015,Africa,,NGA,Nigeria,,AGE35-39,35-39 years,,FMLE,Female,,,,,,,,3453.206,3453.20600,,,,,
2866,LIFE_0000000031,lx - number of people left alive at age x,https://www.who.int/data/gho/indicator-metadata-registry/imr-details/31,,,,PUBLISHED,Published,,2015.0,2015,,AFR,2015,2015,Africa,,NGA,Nigeria,,AGE45-49,45-49 years,,FMLE,Female,,,,,,,,70592.84,70592.84000,,,,,
2867,LIFE_0000000032,ndx - number of people dying between ages x and x+n,https://www.who.int/data/gho/indicator-metadata-registry/imr-details/32,,,,PUBLISHED,Published,,2015.0,2015,,AFR,2015,2015,Africa,,NGA,Nigeria,,AGE45-49,45-49 years,,FMLE,Female,,,,,,,,3466.978,3466.97800,,,,,
2868,LIFE_0000000033,nLx - person-years lived between ages x and x+n,https://www.who.int/data/gho/indicator-metadata-registry/imr-details/33,,,,PUBLISHED,Published,,2015.0,2015,,AFR,2015,2015,Africa,,NGA,Nigeria,,AGE45-49,45-49 years,,FMLE,Female,,,,,,,,344509.2,344509.20000,,,,,
2869,LIFE_0000000034,Tx - person-years lived above age x,https://www.who.int/data/gho/indicator-metadata-registry/imr-details/34,,,,PUBLISHED,Published,,2015.0,2015,,AFR,2015,2015,Africa,,NGA,Nigeria,,AGE45-49,45-49 years,,FMLE,Female,,,,,,,,1791555,1791555.00000,,,,,
2870,LIFE_0000000035,ex - expectation of life at age x,https://www.who.int/data/gho/indicator-metadata-registry/imr-details/35,,,,PUBLISHED,Published,,2015.0,2015,,AFR,2015,2015,Africa,,NGA,Nigeria,,AGE45-49,45-49 years,,FMLE,Female,,,,,,,,25.4,25.37871,,,,,
2871,LIFE_0000000034,Tx - person-years lived above age x,https://www.who.int/data/gho/indicator-metadata-registry/imr-details/34,,,,PUBLISHED,Published,,2015.0,2015,,AFR,2015,2015,Africa,,NGA,Nigeria,,AGE55-59,55-59 years,,FMLE,Female,,,,,,,,1121222,1121222.00000,,,,,
2872,LIFE_0000000035,ex - expectation of life at age x,https://www.who.int/data/gho/indicator-metadata-registry/imr-details/35,,,,PUBLISHED,Published,,2015.0,2015,,AFR,2015,2015,Africa,,NGA,Nigeria,,AGE55-59,55-59 years,,FMLE,Female,,,,,,,,17.8,17.78756,,,,,
2873,LIFE_0000000029,nMx - age-specific death rate between ages x and x+n,https://www.who.int/data/gho/indicator-metadata-registry/imr-details/29,,,,PUBLISHED,Published,,2015.0,2015,,AFR,2015,2015,Africa,,NGA,Nigeria,,AGE60-64,60-64 years,,FMLE,Female,,,,,,,,0.029,0.02925,,,,,
2874,LIFE_0000000030,nqx - probability of dying between ages x and x+n,https://www.who.int/data/gho/indicator-metadata-registry/imr-details/30,,,,PUBLISHED,Published,,2015.0,2015,,AFR,2015,2015,Africa,,NGA,Nigeria,,AGE60-64,60-64 years,,FMLE,Female,,,,,,,,0.137,0.13681,,,,,
2875,LIFE_0000000030,nqx - probability of dying between ages x and x+n,https://www.who.int/data/gho/indicator-metadata-registry/imr-details/30,,,,PUBLISHED,Published,,2015.0,2015,,AFR,2015,2015,Africa,,NGA,Nigeria,,AGE70-74,70-74 years,,FMLE,Female,,,,,,,,0.33,0.33014,,,,,
2876,LIFE_0000000031,lx - number of people left alive at age x,https://www.who.int/data/gho/indicator-metadata-registry/imr-details/31,,,,PUBLISHED,Published,,2015.0,2015,,AFR,2015,2015,Africa,,NGA,Nigeria,,AGE70-74,70-74 years,,FMLE,Female,,,,,,,,39514.04,39514.04000,,,,,
2877,LIFE_0000000032,ndx - number of people dying between ages x and x+n,https://www.who.int/data/gho/indicator-metadata-registry/imr-details/32,,,,PUBLISHED,Published,,2015.0,2015,,AFR,2015,2015,Africa,,NGA,Nigeria,,AGE70-74,70-74 years,,FMLE,Female,,,,,,,,13045.36,13045.36000,,,,,
2878,LIFE_0000000033,nLx - person-years lived between ages x and x+n,https://www.who.int/data/gho/indicator-metadata-registry/imr-details/33,,,,PUBLISHED,Published,,2015.0,2015,,AFR,2015,2015,Africa,,NGA,Nigeria,,AGE70-74,70-74 years,,FMLE,Female,,,,,,,,165578.3,165578.30000,,,,,
2879,LIFE_0000000033,nLx - person-years lived between ages x and x+n,https://www.who.int/data/gho/indicator-metadata-registry/imr-details/33,,,,PUBLISHED,Published,,2015.0,2015,,AFR,2015,2015,Africa,,NGA,Nigeria,,AGE80-84,80-84 years,,FMLE,Female,,,,,,,,43069.19,43069.19000,,,,,
2880,LIFE_0000000034,Tx - person-years lived above age x,https://www.who.int/data/gho/indicator-metadata-registry/imr-details/34,,,,PUBLISHED,Published,,2015.0,2015,,AFR,2015,2015,Africa,,NGA,Nigeria,,AGE80-84,80-84 years,,FMLE,Female,,,,,,,,56656.69,56656.69000,,,,,
2881,LIFE_0000000035,ex - expectation of life at age x,https://www.who.int/data/gho/indicator-metadata-registry/imr-details/35,,,,PUBLISHED,Published,,2015.0,2015,,AFR,2015,2015,Africa,,NGA,Nigeria,,AGE80-84,80-84 years,,FMLE,Female,,,,,,,,4.2,4.16732,,,,,
2882,LIFE_0000000029,nMx - age-specific death rate between ages x and x+n,https://www.who.int/data/gho/indicator-metadata-registry/imr-details/29,,,,PUBLISHED,Published,,2015.0,2015,,AFR,2015,2015,Africa,,NGA,Nigeria,,AGE85PLUS,85+ years,,FMLE,Female,,,,,,,,0.335,0.33453,,,,,
2883,LIFE_0000000035,ex - expectation of life at age x,https://www.who.int/data/gho/indicator-metadata-registry/imr-details/35,,,,PUBLISHED,Published,,2016.0,2016,,AFR,2016,2016,Africa,,NGA,Nigeria,,AGELT1,<1 year,,MLE,Male,,,,,,,,54.7,54.67828,,,,,
2884,LIFE_0000000029,nMx - age-specific death rate between ages x and x+n,https://www.who.int/data/gho/indicator-metadata-registry/imr-details/29,,,,PUBLISHED,Published,,2016.0,2016,,AFR,2016,2016,Africa,,NGA,Nigeria,,AGE1-4,1-4 years,,MLE,Male,,,,,,,,0.01,0.01004,,,,,
2885,LIFE_0000000030,nqx - probability of dying between ages x and x+n,https://www.who.int/data/gho/indicator-metadata-registry/imr-details/30,,,,PUBLISHED,Published,,2016.0,2016,,AFR,2016,2016,Africa,,NGA,Nigeria,,AGE1-4,1-4 years,,MLE,Male,,,,,,,,0.039,0.03914,,,,,
2886,LIFE_0000000031,lx - number of people left alive at age x,https://www.who.int/data/gho/indicator-metadata-registry/imr-details/31,,,,PUBLISHED,Published,,2016.0,2016,,AFR,2016,2016,Africa,,NGA,Nigeria,,AGE1-4,1-4 years,,MLE,Male,,,,,,,,92871.93,92871.93000,,,,,
2887,LIFE_0000000031,lx - number of people left alive at age x,https://www.who.int/data/gho/indicator-metadata-registry/imr-details/31,,,,PUBLISHED,Published,,2016.0,2016,,AFR,2016,2016,Africa,,NGA,Nigeria,,AGE10-14,10-14 years,,MLE,Male,,,,,,,,88086.45,88086.45000,,,,,
2888,LIFE_0000000032,ndx - number of people dying between ages x and x+n,https://www.who.int/data/gho/indicator-metadata-registry/imr-details/32,,,,PUBLISHED,Published,,2016.0,2016,,AFR,2016,2016,Africa,,NGA,Nigeria,,AGE10-14,10-14 years,,MLE,Male,,,,,,,,596.926,596.92570,,,,,
2889,LIFE_0000000033,nLx - person-years lived between ages x and x+n,https://www.who.int/data/gho/indicator-metadata-registry/imr-details/33,,,,PUBLISHED,Published,,2016.0,2016,,AFR,2016,2016,Africa,,NGA,Nigeria,,AGE10-14,10-14 years,,MLE,Male,,,,,,,,438939.9,438939.90000,,,,,
2890,LIFE_0000000034,Tx - person-years lived above age x,https://www.who.int/data/gho/indicator-metadata-registry/imr-details/34,,,,PUBLISHED,Published,,2016.0,2016,,AFR,2016,2016,Africa,,NGA,Nigeria,,AGE10-14,10-14 years,,MLE,Male,,,,,,,,4567717,4567717.00000,,,,,
2891,LIFE_0000000034,Tx - person-years lived above age x,https://www.who.int/data/gho/indicator-metadata-registry/imr-details/34,,,,PUBLISHED,Published,,2016.0,2016,,AFR,2016,2016,Africa,,NGA,Nigeria,,AGE20-24,20-24 years,,MLE,Male,,,,,,,,3694804,3694804.00000,,,,,
2892,LIFE_0000000035,ex - expectation of life at age x,https://www.who.int/data/gho/indicator-metadata-registry/imr-details/35,,,,PUBLISHED,Published,,2016.0,2016,,AFR,2016,2016,Africa,,NGA,Nigeria,,AGE20-24,20-24 years,,MLE,Male,,,,,,,,42.9,42.94522,,,,,
2893,LIFE_0000000029,nMx - age-specific death rate between ages x and x+n,https://www.who.int/data/gho/indicator-metadata-registry/imr-details/29,,,,PUBLISHED,Published,,2016.0,2016,,AFR,2016,2016,Africa,,NGA,Nigeria,,AGE25-29,25-29 years,,MLE,Male,,,,,,,,0.006,0.00569,,,,,
2894,LIFE_0000000030,nqx - probability of dying between ages x and x+n,https://www.who.int/data/gho/indicator-metadata-registry/imr-details/30,,,,PUBLISHED,Published,,2016.0,2016,,AFR,2016,2016,Africa,,NGA,Nigeria,,AGE25-29,25-29 years,,MLE,Male,,,,,,,,0.028,0.02806,,,,,
2895,LIFE_0000000029,nMx - age-specific death rate between ages x and x+n,https://www.who.int/data/gho/indicator-metadata-registry/imr-details/29,,,,PUBLISHED,Published,,2016.0,2016,,AFR,2016,2016,Africa,,NGA,Nigeria,,AGE35-39,35-39 years,,MLE,Male,,,,,,,,0.009,0.00930,,,,,
2896,LIFE_0000000030,nqx - probability of dying between ages x and x+n,https://www.who.int/data/gho/indicator-metadata-registry/imr-details/30,,,,PUBLISHED,Published,,2016.0,2016,,AFR,2016,2016,Africa,,NGA,Nigeria,,AGE35-39,35-39 years,,MLE,Male,,,,,,,,0.045,0.04544,,,,,
2897,LIFE_0000000031,lx - number of people left alive at age x,https://www.who.int/data/gho/indicator-metadata-registry/imr-details/31,,,,PUBLISHED,Published,,2016.0,2016,,AFR,2016,2016,Africa,,NGA,Nigeria,,AGE35-39,35-39 years,,MLE,Male,,,,,,,,78674.88,78674.88000,,,,,
2898,LIFE_0000000032,ndx - number of people dying between ages x and x+n,https://www.who.int/data/gho/indicator-metadata-registry/imr-details/32,,,,PUBLISHED,Published,,2016.0,2016,,AFR,2016,2016,Africa,,NGA,Nigeria,,AGE35-39,35-39 years,,MLE,Male,,,,,,,,3575.234,3575.23400,,,,,
2899,LIFE_0000000033,nLx - person-years lived between ages x and x+n,https://www.who.int/data/gho/indicator-metadata-registry/imr-details/33,,,,PUBLISHED,Published,,2016.0,2016,,AFR,2016,2016,Africa,,NGA,Nigeria,,AGE35-39,35-39 years,,MLE,Male,,,,,,,,384603.4,384603.40000,,,,,
2900,LIFE_0000000032,ndx - number of people dying between ages x and x+n,https://www.who.int/data/gho/indicator-metadata-registry/imr-details/32,,,,PUBLISHED,Published,,2016.0,2016,,AFR,2016,2016,Africa,,NGA,Nigeria,,AGE45-49,45-49 years,,MLE,Male,,,,,,,,4493.01,4493.01000,,,,,
2901,LIFE_0000000033,nLx - person-years lived between ages x and x+n,https://www.who.int/data/gho/indicator-metadata-registry/imr-details/33,,,,PUBLISHED,Published,,2016.0,2016,,AFR,2016,2016,Africa,,NGA,Nigeria,,AGE45-49,45-49 years,,MLE,Male,,,,,,,,344003.7,344003.70000,,,,,
2902,LIFE_0000000034,Tx - person-years lived above age x,https://www.who.int/data/gho/indicator-metadata-registry/imr-details/34,,,,PUBLISHED,Published,,2016.0,2016,,AFR,2016,2016,Africa,,NGA,Nigeria,,AGE45-49,45-49 years,,MLE,Male,,,,,,,,1705750,1705750.00000,,,,,
2903,LIFE_0000000035,ex - expectation of life at age x,https://www.who.int/data/gho/indicator-metadata-registry/imr-details/35,,,,PUBLISHED,Published,,2016.0,2016,,AFR,2016,2016,Africa,,NGA,Nigeria,,AGE45-49,45-49 years,,MLE,Male,,,,,,,,24,24.03132,,,,,
2904,LIFE_0000000035,ex - expectation of life at age x,https://www.who.int/data/gho/indicator-metadata-registry/imr-details/35,,,,PUBLISHED,Published,,2016.0,2016,,AFR,2016,2016,Africa,,NGA,Nigeria,,AGE55-59,55-59 years,,MLE,Male,,,,,,,,17,17.02622,,,,,
2905,LIFE_0000000029,nMx - age-specific death rate between ages x and x+n,https://www.who.int/data/gho/indicator-metadata-registry/imr-details/29,,,,PUBLISHED,Published,,2016.0,2016,,AFR,2016,2016,Africa,,NGA,Nigeria,,AGE60-64,60-64 years,,MLE,Male,,,,,,,,0.033,0.03296,,,,,
2906,LIFE_0000000030,nqx - probability of dying between ages x and x+n,https://www.who.int/data/gho/indicator-metadata-registry/imr-details/30,,,,PUBLISHED,Published,,2016.0,2016,,AFR,2016,2016,Africa,,NGA,Nigeria,,AGE60-64,60-64 years,,MLE,Male,,,,,,,,0.153,0.15275,,,,,
2907,LIFE_0000000031,lx - number of people left alive at age x,https://www.who.int/data/gho/indicator-metadata-registry/imr-details/31,,,,PUBLISHED,Published,,2016.0,2016,,AFR,2016,2016,Africa,,NGA,Nigeria,,AGE60-64,60-64 years,,MLE,Male,,,,,,,,54937.09,54937.09000,,,,,
2908,LIFE_0000000031,lx - number of people left alive at age x,https://www.who.int/data/gho/indicator-metadata-registry/imr-details/31,,,,PUBLISHED,Published,,2016.0,2016,,AFR,2016,2016,Africa,,NGA,Nigeria,,AGE70-74,70-74 years,,MLE,Male,,,,,,,,36142.82,36142.82000,,,,,
2909,LIFE_0000000032,ndx - number of people dying between ages x and x+n,https://www.who.int/data/gho/indicator-metadata-registry/imr-details/32,,,,PUBLISHED,Published,,2016.0,2016,,AFR,2016,2016,Africa,,NGA,Nigeria,,AGE70-74,70-74 years,,MLE,Male,,,,,,,,12257.12,12257.12000,,,,,
2910,LIFE_0000000033,nLx - person-years lived between ages x and x+n,https://www.who.int/data/gho/indicator-metadata-registry/imr-details/33,,,,PUBLISHED,Published,,2016.0,2016,,AFR,2016,2016,Africa,,NGA,Nigeria,,AGE70-74,70-74 years,,MLE,Male,,,,,,,,150485.4,150485.40000,,,,,
2911,LIFE_0000000034,Tx - person-years lived above age x,https://www.who.int/data/gho/indicator-metadata-registry/imr-details/34,,,,PUBLISHED,Published,,2016.0,2016,,AFR,2016,2016,Africa,,NGA,Nigeria,,AGE70-74,70-74 years,,MLE,Male,,,,,,,,288833.4,288833.40000,,,,,
2912,LIFE_0000000033,nLx - person-years lived between ages x and x+n,https://www.who.int/data/gho/indicator-metadata-registry/imr-details/33,,,,PUBLISHED,Published,,2016.0,2016,,AFR,2016,2016,Africa,,NGA,Nigeria,,AGE80-84,80-84 years,,MLE,Male,,,,,,,,37952.81,37952.81000,,,,,
2913,LIFE_0000000034,Tx - person-years lived above age x,https://www.who.int/data/gho/indicator-metadata-registry/imr-details/34,,,,PUBLISHED,Published,,2016.0,2016,,AFR,2016,2016,Africa,,NGA,Nigeria,,AGE80-84,80-84 years,,MLE,Male,,,,,,,,49428.71,49428.71000,,,,,
2914,LIFE_0000000035,ex - expectation of life at age x,https://www.who.int/data/gho/indicator-metadata-registry/imr-details/35,,,,PUBLISHED,Published,,2016.0,2016,,AFR,2016,2016,Africa,,NGA,Nigeria,,AGE80-84,80-84 years,,MLE,Male,,,,,,,,4.1,4.10308,,,,,
2915,LIFE_0000000029,nMx - age-specific death rate between ages x and x+n,https://www.who.int/data/gho/indicator-metadata-registry/imr-details/29,,,,PUBLISHED,Published,,2016.0,2016,,AFR,2016,2016,Africa,,NGA,Nigeria,,AGE85PLUS,85+ years,,MLE,Male,,,,,,,,0.346,0.34551,,,,,
2916,LIFE_0000000029,nMx - age-specific death rate between ages x and x+n,https://www.who.int/data/gho/indicator-metadata-registry/imr-details/29,,,,PUBLISHED,Published,,2016.0,2016,,AFR,2016,2016,Africa,,NGA,Nigeria,,AGE1-4,1-4 years,,FMLE,Female,,,,,,,,0.011,0.01051,,,,,
2917,LIFE_0000000030,nqx - probability of dying between ages x and x+n,https://www.who.int/data/gho/indicator-metadata-registry/imr-details/30,,,,PUBLISHED,Published,,2016.0,2016,,AFR,2016,2016,Africa,,NGA,Nigeria,,AGE1-4,1-4 years,,FMLE,Female,,,,,,,,0.041,0.04094,,,,,
2918,LIFE_0000000031,lx - number of people left alive at age x,https://www.who.int/data/gho/indicator-metadata-registry/imr-details/31,,,,PUBLISHED,Published,,2016.0,2016,,AFR,2016,2016,Africa,,NGA,Nigeria,,AGE1-4,1-4 years,,FMLE,Female,,,,,,,,93756.7,93756.70000,,,,,
2919,LIFE_0000000032,ndx - number of people dying between ages x and x+n,https://www.who.int/data/gho/indicator-metadata-registry/imr-details/32,,,,PUBLISHED,Published,,2016.0,2016,,AFR,2016,2016,Africa,,NGA,Nigeria,,AGE1-4,1-4 years,,FMLE,Female,,,,,,,,3838.518,3838.51800,,,,,
2920,LIFE_0000000032,ndx - number of people dying between ages x and x+n,https://www.who.int/data/gho/indicator-metadata-registry/imr-details/32,,,,PUBLISHED,Published,,2016.0,2016,,AFR,2016,2016,Africa,,NGA,Nigeria,,AGE10-14,10-14 years,,FMLE,Female,,,,,,,,752.601,752.60050,,,,,
2921,LIFE_0000000033,nLx - person-years lived between ages x and x+n,https://www.who.int/data/gho/indicator-metadata-registry/imr-details/33,,,,PUBLISHED,Published,,2016.0,2016,,AFR,2016,2016,Africa,,NGA,Nigeria,,AGE10-14,10-14 years,,FMLE,Female,,,,,,,,440259.6,440259.60000,,,,,
2922,LIFE_0000000034,Tx - person-years lived above age x,https://www.who.int/data/gho/indicator-metadata-registry/imr-details/34,,,,PUBLISHED,Published,,2016.0,2016,,AFR,2016,2016,Africa,,NGA,Nigeria,,AGE10-14,10-14 years,,FMLE,Female,,,,,,,,4664949,4664949.00000,,,,,
2923,LIFE_0000000035,ex - expectation of life at age x,https://www.who.int/data/gho/indicator-metadata-registry/imr-details/35,,,,PUBLISHED,Published,,2016.0,2016,,AFR,2016,2016,Africa,,NGA,Nigeria,,AGE10-14,10-14 years,,FMLE,Female,,,,,,,,52.8,52.75407,,,,,
2924,LIFE_0000000034,Tx - person-years lived above age x,https://www.who.int/data/gho/indicator-metadata-registry/imr-details/34,,,,PUBLISHED,Published,,2016.0,2016,,AFR,2016,2016,Africa,,NGA,Nigeria,,AGE20-24,20-24 years,,FMLE,Female,,,,,,,,3790570,3790570.00000,,,,,
2925,LIFE_0000000035,ex - expectation of life at age x,https://www.who.int/data/gho/indicator-metadata-registry/imr-details/35,,,,PUBLISHED,Published,,2016.0,2016,,AFR,2016,2016,Africa,,NGA,Nigeria,,AGE20-24,20-24 years,,FMLE,Female,,,,,,,,44.1,44.13972,,,,,
2926,LIFE_0000000029,nMx - age-specific death rate between ages x and x+n,https://www.who.int/data/gho/indicator-metadata-registry/imr-details/29,,,,PUBLISHED,Published,,2016.0,2016,,AFR,2016,2016,Africa,,NGA,Nigeria,,AGE25-29,25-29 years,,FMLE,Female,,,,,,,,0.006,0.00642,,,,,
2927,LIFE_0000000030,nqx - probability of dying between ages x and x+n,https://www.who.int/data/gho/indicator-metadata-registry/imr-details/30,,,,PUBLISHED,Published,,2016.0,2016,,AFR,2016,2016,Africa,,NGA,Nigeria,,AGE25-29,25-29 years,,FMLE,Female,,,,,,,,0.032,0.03159,,,,,
2928,LIFE_0000000031,lx - number of people left alive at age x,https://www.who.int/data/gho/indicator-metadata-registry/imr-details/31,,,,PUBLISHED,Published,,2016.0,2016,,AFR,2016,2016,Africa,,NGA,Nigeria,,AGE25-29,25-29 years,,FMLE,Female,,,,,,,,83610.1,83610.10000,,,,,
2929,LIFE_0000000030,nqx - probability of dying between ages x and x+n,https://www.who.int/data/gho/indicator-metadata-registry/imr-details/30,,,,PUBLISHED,Published,,2016.0,2016,,AFR,2016,2016,Africa,,NGA,Nigeria,,AGE35-39,35-39 years,,FMLE,Female,,,,,,,,0.044,0.04374,,,,,
2930,LIFE_0000000031,lx - number of people left alive at age x,https://www.who.int/data/gho/indicator-metadata-registry/imr-details/31,,,,PUBLISHED,Published,,2016.0,2016,,AFR,2016,2016,Africa,,NGA,Nigeria,,AGE35-39,35-39 years,,FMLE,Female,,,,,,,,78079.92,78079.92000,,,,,
2931,LIFE_0000000032,ndx - number of people dying between ages x and x+n,https://www.who.int/data/gho/indicator-metadata-registry/imr-details/32,,,,PUBLISHED,Published,,2016.0,2016,,AFR,2016,2016,Africa,,NGA,Nigeria,,AGE35-39,35-39 years,,FMLE,Female,,,,,,,,3415.601,3415.60100,,,,,
2932,LIFE_0000000033,nLx - person-years lived between ages x and x+n,https://www.who.int/data/gho/indicator-metadata-registry/imr-details/33,,,,PUBLISHED,Published,,2016.0,2016,,AFR,2016,2016,Africa,,NGA,Nigeria,,AGE35-39,35-39 years,,FMLE,Female,,,,,,,,381900.7,381900.70000,,,,,
2933,LIFE_0000000033,nLx - person-years lived between ages x and x+n,https://www.who.int/data/gho/indicator-metadata-registry/imr-details/33,,,,PUBLISHED,Published,,2016.0,2016,,AFR,2016,2016,Africa,,NGA,Nigeria,,AGE45-49,45-49 years,,FMLE,Female,,,,,,,,347273.4,347273.40000,,,,,
2934,LIFE_0000000034,Tx - person-years lived above age x,https://www.who.int/data/gho/indicator-metadata-registry/imr-details/34,,,,PUBLISHED,Published,,2016.0,2016,,AFR,2016,2016,Africa,,NGA,Nigeria,,AGE45-49,45-49 years,,FMLE,Female,,,,,,,,1811073,1811073.00000,,,,,
2935,LIFE_0000000035,ex - expectation of life at age x,https://www.who.int/data/gho/indicator-metadata-registry/imr-details/35,,,,PUBLISHED,Published,,2016.0,2016,,AFR,2016,2016,Africa,,NGA,Nigeria,,AGE45-49,45-49 years,,FMLE,Female,,,,,,,,25.5,25.45021,,,,,
2936,LIFE_0000000029,nMx - age-specific death rate between ages x and x+n,https://www.who.int/data/gho/indicator-metadata-registry/imr-details/29,,,,PUBLISHED,Published,,2016.0,2016,,AFR,2016,2016,Africa,,NGA,Nigeria,,AGE50-54,50-54 years,,FMLE,Female,,,,,,,,0.013,0.01251,,,,,
2937,LIFE_0000000029,nMx - age-specific death rate between ages x and x+n,https://www.who.int/data/gho/indicator-metadata-registry/imr-details/29,,,,PUBLISHED,Published,,2016.0,2016,,AFR,2016,2016,Africa,,NGA,Nigeria,,AGE60-64,60-64 years,,FMLE,Female,,,,,,,,0.029,0.02886,,,,,
2938,LIFE_0000000030,nqx - probability of dying between ages x and x+n,https://www.who.int/data/gho/indicator-metadata-registry/imr-details/30,,,,PUBLISHED,Published,,2016.0,2016,,AFR,2016,2016,Africa,,NGA,Nigeria,,AGE60-64,60-64 years,,FMLE,Female,,,,,,,,0.135,0.13510,,,,,
2939,LIFE_0000000031,lx - number of people left alive at age x,https://www.who.int/data/gho/indicator-metadata-registry/imr-details/31,,,,PUBLISHED,Published,,2016.0,2016,,AFR,2016,2016,Africa,,NGA,Nigeria,,AGE60-64,60-64 years,,FMLE,Female,,,,,,,,58497.53,58497.53000,,,,,
2940,LIFE_0000000032,ndx - number of people dying between ages x and x+n,https://www.who.int/data/gho/indicator-metadata-registry/imr-details/32,,,,PUBLISHED,Published,,2016.0,2016,,AFR,2016,2016,Africa,,NGA,Nigeria,,AGE60-64,60-64 years,,FMLE,Female,,,,,,,,7903.228,7903.22800,,,,,
2941,LIFE_0000000031,lx - number of people left alive at age x,https://www.who.int/data/gho/indicator-metadata-registry/imr-details/31,,,,PUBLISHED,Published,,2016.0,2016,,AFR,2016,2016,Africa,,NGA,Nigeria,,AGE70-74,70-74 years,,FMLE,Female,,,,,,,,40051.31,40051.31000,,,,,
2942,LIFE_0000000032,ndx - number of people dying between ages x and x+n,https://www.who.int/data/gho/indicator-metadata-registry/imr-details/32,,,,PUBLISHED,Published,,2016.0,2016,,AFR,2016,2016,Africa,,NGA,Nigeria,,AGE70-74,70-74 years,,FMLE,Female,,,,,,,,13101.75,13101.75000,,,,,
2943,LIFE_0000000033,nLx - person-years lived between ages x and x+n,https://www.who.int/data/gho/indicator-metadata-registry/imr-details/33,,,,PUBLISHED,Published,,2016.0,2016,,AFR,2016,2016,Africa,,NGA,Nigeria,,AGE70-74,70-74 years,,FMLE,Female,,,,,,,,168162.2,168162.20000,,,,,
2944,LIFE_0000000034,Tx - person-years lived above age x,https://www.who.int/data/gho/indicator-metadata-registry/imr-details/34,,,,PUBLISHED,Published,,2016.0,2016,,AFR,2016,2016,Africa,,NGA,Nigeria,,AGE70-74,70-74 years,,FMLE,Female,,,,,,,,327880.4,327880.40000,,,,,
2945,LIFE_0000000034,Tx - person-years lived above age x,https://www.who.int/data/gho/indicator-metadata-registry/imr-details/34,,,,PUBLISHED,Published,,2016.0,2016,,AFR,2016,2016,Africa,,NGA,Nigeria,,AGE80-84,80-84 years,,FMLE,Female,,,,,,,,58332.29,58332.29000,,,,,
2946,LIFE_0000000035,ex - expectation of life at age x,https://www.who.int/data/gho/indicator-metadata-registry/imr-details/35,,,,PUBLISHED,Published,,2016.0,2016,,AFR,2016,2016,Africa,,NGA,Nigeria,,AGE80-84,80-84 years,,FMLE,Female,,,,,,,,4.2,4.18827,,,,,
2947,LIFE_0000000029,nMx - age-specific death rate between ages x and x+n,https://www.who.int/data/gho/indicator-metadata-registry/imr-details/29,,,,PUBLISHED,Published,,2016.0,2016,,AFR,2016,2016,Africa,,NGA,Nigeria,,AGE85PLUS,85+ years,,FMLE,Female,,,,,,,,0.333,0.33329,,,,,
2948,LIFE_0000000030,nqx - probability of dying between ages x and x+n,https://www.who.int/data/gho/indicator-metadata-registry/imr-details/30,,,,PUBLISHED,Published,,2016.0,2016,,AFR,2016,2016,Africa,,NGA,Nigeria,,AGE85PLUS,85+ years,,FMLE,Female,,,,,,,,1,1.00000,,,,,
2949,WHOSIS_000004,Adult mortality rate (probability of dying between 15 and 60 years per 1000 population),https://www.who.int/data/gho/indicator-metadata-registry/imr-details/64,,,,PUBLISHED,Published,,2001.0,2001,,AFR,2001,2001,Africa,,NGA,Nigeria,,,,,BTSX,Both sexes,,,,,,,,411,411.48460,,,,,
2950,WHOSIS_000004,Adult mortality rate (probability of dying between 15 and 60 years per 1000 population),https://www.who.int/data/gho/indicator-metadata-registry/imr-details/64,,,,PUBLISHED,Published,,2002.0,2002,,AFR,2002,2002,Africa,,NGA,Nigeria,,,,,MLE,Male,,,,,,,,432,431.98940,,,,,
2951,WHOSIS_000004,Adult mortality rate (probability of dying between 15 and 60 years per 1000 population),https://www.who.int/data/gho/indicator-metadata-registry/imr-details/64,,,,PUBLISHED,Published,,2002.0,2002,,AFR,2002,2002,Africa,,NGA,Nigeria,,,,,FMLE,Female,,,,,,,,396,396.01530,,,,,
2952,WHOSIS_000004,Adult mortality rate (probability of dying between 15 and 60 years per 1000 population),https://www.who.int/data/gho/indicator-metadata-registry/imr-details/64,,,,PUBLISHED,Published,,2002.0,2002,,AFR,2002,2002,Africa,,NGA,Nigeria,,,,,BTSX,Both sexes,,,,,,,,414,413.91660,,,,,
2953,WHOSIS_000004,Adult mortality rate (probability of dying between 15 and 60 years per 1000 population),https://www.who.int/data/gho/indicator-metadata-registry/imr-details/64,,,,PUBLISHED,Published,,2007.0,2007,,AFR,2007,2007,Africa,,NGA,Nigeria,,,,,MLE,Male,,,,,,,,403,403.30060,,,,,
2954,WHOSIS_000004,Adult mortality rate (probability of dying between 15 and 60 years per 1000 population),https://www.who.int/data/gho/indicator-metadata-registry/imr-details/64,,,,PUBLISHED,Published,,2007.0,2007,,AFR,2007,2007,Africa,,NGA,Nigeria,,,,,FMLE,Female,,,,,,,,372,372.48350,,,,,
2955,WHOSIS_000004,Adult mortality rate (probability of dying between 15 and 60 years per 1000 population),https://www.who.int/data/gho/indicator-metadata-registry/imr-details/64,,,,PUBLISHED,Published,,2007.0,2007,,AFR,2007,2007,Africa,,NGA,Nigeria,,,,,BTSX,Both sexes,,,,,,,,388,387.63850,,,,,
2956,WHOSIS_000004,Adult mortality rate (probability of dying between 15 and 60 years per 1000 population),https://www.who.int/data/gho/indicator-metadata-registry/imr-details/64,,,,PUBLISHED,Published,,2008.0,2008,,AFR,2008,2008,Africa,,NGA,Nigeria,,,,,MLE,Male,,,,,,,,401,400.74910,,,,,
2957,WHOSIS_000004,Adult mortality rate (probability of dying between 15 and 60 years per 1000 population),https://www.who.int/data/gho/indicator-metadata-registry/imr-details/64,,,,PUBLISHED,Published,,2012.0,2012,,AFR,2012,2012,Africa,,NGA,Nigeria,,,,,BTSX,Both sexes,,,,,,,,373,373.07490,,,,,
2958,WHOSIS_000004,Adult mortality rate (probability of dying between 15 and 60 years per 1000 population),https://www.who.int/data/gho/indicator-metadata-registry/imr-details/64,,,,PUBLISHED,Published,,2013.0,2013,,AFR,2013,2013,Africa,,NGA,Nigeria,,,,,MLE,Male,,,,,,,,384,384.49420,,,,,
2959,WHOSIS_000004,Adult mortality rate (probability of dying between 15 and 60 years per 1000 population),https://www.who.int/data/gho/indicator-metadata-registry/imr-details/64,,,,PUBLISHED,Published,,2013.0,2013,,AFR,2013,2013,Africa,,NGA,Nigeria,,,,,FMLE,Female,,,,,,,,349,349.05220,,,,,
2960,WHOSIS_000004,Adult mortality rate (probability of dying between 15 and 60 years per 1000 population),https://www.who.int/data/gho/indicator-metadata-registry/imr-details/64,,,,PUBLISHED,Published,,2013.0,2013,,AFR,2013,2013,Africa,,NGA,Nigeria,,,,,BTSX,Both sexes,,,,,,,,367,366.65820,,,,,
2961,WHS2_131,Age-standardized NCD mortality rate  (per 100 000 population),https://www.who.int/data/gho/indicator-metadata-registry/imr-details/78,,,,PUBLISHED,Published,,2010.0,2010,,AFR,2010,2010,Africa,,NGA,Nigeria,,,,,MLE,Male,,GHE060,Noncommunicable diseases,,,,,806.7,806.72400,,,,,
2962,WHS2_131,Age-standardized NCD mortality rate  (per 100 000 population),https://www.who.int/data/gho/indicator-metadata-registry/imr-details/78,,,,PUBLISHED,Published,,2010.0,2010,,AFR,2010,2010,Africa,,NGA,Nigeria,,,,,FMLE,Female,,GHE060,Noncommunicable diseases,,,,,843.9,843.89820,,,,,
2963,WHS2_131,Age-standardized NCD mortality rate  (per 100 000 population),https://www.who.int/data/gho/indicator-metadata-registry/imr-details/78,,,,PUBLISHED,Published,,2010.0,2010,,AFR,2010,2010,Africa,,NGA,Nigeria,,,,,BTSX,Both sexes,,GHE060,Noncommunicable diseases,,,,,826.9,826.92560,,,,,
2964,WHS2_131,Age-standardized NCD mortality rate  (per 100 000 population),https://www.who.int/data/gho/indicator-metadata-registry/imr-details/78,,,,PUBLISHED,Published,,2015.0,2015,,AFR,2015,2015,Africa,,NGA,Nigeria,,,,,MLE,Male,,GHE060,Noncommunicable diseases,,,,,793.1,793.13970,,,,,
2965,MORT_100,Number of deaths,https://www.who.int/data/gho/indicator-metadata-registry/imr-details/3365,,,,PUBLISHED,Published,,2000.0,2000,,AFR,2000,2000,Africa,,NGA,Nigeria,,DAYS0-27,0-27 days,,,,,,,,CH2,HIV/AIDSHIV/AIDS,,219,219.30000,,,,,
2966,MORT_200,Deaths per 1 000 live births,https://www.who.int/data/gho/indicator-metadata-registry/imr-details/3366,,,,PUBLISHED,Published,,2000.0,2000,,AFR,2000,2000,Africa,,NGA,Nigeria,,DAYS0-27,0-27 days,,,,,,,,CH2,HIV/AIDSHIV/AIDS,,0,0.04145,,,,,
2967,MORT_300,Distribution of causes of death among children aged < 5 years (%),https://www.who.int/data/gho/indicator-metadata-registry/imr-details/89,,,,PUBLISHED,Published,,2000.0,2000,,AFR,2000,2000,Africa,,NGA,Nigeria,,MONTHS1-59,1-59 months,,,,,,,,CH3,Diarrhoeal diseasesDiarrhoeal diseases,,0.2,0.16331,,,,,
2968,MORT_100,Number of deaths,https://www.who.int/data/gho/indicator-metadata-registry/imr-details/3365,,,,PUBLISHED,Published,,2000.0,2000,,AFR,2000,2000,Africa,,NGA,Nigeria,,YEARS0-4,0-4 years,,,,,,,,CH3,Diarrhoeal diseasesDiarrhoeal diseases,,130119,130119.30000,,,,,
2969,MORT_200,Deaths per 1 000 live births,https://www.who.int/data/gho/indicator-metadata-registry/imr-details/3366,,,,PUBLISHED,Published,,2000.0,2000,,AFR,2000,2000,Africa,,NGA,Nigeria,,YEARS0-4,0-4 years,,,,,,,,CH3,Diarrhoeal diseasesDiarrhoeal diseases,,24.6,24.59553,,,,,
2970,MORT_300,Distribution of causes of death among children aged < 5 years (%),https://www.who.int/data/gho/indicator-metadata-registry/imr-details/89,,,,PUBLISHED,Published,,2000.0,2000,,AFR,2000,2000,Africa,,NGA,Nigeria,,YEARS0-4,0-4 years,,,,,,,,CH3,Diarrhoeal diseasesDiarrhoeal diseases,,0.1,0.12593,,,,,
2971,MORT_100,Number of deaths,https://www.who.int/data/gho/indicator-metadata-registry/imr-details/3365,,,,PUBLISHED,Published,,2000.0,2000,,AFR,2000,2000,Africa,,NGA,Nigeria,,DAYS0-27,0-27 days,,,,,,,,CH5,TetanusTetanus,,18227,18227.12000,,,,,
2972,MORT_200,Deaths per 1 000 live births,https://www.who.int/data/gho/indicator-metadata-registry/imr-details/3366,,,,PUBLISHED,Published,,2000.0,2000,,AFR,2000,2000,Africa,,NGA,Nigeria,,MONTHS1-59,1-59 months,,,,,,,,CH6,MeaslesMeasles,,29.5,29.47388,,,,,
2973,MORT_300,Distribution of causes of death among children aged < 5 years (%),https://www.who.int/data/gho/indicator-metadata-registry/imr-details/89,,,,PUBLISHED,Published,,2000.0,2000,,AFR,2000,2000,Africa,,NGA,Nigeria,,MONTHS1-59,1-59 months,,,,,,,,CH6,MeaslesMeasles,,0.2,0.20010,,,,,
2974,MORT_100,Number of deaths,https://www.who.int/data/gho/indicator-metadata-registry/imr-details/3365,,,,PUBLISHED,Published,,2000.0,2000,,AFR,2000,2000,Africa,,NGA,Nigeria,,YEARS0-4,0-4 years,,,,,,,,CH6,MeaslesMeasles,,155928,155927.50000,,,,,
2975,MORT_200,Deaths per 1 000 live births,https://www.who.int/data/gho/indicator-metadata-registry/imr-details/3366,,,,PUBLISHED,Published,,2000.0,2000,,AFR,2000,2000,Africa,,NGA,Nigeria,,YEARS0-4,0-4 years,,,,,,,,CH6,MeaslesMeasles,,29.5,29.47388,,,,,
2976,MORT_100,Number of deaths,https://www.who.int/data/gho/indicator-metadata-registry/imr-details/3365,,,,PUBLISHED,Published,,2000.0,2000,,AFR,2000,2000,Africa,,NGA,Nigeria,,MONTHS1-59,1-59 months,,,,,,,,CH8,MalariaMalaria,,188737,188736.90000,,,,,
2977,MORT_200,Deaths per 1 000 live births,https://www.who.int/data/gho/indicator-metadata-registry/imr-details/3366,,,,PUBLISHED,Published,,2000.0,2000,,AFR,2000,2000,Africa,,NGA,Nigeria,,MONTHS1-59,1-59 months,,,,,,,,CH8,MalariaMalaria,,35.7,35.67562,,,,,
2978,LIFE_0000000031,lx - number of people left alive at age x,https://www.who.int/data/gho/indicator-metadata-registry/imr-details/31,,,,PUBLISHED,Published,,2005.0,2005,,AFR,2005,2005,Africa,,NGA,Nigeria,,AGE10-14,10-14 years,,MLE,Male,,,,,,,,82053.54,82053.54000,,,,,
2979,LIFE_0000000031,lx - number of people left alive at age x,https://www.who.int/data/gho/indicator-metadata-registry/imr-details/31,,,,PUBLISHED,Published,,2005.0,2005,,AFR,2005,2005,Africa,,NGA,Nigeria,,AGE15-19,15-19  years,,MLE,Male,,,,,,,,81382.8,81382.80000,,,,,
2980,LIFE_0000000033,nLx - person-years lived between ages x and x+n,https://www.who.int/data/gho/indicator-metadata-registry/imr-details/33,,,,PUBLISHED,Published,,2005.0,2005,,AFR,2005,2005,Africa,,NGA,Nigeria,,AGE15-19,15-19  years,,MLE,Male,,,,,,,,403332.1,403332.10000,,,,,
2981,LIFE_0000000031,lx - number of people left alive at age x,https://www.who.int/data/gho/indicator-metadata-registry/imr-details/31,,,,PUBLISHED,Published,,2005.0,2005,,AFR,2005,2005,Africa,,NGA,Nigeria,,AGE20-24,20-24 years,,MLE,Male,,,,,,,,79896.27,79896.27000,,,,,
2982,LIFE_0000000033,nLx - person-years lived between ages x and x+n,https://www.who.int/data/gho/indicator-metadata-registry/imr-details/33,,,,PUBLISHED,Published,,2005.0,2005,,AFR,2005,2005,Africa,,NGA,Nigeria,,AGE20-24,20-24 years,,MLE,Male,,,,,,,,393707.5,393707.50000,,,,,
2983,LIFE_0000000033,nLx - person-years lived between ages x and x+n,https://www.who.int/data/gho/indicator-metadata-registry/imr-details/33,,,,PUBLISHED,Published,,2005.0,2005,,AFR,2005,2005,Africa,,NGA,Nigeria,,AGE25-29,25-29 years,,MLE,Male,,,,,,,,380768.5,380768.50000,,,,,
2984,LIFE_0000000035,ex - expectation of life at age x,https://www.who.int/data/gho/indicator-metadata-registry/imr-details/35,,,,PUBLISHED,Published,,2005.0,2005,,AFR,2005,2005,Africa,,NGA,Nigeria,,AGE25-29,25-29 years,,MLE,Male,,,,,,,,37,36.95193,,,,,
2985,LIFE_0000000035,ex - expectation of life at age x,https://www.who.int/data/gho/indicator-metadata-registry/imr-details/35,,,,PUBLISHED,Published,,2005.0,2005,,AFR,2005,2005,Africa,,NGA,Nigeria,,AGE30-34,30-34 years,,MLE,Male,,,,,,,,33.3,33.26109,,,,,
2986,LIFE_0000000030,nqx - probability of dying between ages x and x+n,https://www.who.int/data/gho/indicator-metadata-registry/imr-details/30,,,,PUBLISHED,Published,,2005.0,2005,,AFR,2005,2005,Africa,,NGA,Nigeria,,AGE35-39,35-39 years,,MLE,Male,,,,,,,,0.055,0.05494,,,,,
2987,LIFE_0000000035,ex - expectation of life at age x,https://www.who.int/data/gho/indicator-metadata-registry/imr-details/35,,,,PUBLISHED,Published,,2005.0,2005,,AFR,2005,2005,Africa,,NGA,Nigeria,,AGE35-39,35-39 years,,MLE,Male,,,,,,,,29.7,29.71890,,,,,
2988,LIFE_0000000030,nqx - probability of dying between ages x and x+n,https://www.who.int/data/gho/indicator-metadata-registry/imr-details/30,,,,PUBLISHED,Published,,2005.0,2005,,AFR,2005,2005,Africa,,NGA,Nigeria,,AGE40-44,40-44 years,,MLE,Male,,,,,,,,0.063,0.06350,,,,,
2989,LIFE_0000000030,nqx - probability of dying between ages x and x+n,https://www.who.int/data/gho/indicator-metadata-registry/imr-details/30,,,,PUBLISHED,Published,,2005.0,2005,,AFR,2005,2005,Africa,,NGA,Nigeria,,AGE45-49,45-49 years,,MLE,Male,,,,,,,,0.072,0.07240,,,,,
2990,LIFE_0000000032,ndx - number of people dying between ages x and x+n,https://www.who.int/data/gho/indicator-metadata-registry/imr-details/32,,,,PUBLISHED,Published,,2005.0,2005,,AFR,2005,2005,Africa,,NGA,Nigeria,,AGE45-49,45-49 years,,MLE,Male,,,,,,,,4571.583,4571.58300,,,,,
2991,LIFE_0000000032,ndx - number of people dying between ages x and x+n,https://www.who.int/data/gho/indicator-metadata-registry/imr-details/32,,,,PUBLISHED,Published,,2005.0,2005,,AFR,2005,2005,Africa,,NGA,Nigeria,,AGE50-54,50-54 years,,MLE,Male,,,,,,,,5257.687,5257.68700,,,,,
2992,LIFE_0000000034,Tx - person-years lived above age x,https://www.who.int/data/gho/indicator-metadata-registry/imr-details/34,,,,PUBLISHED,Published,,2005.0,2005,,AFR,2005,2005,Africa,,NGA,Nigeria,,AGE50-54,50-54 years,,MLE,Male,,,,,,,,1141886,1141886.00000,,,,,
2993,LIFE_0000000032,ndx - number of people dying between ages x and x+n,https://www.who.int/data/gho/indicator-metadata-registry/imr-details/32,,,,PUBLISHED,Published,,2005.0,2005,,AFR,2005,2005,Africa,,NGA,Nigeria,,AGE55-59,55-59 years,,MLE,Male,,,,,,,,6034.043,6034.04300,,,,,
2994,LIFE_0000000034,Tx - person-years lived above age x,https://www.who.int/data/gho/indicator-metadata-registry/imr-details/34,,,,PUBLISHED,Published,,2005.0,2005,,AFR,2005,2005,Africa,,NGA,Nigeria,,AGE55-59,55-59 years,,MLE,Male,,,,,,,,861707.8,861707.80000,,,,,
2995,LIFE_0000000034,Tx - person-years lived above age x,https://www.who.int/data/gho/indicator-metadata-registry/imr-details/34,,,,PUBLISHED,Published,,2005.0,2005,,AFR,2005,2005,Africa,,NGA,Nigeria,,AGE60-64,60-64 years,,MLE,Male,,,,,,,,609629.8,609629.80000,,,,,
2996,LIFE_0000000029,nMx - age-specific death rate between ages x and x+n,https://www.who.int/data/gho/indicator-metadata-registry/imr-details/29,,,,PUBLISHED,Published,,2005.0,2005,,AFR,2005,2005,Africa,,NGA,Nigeria,,AGE65-69,65-69 years,,MLE,Male,,,,,,,,0.057,0.05674,,,,,
2997,LIFE_0000000029,nMx - age-specific death rate between ages x and x+n,https://www.who.int/data/gho/indicator-metadata-registry/imr-details/29,,,,PUBLISHED,Published,,2005.0,2005,,AFR,2005,2005,Africa,,NGA,Nigeria,,AGE70-74,70-74 years,,MLE,Male,,,,,,,,0.09,0.09026,,,,,
2998,LIFE_0000000031,lx - number of people left alive at age x,https://www.who.int/data/gho/indicator-metadata-registry/imr-details/31,,,,PUBLISHED,Published,,2005.0,2005,,AFR,2005,2005,Africa,,NGA,Nigeria,,AGE70-74,70-74 years,,MLE,Male,,,,,,,,29320.35,29320.35000,,,,,
2999,LIFE_0000000029,nMx - age-specific death rate between ages x and x+n,https://www.who.int/data/gho/indicator-metadata-registry/imr-details/29,,,,PUBLISHED,Published,,2005.0,2005,,AFR,2005,2005,Africa,,NGA,Nigeria,,AGE75-79,75-79 years,,MLE,Male,,,,,,,,0.144,0.14431,,,,,
3000,LIFE_0000000031,lx - number of people left alive at age x,https://www.who.int/data/gho/indicator-metadata-registry/imr-details/31,,,,PUBLISHED,Published,,2005.0,2005,,AFR,2005,2005,Africa,,NGA,Nigeria,,AGE75-79,75-79 years,,MLE,Male,,,,,,,,18518.93,18518.93000,,,,,
3001,LIFE_0000000031,lx - number of people left alive at age x,https://www.who.int/data/gho/indicator-metadata-registry/imr-details/31,,,,PUBLISHED,Published,,2005.0,2005,,AFR,2005,2005,Africa,,NGA,Nigeria,,AGE80-84,80-84 years,,MLE,Male,,,,,,,,8810.771,8810.77100,,,,,
3002,LIFE_0000000033,nLx - person-years lived between ages x and x+n,https://www.who.int/data/gho/indicator-metadata-registry/imr-details/33,,,,PUBLISHED,Published,,2005.0,2005,,AFR,2005,2005,Africa,,NGA,Nigeria,,AGE80-84,80-84 years,,MLE,Male,,,,,,,,27001.14,27001.14000,,,,,
3003,LIFE_0000000033,nLx - person-years lived between ages x and x+n,https://www.who.int/data/gho/indicator-metadata-registry/imr-details/33,,,,PUBLISHED,Published,,2005.0,2005,,AFR,2005,2005,Africa,,NGA,Nigeria,,AGE85PLUS,85+ years,,MLE,Male,,,,,,,,7568.506,7568.50600,,,,,
3004,LIFE_0000000035,ex - expectation of life at age x,https://www.who.int/data/gho/indicator-metadata-registry/imr-details/35,,,,PUBLISHED,Published,,2005.0,2005,,AFR,2005,2005,Africa,,NGA,Nigeria,,AGE85PLUS,85+ years,,MLE,Male,,,,,,,,2.8,2.79957,,,,,
3005,LIFE_0000000033,nLx - person-years lived between ages x and x+n,https://www.who.int/data/gho/indicator-metadata-registry/imr-details/33,,,,PUBLISHED,Published,,2005.0,2005,,AFR,2005,2005,Africa,,NGA,Nigeria,,AGELT1,<1 year,,FMLE,Female,,,,,,,,93882.38,93882.38000,,,,,
3006,LIFE_0000000035,ex - expectation of life at age x,https://www.who.int/data/gho/indicator-metadata-registry/imr-details/35,,,,PUBLISHED,Published,,2005.0,2005,,AFR,2005,2005,Africa,,NGA,Nigeria,,AGELT1,<1 year,,FMLE,Female,,,,,,,,49.8,49.82880,,,,,
3007,LIFE_0000000035,ex - expectation of life at age x,https://www.who.int/data/gho/indicator-metadata-registry/imr-details/35,,,,PUBLISHED,Published,,2005.0,2005,,AFR,2005,2005,Africa,,NGA,Nigeria,,AGE1-4,1-4 years,,FMLE,Female,,,,,,,,53.8,53.78048,,,,,
3008,LIFE_0000000030,nqx - probability of dying between ages x and x+n,https://www.who.int/data/gho/indicator-metadata-registry/imr-details/30,,,,PUBLISHED,Published,,2005.0,2005,,AFR,2005,2005,Africa,,NGA,Nigeria,,AGE5-9,5-9 years,,FMLE,Female,,,,,,,,0.025,0.02485,,,,,
3009,LIFE_0000000030,nqx - probability of dying between ages x and x+n,https://www.who.int/data/gho/indicator-metadata-registry/imr-details/30,,,,PUBLISHED,Published,,2005.0,2005,,AFR,2005,2005,Africa,,NGA,Nigeria,,AGE10-14,10-14 years,,FMLE,Female,,,,,,,,0.011,0.01071,,,,,
3010,LIFE_0000000032,ndx - number of people dying between ages x and x+n,https://www.who.int/data/gho/indicator-metadata-registry/imr-details/32,,,,PUBLISHED,Published,,2005.0,2005,,AFR,2005,2005,Africa,,NGA,Nigeria,,AGE10-14,10-14 years,,FMLE,Female,,,,,,,,883.778,883.77830,,,,,
3011,LIFE_0000000030,nqx - probability of dying between ages x and x+n,https://www.who.int/data/gho/indicator-metadata-registry/imr-details/30,,,,PUBLISHED,Published,,2005.0,2005,,AFR,2005,2005,Africa,,NGA,Nigeria,,AGE15-19,15-19  years,,FMLE,Female,,,,,,,,0.023,0.02324,,,,,
3012,LIFE_0000000032,ndx - number of people dying between ages x and x+n,https://www.who.int/data/gho/indicator-metadata-registry/imr-details/32,,,,PUBLISHED,Published,,2005.0,2005,,AFR,2005,2005,Africa,,NGA,Nigeria,,AGE15-19,15-19  years,,FMLE,Female,,,,,,,,1896.828,1896.82800,,,,,
3013,LIFE_0000000032,ndx - number of people dying between ages x and x+n,https://www.who.int/data/gho/indicator-metadata-registry/imr-details/32,,,,PUBLISHED,Published,,2005.0,2005,,AFR,2005,2005,Africa,,NGA,Nigeria,,AGE20-24,20-24 years,,FMLE,Female,,,,,,,,2519.924,2519.92400,,,,,
3014,LIFE_0000000034,Tx - person-years lived above age x,https://www.who.int/data/gho/indicator-metadata-registry/imr-details/34,,,,PUBLISHED,Published,,2005.0,2005,,AFR,2005,2005,Africa,,NGA,Nigeria,,AGE20-24,20-24 years,,FMLE,Female,,,,,,,,3310261,3310261.00000,,,,,
3015,LIFE_0000000034,Tx - person-years lived above age x,https://www.who.int/data/gho/indicator-metadata-registry/imr-details/34,,,,PUBLISHED,Published,,2005.0,2005,,AFR,2005,2005,Africa,,NGA,Nigeria,,AGE25-29,25-29 years,,FMLE,Female,,,,,,,,2917823,2917823.00000,,,,,
3016,LIFE_0000000029,nMx - age-specific death rate between ages x and x+n,https://www.who.int/data/gho/indicator-metadata-registry/imr-details/29,,,,PUBLISHED,Published,,2005.0,2005,,AFR,2005,2005,Africa,,NGA,Nigeria,,AGE30-34,30-34 years,,FMLE,Female,,,,,,,,0.011,0.01056,,,,,
3017,LIFE_0000000034,Tx - person-years lived above age x,https://www.who.int/data/gho/indicator-metadata-registry/imr-details/34,,,,PUBLISHED,Published,,2005.0,2005,,AFR,2005,2005,Africa,,NGA,Nigeria,,AGE30-34,30-34 years,,FMLE,Female,,,,,,,,2540384,2540384.00000,,,,,
3018,LIFE_0000000029,nMx - age-specific death rate between ages x and x+n,https://www.who.int/data/gho/indicator-metadata-registry/imr-details/29,,,,PUBLISHED,Published,,2005.0,2005,,AFR,2005,2005,Africa,,NGA,Nigeria,,AGE35-39,35-39 years,,FMLE,Female,,,,,,,,0.011,0.01135,,,,,
3019,LIFE_0000000029,nMx - age-specific death rate between ages x and x+n,https://www.who.int/data/gho/indicator-metadata-registry/imr-details/29,,,,PUBLISHED,Published,,2005.0,2005,,AFR,2005,2005,Africa,,NGA,Nigeria,,AGE40-44,40-44 years,,FMLE,Female,,,,,,,,0.011,0.01114,,,,,
3020,LIFE_0000000031,lx - number of people left alive at age x,https://www.who.int/data/gho/indicator-metadata-registry/imr-details/31,,,,PUBLISHED,Published,,2005.0,2005,,AFR,2005,2005,Africa,,NGA,Nigeria,,AGE40-44,40-44 years,,FMLE,Female,,,,,,,,66102.72,66102.72000,,,,,
3021,LIFE_0000000031,lx - number of people left alive at age x,https://www.who.int/data/gho/indicator-metadata-registry/imr-details/31,,,,PUBLISHED,Published,,2005.0,2005,,AFR,2005,2005,Africa,,NGA,Nigeria,,AGE45-49,45-49 years,,FMLE,Female,,,,,,,,62521.44,62521.44000,,,,,
3022,LIFE_0000000033,nLx - person-years lived between ages x and x+n,https://www.who.int/data/gho/indicator-metadata-registry/imr-details/33,,,,PUBLISHED,Published,,2005.0,2005,,AFR,2005,2005,Africa,,NGA,Nigeria,,AGE45-49,45-49 years,,FMLE,Female,,,,,,,,304086.2,304086.20000,,,,,
3023,LIFE_0000000031,lx - number of people left alive at age x,https://www.who.int/data/gho/indicator-metadata-registry/imr-details/31,,,,PUBLISHED,Published,,2005.0,2005,,AFR,2005,2005,Africa,,NGA,Nigeria,,AGE50-54,50-54 years,,FMLE,Female,,,,,,,,59034.32,59034.32000,,,,,
3024,LIFE_0000000033,nLx - person-years lived between ages x and x+n,https://www.who.int/data/gho/indicator-metadata-registry/imr-details/33,,,,PUBLISHED,Published,,2005.0,2005,,AFR,2005,2005,Africa,,NGA,Nigeria,,AGE50-54,50-54 years,,FMLE,Female,,,,,,,,285429.6,285429.60000,,,,,
3025,LIFE_0000000035,ex - expectation of life at age x,https://www.who.int/data/gho/indicator-metadata-registry/imr-details/35,,,,PUBLISHED,Published,,2005.0,2005,,AFR,2005,2005,Africa,,NGA,Nigeria,,AGE50-54,50-54 years,,FMLE,Female,,,,,,,,20.6,20.58395,,,,,
3026,LIFE_0000000033,nLx - person-years lived between ages x and x+n,https://www.who.int/data/gho/indicator-metadata-registry/imr-details/33,,,,PUBLISHED,Published,,2005.0,2005,,AFR,2005,2005,Africa,,NGA,Nigeria,,AGE55-59,55-59 years,,FMLE,Female,,,,,,,,263365.3,263365.30000,,,,,
3027,LIFE_0000000035,ex - expectation of life at age x,https://www.who.int/data/gho/indicator-metadata-registry/imr-details/35,,,,PUBLISHED,Published,,2005.0,2005,,AFR,2005,2005,Africa,,NGA,Nigeria,,AGE55-59,55-59 years,,FMLE,Female,,,,,,,,16.9,16.91049,,,,,
3028,LIFE_0000000035,ex - expectation of life at age x,https://www.who.int/data/gho/indicator-metadata-registry/imr-details/35,,,,PUBLISHED,Published,,2005.0,2005,,AFR,2005,2005,Africa,,NGA,Nigeria,,AGE60-64,60-64 years,,FMLE,Female,,,,,,,,13.3,13.29639,,,,,
3029,LIFE_0000000030,nqx - probability of dying between ages x and x+n,https://www.who.int/data/gho/indicator-metadata-registry/imr-details/30,,,,PUBLISHED,Published,,2005.0,2005,,AFR,2005,2005,Africa,,NGA,Nigeria,,AGE65-69,65-69 years,,FMLE,Female,,,,,,,,0.236,0.23625,,,,,
3030,LIFE_0000000035,ex - expectation of life at age x,https://www.who.int/data/gho/indicator-metadata-registry/imr-details/35,,,,PUBLISHED,Published,,2005.0,2005,,AFR,2005,2005,Africa,,NGA,Nigeria,,AGE65-69,65-69 years,,FMLE,Female,,,,,,,,10.3,10.27380,,,,,
3031,LIFE_0000000030,nqx - probability of dying between ages x and x+n,https://www.who.int/data/gho/indicator-metadata-registry/imr-details/30,,,,PUBLISHED,Published,,2005.0,2005,,AFR,2005,2005,Africa,,NGA,Nigeria,,AGE70-74,70-74 years,,FMLE,Female,,,,,,,,0.361,0.36129,,,,,
3032,LIFE_0000000032,ndx - number of people dying between ages x and x+n,https://www.who.int/data/gho/indicator-metadata-registry/imr-details/32,,,,PUBLISHED,Published,,2005.0,2005,,AFR,2005,2005,Africa,,NGA,Nigeria,,AGE70-74,70-74 years,,FMLE,Female,,,,,,,,11666.46,11666.46000,,,,,
3033,LIFE_0000000030,nqx - probability of dying between ages x and x+n,https://www.who.int/data/gho/indicator-metadata-registry/imr-details/30,,,,PUBLISHED,Published,,2005.0,2005,,AFR,2005,2005,Africa,,NGA,Nigeria,,AGE75-79,75-79 years,,FMLE,Female,,,,,,,,0.519,0.51875,,,,,
3034,LIFE_0000000032,ndx - number of people dying between ages x and x+n,https://www.who.int/data/gho/indicator-metadata-registry/imr-details/32,,,,PUBLISHED,Published,,2005.0,2005,,AFR,2005,2005,Africa,,NGA,Nigeria,,AGE75-79,75-79 years,,FMLE,Female,,,,,,,,10698.91,10698.91000,,,,,
3035,LIFE_0000000032,ndx - number of people dying between ages x and x+n,https://www.who.int/data/gho/indicator-metadata-registry/imr-details/32,,,,PUBLISHED,Published,,2005.0,2005,,AFR,2005,2005,Africa,,NGA,Nigeria,,AGE80-84,80-84 years,,FMLE,Female,,,,,,,,6868.827,6868.82700,,,,,
3036,LIFE_0000000034,Tx - person-years lived above age x,https://www.who.int/data/gho/indicator-metadata-registry/imr-details/34,,,,PUBLISHED,Published,,2005.0,2005,,AFR,2005,2005,Africa,,NGA,Nigeria,,AGE80-84,80-84 years,,FMLE,Female,,,,,,,,39203.64,39203.64000,,,,,
3037,LIFE_0000000032,ndx - number of people dying between ages x and x+n,https://www.who.int/data/gho/indicator-metadata-registry/imr-details/32,,,,PUBLISHED,Published,,2005.0,2005,,AFR,2005,2005,Africa,,NGA,Nigeria,,AGE85PLUS,85+ years,,FMLE,Female,,,,,,,,3056.562,3056.56200,,,,,
3038,LIFE_0000000034,Tx - person-years lived above age x,https://www.who.int/data/gho/indicator-metadata-registry/imr-details/34,,,,PUBLISHED,Published,,2005.0,2005,,AFR,2005,2005,Africa,,NGA,Nigeria,,AGE85PLUS,85+ years,,FMLE,Female,,,,,,,,8758.9,8758.90000,,,,,
3039,LIFE_0000000029,nMx - age-specific death rate between ages x and x+n,https://www.who.int/data/gho/indicator-metadata-registry/imr-details/29,,,,PUBLISHED,Published,,2006.0,2006,,AFR,2006,2006,Africa,,NGA,Nigeria,,AGELT1,<1 year,,MLE,Male,,,,,,,,0.108,0.10771,,,,,
3040,LIFE_0000000034,Tx - person-years lived above age x,https://www.who.int/data/gho/indicator-metadata-registry/imr-details/34,,,,PUBLISHED,Published,,2006.0,2006,,AFR,2006,2006,Africa,,NGA,Nigeria,,AGELT1,<1 year,,MLE,Male,,,,,,,,4994127,4994127.00000,,,,,
3041,LIFE_0000000029,nMx - age-specific death rate between ages x and x+n,https://www.who.int/data/gho/indicator-metadata-registry/imr-details/29,,,,PUBLISHED,Published,,2006.0,2006,,AFR,2006,2006,Africa,,NGA,Nigeria,,AGE1-4,1-4 years,,MLE,Male,,,,,,,,0.016,0.01636,,,,,
3042,LIFE_0000000029,nMx - age-specific death rate between ages x and x+n,https://www.who.int/data/gho/indicator-metadata-registry/imr-details/29,,,,PUBLISHED,Published,,2006.0,2006,,AFR,2006,2006,Africa,,NGA,Nigeria,,AGE5-9,5-9 years,,MLE,Male,,,,,,,,0.004,0.00380,,,,,
3043,LIFE_0000000031,lx - number of people left alive at age x,https://www.who.int/data/gho/indicator-metadata-registry/imr-details/31,,,,PUBLISHED,Published,,2006.0,2006,,AFR,2006,2006,Africa,,NGA,Nigeria,,AGE5-9,5-9 years,,MLE,Male,,,,,,,,84319.8,84319.80000,,,,,
3044,LIFE_0000000031,lx - number of people left alive at age x,https://www.who.int/data/gho/indicator-metadata-registry/imr-details/31,,,,PUBLISHED,Published,,2006.0,2006,,AFR,2006,2006,Africa,,NGA,Nigeria,,AGE10-14,10-14 years,,MLE,Male,,,,,,,,82732.83,82732.83000,,,,,
3045,LIFE_0000000033,nLx - person-years lived between ages x and x+n,https://www.who.int/data/gho/indicator-metadata-registry/imr-details/33,,,,PUBLISHED,Published,,2006.0,2006,,AFR,2006,2006,Africa,,NGA,Nigeria,,AGE10-14,10-14 years,,MLE,Male,,,,,,,,412001.5,412001.50000,,,,,
3046,LIFE_0000000031,lx - number of people left alive at age x,https://www.who.int/data/gho/indicator-metadata-registry/imr-details/31,,,,PUBLISHED,Published,,2006.0,2006,,AFR,2006,2006,Africa,,NGA,Nigeria,,AGE15-19,15-19  years,,MLE,Male,,,,,,,,82067.79,82067.79000,,,,,
3047,LIFE_0000000033,nLx - person-years lived between ages x and x+n,https://www.who.int/data/gho/indicator-metadata-registry/imr-details/33,,,,PUBLISHED,Published,,2006.0,2006,,AFR,2006,2006,Africa,,NGA,Nigeria,,AGE15-19,15-19  years,,MLE,Male,,,,,,,,406908.4,406908.40000,,,,,
3048,LIFE_0000000033,nLx - person-years lived between ages x and x+n,https://www.who.int/data/gho/indicator-metadata-registry/imr-details/33,,,,PUBLISHED,Published,,2006.0,2006,,AFR,2006,2006,Africa,,NGA,Nigeria,,AGE20-24,20-24 years,,MLE,Male,,,,,,,,397716.3,397716.30000,,,,,
3049,LIFE_0000000035,ex - expectation of life at age x,https://www.who.int/data/gho/indicator-metadata-registry/imr-details/35,,,,PUBLISHED,Published,,2006.0,2006,,AFR,2006,2006,Africa,,NGA,Nigeria,,AGE20-24,20-24 years,,MLE,Male,,,,,,,,41.2,41.16135,,,,,
3050,LIFE_0000000035,ex - expectation of life at age x,https://www.who.int/data/gho/indicator-metadata-registry/imr-details/35,,,,PUBLISHED,Published,,2006.0,2006,,AFR,2006,2006,Africa,,NGA,Nigeria,,AGE25-29,25-29 years,,MLE,Male,,,,,,,,37.3,37.25443,,,,,
3051,LIFE_0000000030,nqx - probability of dying between ages x and x+n,https://www.who.int/data/gho/indicator-metadata-registry/imr-details/30,,,,PUBLISHED,Published,,2006.0,2006,,AFR,2006,2006,Africa,,NGA,Nigeria,,AGE30-34,30-34 years,,MLE,Male,,,,,,,,0.044,0.04379,,,,,
3052,LIFE_0000000035,ex - expectation of life at age x,https://www.who.int/data/gho/indicator-metadata-registry/imr-details/35,,,,PUBLISHED,Published,,2006.0,2006,,AFR,2006,2006,Africa,,NGA,Nigeria,,AGE30-34,30-34 years,,MLE,Male,,,,,,,,33.5,33.51473,,,,,
3053,LIFE_0000000030,nqx - probability of dying between ages x and x+n,https://www.who.int/data/gho/indicator-metadata-registry/imr-details/30,,,,PUBLISHED,Published,,2006.0,2006,,AFR,2006,2006,Africa,,NGA,Nigeria,,AGE35-39,35-39 years,,MLE,Male,,,,,,,,0.054,0.05413,,,,,
3054,LIFE_0000000030,nqx - probability of dying between ages x and x+n,https://www.who.int/data/gho/indicator-metadata-registry/imr-details/30,,,,PUBLISHED,Published,,2006.0,2006,,AFR,2006,2006,Africa,,NGA,Nigeria,,AGE40-44,40-44 years,,MLE,Male,,,,,,,,0.062,0.06237,,,,,
3055,LIFE_0000000032,ndx - number of people dying between ages x and x+n,https://www.who.int/data/gho/indicator-metadata-registry/imr-details/32,,,,PUBLISHED,Published,,2006.0,2006,,AFR,2006,2006,Africa,,NGA,Nigeria,,AGE40-44,40-44 years,,MLE,Male,,,,,,,,4269.428,4269.42800,,,,,
3056,LIFE_0000000032,ndx - number of people dying between ages x and x+n,https://www.who.int/data/gho/indicator-metadata-registry/imr-details/32,,,,PUBLISHED,Published,,2006.0,2006,,AFR,2006,2006,Africa,,NGA,Nigeria,,AGE45-49,45-49 years,,MLE,Male,,,,,,,,4558.4,4558.40000,,,,,
3057,LIFE_0000000034,Tx - person-years lived above age x,https://www.who.int/data/gho/indicator-metadata-registry/imr-details/34,,,,PUBLISHED,Published,,2006.0,2006,,AFR,2006,2006,Africa,,NGA,Nigeria,,AGE45-49,45-49 years,,MLE,Male,,,,,,,,1482175,1482175.00000,,,,,
3058,LIFE_0000000032,ndx - number of people dying between ages x and x+n,https://www.who.int/data/gho/indicator-metadata-registry/imr-details/32,,,,PUBLISHED,Published,,2006.0,2006,,AFR,2006,2006,Africa,,NGA,Nigeria,,AGE50-54,50-54 years,,MLE,Male,,,,,,,,5251.478,5251.47800,,,,,
3059,LIFE_0000000034,Tx - person-years lived above age x,https://www.who.int/data/gho/indicator-metadata-registry/imr-details/34,,,,PUBLISHED,Published,,2006.0,2006,,AFR,2006,2006,Africa,,NGA,Nigeria,,AGE50-54,50-54 years,,MLE,Male,,,,,,,,1172333,1172333.00000,,,,,
3060,LIFE_0000000034,Tx - person-years lived above age x,https://www.who.int/data/gho/indicator-metadata-registry/imr-details/34,,,,PUBLISHED,Published,,2006.0,2006,,AFR,2006,2006,Africa,,NGA,Nigeria,,AGE55-59,55-59 years,,MLE,Male,,,,,,,,886887.8,886887.80000,,,,,
3061,LIFE_0000000029,nMx - age-specific death rate between ages x and x+n,https://www.who.int/data/gho/indicator-metadata-registry/imr-details/29,,,,PUBLISHED,Published,,2006.0,2006,,AFR,2006,2006,Africa,,NGA,Nigeria,,AGE60-64,60-64 years,,MLE,Male,,,,,,,,0.037,0.03722,,,,,
3062,LIFE_0000000029,nMx - age-specific death rate between ages x and x+n,https://www.who.int/data/gho/indicator-metadata-registry/imr-details/29,,,,PUBLISHED,Published,,2006.0,2006,,AFR,2006,2006,Africa,,NGA,Nigeria,,AGE65-69,65-69 years,,MLE,Male,,,,,,,,0.056,0.05563,,,,,
3063,LIFE_0000000031,lx - number of people left alive at age x,https://www.who.int/data/gho/indicator-metadata-registry/imr-details/31,,,,PUBLISHED,Published,,2006.0,2006,,AFR,2006,2006,Africa,,NGA,Nigeria,,AGE65-69,65-69 years,,MLE,Male,,,,,,,,40085.22,40085.22000,,,,,
3064,LIFE_0000000029,nMx - age-specific death rate between ages x and x+n,https://www.who.int/data/gho/indicator-metadata-registry/imr-details/29,,,,PUBLISHED,Published,,2006.0,2006,,AFR,2006,2006,Africa,,NGA,Nigeria,,AGE70-74,70-74 years,,MLE,Male,,,,,,,,0.089,0.08863,,,,,
3065,LIFE_0000000031,lx - number of people left alive at age x,https://www.who.int/data/gho/indicator-metadata-registry/imr-details/31,,,,PUBLISHED,Published,,2006.0,2006,,AFR,2006,2006,Africa,,NGA,Nigeria,,AGE70-74,70-74 years,,MLE,Male,,,,,,,,30264.98,30264.98000,,,,,
3066,LIFE_0000000031,lx - number of people left alive at age x,https://www.who.int/data/gho/indicator-metadata-registry/imr-details/31,,,,PUBLISHED,Published,,2006.0,2006,,AFR,2006,2006,Africa,,NGA,Nigeria,,AGE75-79,75-79 years,,MLE,Male,,,,,,,,19277.26,19277.26000,,,,,
3067,LIFE_0000000033,nLx - person-years lived between ages x and x+n,https://www.who.int/data/gho/indicator-metadata-registry/imr-details/33,,,,PUBLISHED,Published,,2006.0,2006,,AFR,2006,2006,Africa,,NGA,Nigeria,,AGE75-79,75-79 years,,MLE,Male,,,,,,,,70371.89,70371.89000,,,,,
3068,LIFE_0000000033,nLx - person-years lived between ages x and x+n,https://www.who.int/data/gho/indicator-metadata-registry/imr-details/33,,,,PUBLISHED,Published,,2006.0,2006,,AFR,2006,2006,Africa,,NGA,Nigeria,,AGE80-84,80-84 years,,MLE,Male,,,,,,,,28644.34,28644.34000,,,,,
3069,LIFE_0000000035,ex - expectation of life at age x,https://www.who.int/data/gho/indicator-metadata-registry/imr-details/35,,,,PUBLISHED,Published,,2006.0,2006,,AFR,2006,2006,Africa,,NGA,Nigeria,,AGE80-84,80-84 years,,MLE,Male,,,,,,,,4,3.96757,,,,,
3070,LIFE_0000000033,nLx - person-years lived between ages x and x+n,https://www.who.int/data/gho/indicator-metadata-registry/imr-details/33,,,,PUBLISHED,Published,,2006.0,2006,,AFR,2006,2006,Africa,,NGA,Nigeria,,AGE85PLUS,85+ years,,MLE,Male,,,,,,,,8201.338,8201.33800,,,,,
3071,LIFE_0000000035,ex - expectation of life at age x,https://www.who.int/data/gho/indicator-metadata-registry/imr-details/35,,,,PUBLISHED,Published,,2006.0,2006,,AFR,2006,2006,Africa,,NGA,Nigeria,,AGE85PLUS,85+ years,,MLE,Male,,,,,,,,2.8,2.82638,,,,,
3072,LIFE_0000000035,ex - expectation of life at age x,https://www.who.int/data/gho/indicator-metadata-registry/imr-details/35,,,,PUBLISHED,Published,,2006.0,2006,,AFR,2006,2006,Africa,,NGA,Nigeria,,AGELT1,<1 year,,FMLE,Female,,,,,,,,50.5,50.49556,,,,,
3073,LIFE_0000000030,nqx - probability of dying between ages x and x+n,https://www.who.int/data/gho/indicator-metadata-registry/imr-details/30,,,,PUBLISHED,Published,,2006.0,2006,,AFR,2006,2006,Africa,,NGA,Nigeria,,AGE1-4,1-4 years,,FMLE,Female,,,,,,,,0.066,0.06575,,,,,
3074,LIFE_0000000030,nqx - probability of dying between ages x and x+n,https://www.who.int/data/gho/indicator-metadata-registry/imr-details/30,,,,PUBLISHED,Published,,2006.0,2006,,AFR,2006,2006,Africa,,NGA,Nigeria,,AGE5-9,5-9 years,,FMLE,Female,,,,,,,,0.024,0.02420,,,,,
3075,LIFE_0000000032,ndx - number of people dying between ages x and x+n,https://www.who.int/data/gho/indicator-metadata-registry/imr-details/32,,,,PUBLISHED,Published,,2006.0,2006,,AFR,2006,2006,Africa,,NGA,Nigeria,,AGE5-9,5-9 years,,FMLE,Female,,,,,,,,2061.833,2061.83300,,,,,
3076,LIFE_0000000030,nqx - probability of dying between ages x and x+n,https://www.who.int/data/gho/indicator-metadata-registry/imr-details/30,,,,PUBLISHED,Published,,2006.0,2006,,AFR,2006,2006,Africa,,NGA,Nigeria,,AGE10-14,10-14 years,,FMLE,Female,,,,,,,,0.011,0.01054,,,,,
3077,LIFE_0000000032,ndx - number of people dying between ages x and x+n,https://www.who.int/data/gho/indicator-metadata-registry/imr-details/32,,,,PUBLISHED,Published,,2006.0,2006,,AFR,2006,2006,Africa,,NGA,Nigeria,,AGE10-14,10-14 years,,FMLE,Female,,,,,,,,876.241,876.24130,,,,,
3078,LIFE_0000000032,ndx - number of people dying between ages x and x+n,https://www.who.int/data/gho/indicator-metadata-registry/imr-details/32,,,,PUBLISHED,Published,,2006.0,2006,,AFR,2006,2006,Africa,,NGA,Nigeria,,AGE15-19,15-19  years,,FMLE,Female,,,,,,,,1827.827,1827.82700,,,,,
3079,LIFE_0000000034,Tx - person-years lived above age x,https://www.who.int/data/gho/indicator-metadata-registry/imr-details/34,,,,PUBLISHED,Published,,2006.0,2006,,AFR,2006,2006,Africa,,NGA,Nigeria,,AGE15-19,15-19  years,,FMLE,Female,,,,,,,,3772108,3772108.00000,,,,,
3080,LIFE_0000000034,Tx - person-years lived above age x,https://www.who.int/data/gho/indicator-metadata-registry/imr-details/34,,,,PUBLISHED,Published,,2006.0,2006,,AFR,2006,2006,Africa,,NGA,Nigeria,,AGE20-24,20-24 years,,FMLE,Female,,,,,,,,3365136,3365136.00000,,,,,
3081,LIFE_0000000029,nMx - age-specific death rate between ages x and x+n,https://www.who.int/data/gho/indicator-metadata-registry/imr-details/29,,,,PUBLISHED,Published,,2006.0,2006,,AFR,2006,2006,Africa,,NGA,Nigeria,,AGE25-29,25-29 years,,FMLE,Female,,,,,,,,0.009,0.00876,,,,,
3082,LIFE_0000000034,Tx - person-years lived above age x,https://www.who.int/data/gho/indicator-metadata-registry/imr-details/34,,,,PUBLISHED,Published,,2006.0,2006,,AFR,2006,2006,Africa,,NGA,Nigeria,,AGE25-29,25-29 years,,FMLE,Female,,,,,,,,2968885,2968885.00000,,,,,
3083,LIFE_0000000029,nMx - age-specific death rate between ages x and x+n,https://www.who.int/data/gho/indicator-metadata-registry/imr-details/29,,,,PUBLISHED,Published,,2006.0,2006,,AFR,2006,2006,Africa,,NGA,Nigeria,,AGE30-34,30-34 years,,FMLE,Female,,,,,,,,0.01,0.01030,,,,,
3084,LIFE_0000000029,nMx - age-specific death rate between ages x and x+n,https://www.who.int/data/gho/indicator-metadata-registry/imr-details/29,,,,PUBLISHED,Published,,2006.0,2006,,AFR,2006,2006,Africa,,NGA,Nigeria,,AGE35-39,35-39 years,,FMLE,Female,,,,,,,,0.011,0.01134,,,,,
3085,LIFE_0000000031,lx - number of people left alive at age x,https://www.who.int/data/gho/indicator-metadata-registry/imr-details/31,,,,PUBLISHED,Published,,2006.0,2006,,AFR,2006,2006,Africa,,NGA,Nigeria,,AGE35-39,35-39 years,,FMLE,Female,,,,,,,,70924.76,70924.76000,,,,,
3086,LIFE_0000000031,lx - number of people left alive at age x,https://www.who.int/data/gho/indicator-metadata-registry/imr-details/31,,,,PUBLISHED,Published,,2006.0,2006,,AFR,2006,2006,Africa,,NGA,Nigeria,,AGE40-44,40-44 years,,FMLE,Female,,,,,,,,67014.66,67014.66000,,,,,
3087,LIFE_0000000033,nLx - person-years lived between ages x and x+n,https://www.who.int/data/gho/indicator-metadata-registry/imr-details/33,,,,PUBLISHED,Published,,2006.0,2006,,AFR,2006,2006,Africa,,NGA,Nigeria,,AGE40-44,40-44 years,,FMLE,Female,,,,,,,,326133.5,326133.50000,,,,,
3088,LIFE_0000000031,lx - number of people left alive at age x,https://www.who.int/data/gho/indicator-metadata-registry/imr-details/31,,,,PUBLISHED,Published,,2006.0,2006,,AFR,2006,2006,Africa,,NGA,Nigeria,,AGE45-49,45-49 years,,FMLE,Female,,,,,,,,63421.96,63421.96000,,,,,
3089,LIFE_0000000033,nLx - person-years lived between ages x and x+n,https://www.who.int/data/gho/indicator-metadata-registry/imr-details/33,,,,PUBLISHED,Published,,2006.0,2006,,AFR,2006,2006,Africa,,NGA,Nigeria,,AGE45-49,45-49 years,,FMLE,Female,,,,,,,,308609.2,308609.20000,,,,,
3090,LIFE_0000000035,ex - expectation of life at age x,https://www.who.int/data/gho/indicator-metadata-registry/imr-details/35,,,,PUBLISHED,Published,,2006.0,2006,,AFR,2006,2006,Africa,,NGA,Nigeria,,AGE45-49,45-49 years,,FMLE,Female,,,,,,,,24.5,24.47266,,,,,
3091,LIFE_0000000033,nLx - person-years lived between ages x and x+n,https://www.who.int/data/gho/indicator-metadata-registry/imr-details/33,,,,PUBLISHED,Published,,2006.0,2006,,AFR,2006,2006,Africa,,NGA,Nigeria,,AGE50-54,50-54 years,,FMLE,Female,,,,,,,,290012.9,290012.90000,,,,,
3092,LIFE_0000000035,ex - expectation of life at age x,https://www.who.int/data/gho/indicator-metadata-registry/imr-details/35,,,,PUBLISHED,Published,,2006.0,2006,,AFR,2006,2006,Africa,,NGA,Nigeria,,AGE50-54,50-54 years,,FMLE,Female,,,,,,,,20.7,20.74496,,,,,
3093,LIFE_0000000035,ex - expectation of life at age x,https://www.who.int/data/gho/indicator-metadata-registry/imr-details/35,,,,PUBLISHED,Published,,2006.0,2006,,AFR,2006,2006,Africa,,NGA,Nigeria,,AGE55-59,55-59 years,,FMLE,Female,,,,,,,,17.1,17.05551,,,,,
3094,LIFE_0000000030,nqx - probability of dying between ages x and x+n,https://www.who.int/data/gho/indicator-metadata-registry/imr-details/30,,,,PUBLISHED,Published,,2006.0,2006,,AFR,2006,2006,Africa,,NGA,Nigeria,,AGE60-64,60-64 years,,FMLE,Female,,,,,,,,0.153,0.15345,,,,,
3095,LIFE_0000000035,ex - expectation of life at age x,https://www.who.int/data/gho/indicator-metadata-registry/imr-details/35,,,,PUBLISHED,Published,,2006.0,2006,,AFR,2006,2006,Africa,,NGA,Nigeria,,AGE60-64,60-64 years,,FMLE,Female,,,,,,,,13.4,13.42138,,,,,
3096,LIFE_0000000030,nqx - probability of dying between ages x and x+n,https://www.who.int/data/gho/indicator-metadata-registry/imr-details/30,,,,PUBLISHED,Published,,2006.0,2006,,AFR,2006,2006,Africa,,NGA,Nigeria,,AGE65-69,65-69 years,,FMLE,Female,,,,,,,,0.232,0.23231,,,,,
3097,LIFE_0000000032,ndx - number of people dying between ages x and x+n,https://www.who.int/data/gho/indicator-metadata-registry/imr-details/32,,,,PUBLISHED,Published,,2006.0,2006,,AFR,2006,2006,Africa,,NGA,Nigeria,,AGE65-69,65-69 years,,FMLE,Female,,,,,,,,10043.45,10043.45000,,,,,
3098,LIFE_0000000030,nqx - probability of dying between ages x and x+n,https://www.who.int/data/gho/indicator-metadata-registry/imr-details/30,,,,PUBLISHED,Published,,2006.0,2006,,AFR,2006,2006,Africa,,NGA,Nigeria,,AGE70-74,70-74 years,,FMLE,Female,,,,,,,,0.356,0.35617,,,,,
3099,LIFE_0000000032,ndx - number of people dying between ages x and x+n,https://www.who.int/data/gho/indicator-metadata-registry/imr-details/32,,,,PUBLISHED,Published,,2006.0,2006,,AFR,2006,2006,Africa,,NGA,Nigeria,,AGE70-74,70-74 years,,FMLE,Female,,,,,,,,11821.19,11821.19000,,,,,
3100,LIFE_0000000032,ndx - number of people dying between ages x and x+n,https://www.who.int/data/gho/indicator-metadata-registry/imr-details/32,,,,PUBLISHED,Published,,2006.0,2006,,AFR,2006,2006,Africa,,NGA,Nigeria,,AGE75-79,75-79 years,,FMLE,Female,,,,,,,,10958.06,10958.06000,,,,,
3101,LIFE_0000000034,Tx - person-years lived above age x,https://www.who.int/data/gho/indicator-metadata-registry/imr-details/34,,,,PUBLISHED,Published,,2006.0,2006,,AFR,2006,2006,Africa,,NGA,Nigeria,,AGE75-79,75-79 years,,FMLE,Female,,,,,,,,119995.3,119995.30000,,,,,
3102,LIFE_0000000034,Tx - person-years lived above age x,https://www.who.int/data/gho/indicator-metadata-registry/imr-details/34,,,,PUBLISHED,Published,,2006.0,2006,,AFR,2006,2006,Africa,,NGA,Nigeria,,AGE80-84,80-84 years,,FMLE,Female,,,,,,,,41584.83,41584.83000,,,,,
3103,LIFE_0000000029,nMx - age-specific death rate between ages x and x+n,https://www.who.int/data/gho/indicator-metadata-registry/imr-details/29,,,,PUBLISHED,Published,,2006.0,2006,,AFR,2006,2006,Africa,,NGA,Nigeria,,AGE85PLUS,85+ years,,FMLE,Female,,,,,,,,0.345,0.34539,,,,,
3104,LIFE_0000000034,Tx - person-years lived above age x,https://www.who.int/data/gho/indicator-metadata-registry/imr-details/34,,,,PUBLISHED,Published,,2006.0,2006,,AFR,2006,2006,Africa,,NGA,Nigeria,,AGE85PLUS,85+ years,,FMLE,Female,,,,,,,,9448.595,9448.59500,,,,,
3105,LIFE_0000000029,nMx - age-specific death rate between ages x and x+n,https://www.who.int/data/gho/indicator-metadata-registry/imr-details/29,,,,PUBLISHED,Published,,2007.0,2007,,AFR,2007,2007,Africa,,NGA,Nigeria,,AGELT1,<1 year,,MLE,Male,,,,,,,,0.104,0.10398,,,,,
3106,LIFE_0000000029,nMx - age-specific death rate between ages x and x+n,https://www.who.int/data/gho/indicator-metadata-registry/imr-details/29,,,,PUBLISHED,Published,,2007.0,2007,,AFR,2007,2007,Africa,,NGA,Nigeria,,AGE1-4,1-4 years,,MLE,Male,,,,,,,,0.016,0.01554,,,,,
3107,LIFE_0000000031,lx - number of people left alive at age x,https://www.who.int/data/gho/indicator-metadata-registry/imr-details/31,,,,PUBLISHED,Published,,2007.0,2007,,AFR,2007,2007,Africa,,NGA,Nigeria,,AGE1-4,1-4 years,,MLE,Male,,,,,,,,90291.18,90291.18000,,,,,
3108,LIFE_0000000031,lx - number of people left alive at age x,https://www.who.int/data/gho/indicator-metadata-registry/imr-details/31,,,,PUBLISHED,Published,,2007.0,2007,,AFR,2007,2007,Africa,,NGA,Nigeria,,AGE5-9,5-9 years,,MLE,Male,,,,,,,,84900.13,84900.13000,,,,,
3109,LIFE_0000000033,nLx - person-years lived between ages x and x+n,https://www.who.int/data/gho/indicator-metadata-registry/imr-details/33,,,,PUBLISHED,Published,,2007.0,2007,,AFR,2007,2007,Africa,,NGA,Nigeria,,AGE5-9,5-9 years,,MLE,Male,,,,,,,,420650.1,420650.10000,,,,,
3110,LIFE_0000000031,lx - number of people left alive at age x,https://www.who.int/data/gho/indicator-metadata-registry/imr-details/31,,,,PUBLISHED,Published,,2007.0,2007,,AFR,2007,2007,Africa,,NGA,Nigeria,,AGE10-14,10-14 years,,MLE,Male,,,,,,,,83359.89,83359.89000,,,,,
3111,LIFE_0000000033,nLx - person-years lived between ages x and x+n,https://www.who.int/data/gho/indicator-metadata-registry/imr-details/33,,,,PUBLISHED,Published,,2007.0,2007,,AFR,2007,2007,Africa,,NGA,Nigeria,,AGE10-14,10-14 years,,MLE,Male,,,,,,,,415149.3,415149.30000,,,,,
3112,LIFE_0000000033,nLx - person-years lived between ages x and x+n,https://www.who.int/data/gho/indicator-metadata-registry/imr-details/33,,,,PUBLISHED,Published,,2007.0,2007,,AFR,2007,2007,Africa,,NGA,Nigeria,,AGE15-19,15-19  years,,MLE,Male,,,,,,,,410168.6,410168.60000,,,,,
3113,LIFE_0000000035,ex - expectation of life at age x,https://www.who.int/data/gho/indicator-metadata-registry/imr-details/35,,,,PUBLISHED,Published,,2007.0,2007,,AFR,2007,2007,Africa,,NGA,Nigeria,,AGE15-19,15-19  years,,MLE,Male,,,,,,,,45.8,45.76859,,,,,
3114,LIFE_0000000035,ex - expectation of life at age x,https://www.who.int/data/gho/indicator-metadata-registry/imr-details/35,,,,PUBLISHED,Published,,2007.0,2007,,AFR,2007,2007,Africa,,NGA,Nigeria,,AGE20-24,20-24 years,,MLE,Male,,,,,,,,41.5,41.50218,,,,,
3115,LIFE_0000000030,nqx - probability of dying between ages x and x+n,https://www.who.int/data/gho/indicator-metadata-registry/imr-details/30,,,,PUBLISHED,Published,,2007.0,2007,,AFR,2007,2007,Africa,,NGA,Nigeria,,AGE25-29,25-29 years,,MLE,Male,,,,,,,,0.033,0.03348,,,,,
3116,LIFE_0000000035,ex - expectation of life at age x,https://www.who.int/data/gho/indicator-metadata-registry/imr-details/35,,,,PUBLISHED,Published,,2007.0,2007,,AFR,2007,2007,Africa,,NGA,Nigeria,,AGE25-29,25-29 years,,MLE,Male,,,,,,,,37.6,37.55532,,,,,
3117,LIFE_0000000030,nqx - probability of dying between ages x and x+n,https://www.who.int/data/gho/indicator-metadata-registry/imr-details/30,,,,PUBLISHED,Published,,2007.0,2007,,AFR,2007,2007,Africa,,NGA,Nigeria,,AGE30-34,30-34 years,,MLE,Male,,,,,,,,0.042,0.04228,,,,,
3118,LIFE_0000000030,nqx - probability of dying between ages x and x+n,https://www.who.int/data/gho/indicator-metadata-registry/imr-details/30,,,,PUBLISHED,Published,,2007.0,2007,,AFR,2007,2007,Africa,,NGA,Nigeria,,AGE35-39,35-39 years,,MLE,Male,,,,,,,,0.053,0.05301,,,,,
3119,LIFE_0000000032,ndx - number of people dying between ages x and x+n,https://www.who.int/data/gho/indicator-metadata-registry/imr-details/32,,,,PUBLISHED,Published,,2007.0,2007,,AFR,2007,2007,Africa,,NGA,Nigeria,,AGE35-39,35-39 years,,MLE,Male,,,,,,,,3885.324,3885.32400,,,,,
3120,LIFE_0000000032,ndx - number of people dying between ages x and x+n,https://www.who.int/data/gho/indicator-metadata-registry/imr-details/32,,,,PUBLISHED,Published,,2007.0,2007,,AFR,2007,2007,Africa,,NGA,Nigeria,,AGE40-44,40-44 years,,MLE,Male,,,,,,,,4242.92,4242.92000,,,,,
3121,LIFE_0000000034,Tx - person-years lived above age x,https://www.who.int/data/gho/indicator-metadata-registry/imr-details/34,,,,PUBLISHED,Published,,2007.0,2007,,AFR,2007,2007,Africa,,NGA,Nigeria,,AGE40-44,40-44 years,,MLE,Male,,,,,,,,1852751,1852751.00000,,,,,
3122,LIFE_0000000032,ndx - number of people dying between ages x and x+n,https://www.who.int/data/gho/indicator-metadata-registry/imr-details/32,,,,PUBLISHED,Published,,2007.0,2007,,AFR,2007,2007,Africa,,NGA,Nigeria,,AGE45-49,45-49 years,,MLE,Male,,,,,,,,4539.705,4539.70500,,,,,
3123,LIFE_0000000034,Tx - person-years lived above age x,https://www.who.int/data/gho/indicator-metadata-registry/imr-details/34,,,,PUBLISHED,Published,,2007.0,2007,,AFR,2007,2007,Africa,,NGA,Nigeria,,AGE45-49,45-49 years,,MLE,Male,,,,,,,,1516053,1516053.00000,,,,,
3124,LIFE_0000000034,Tx - person-years lived above age x,https://www.who.int/data/gho/indicator-metadata-registry/imr-details/34,,,,PUBLISHED,Published,,2007.0,2007,,AFR,2007,2007,Africa,,NGA,Nigeria,,AGE50-54,50-54 years,,MLE,Male,,,,,,,,1201241,1201241.00000,,,,,
3125,LIFE_0000000029,nMx - age-specific death rate between ages x and x+n,https://www.who.int/data/gho/indicator-metadata-registry/imr-details/29,,,,PUBLISHED,Published,,2007.0,2007,,AFR,2007,2007,Africa,,NGA,Nigeria,,AGE55-59,55-59 years,,MLE,Male,,,,,,,,0.023,0.02301,,,,,
3126,LIFE_0000000029,nMx - age-specific death rate between ages x and x+n,https://www.who.int/data/gho/indicator-metadata-registry/imr-details/29,,,,PUBLISHED,Published,,2007.0,2007,,AFR,2007,2007,Africa,,NGA,Nigeria,,AGE60-64,60-64 years,,MLE,Male,,,,,,,,0.036,0.03650,,,,,
3127,LIFE_0000000031,lx - number of people left alive at age x,https://www.who.int/data/gho/indicator-metadata-registry/imr-details/31,,,,PUBLISHED,Published,,2007.0,2007,,AFR,2007,2007,Africa,,NGA,Nigeria,,AGE60-64,60-64 years,,MLE,Male,,,,,,,,49346.94,49346.94000,,,,,
3128,LIFE_0000000029,nMx - age-specific death rate between ages x and x+n,https://www.who.int/data/gho/indicator-metadata-registry/imr-details/29,,,,PUBLISHED,Published,,2007.0,2007,,AFR,2007,2007,Africa,,NGA,Nigeria,,AGE65-69,65-69 years,,MLE,Male,,,,,,,,0.055,0.05465,,,,,
3129,LIFE_0000000031,lx - number of people left alive at age x,https://www.who.int/data/gho/indicator-metadata-registry/imr-details/31,,,,PUBLISHED,Published,,2007.0,2007,,AFR,2007,2007,Africa,,NGA,Nigeria,,AGE65-69,65-69 years,,MLE,Male,,,,,,,,41069.15,41069.15000,,,,,
3130,LIFE_0000000031,lx - number of people left alive at age x,https://www.who.int/data/gho/indicator-metadata-registry/imr-details/31,,,,PUBLISHED,Published,,2007.0,2007,,AFR,2007,2007,Africa,,NGA,Nigeria,,AGE70-74,70-74 years,,MLE,Male,,,,,,,,31163.24,31163.24000,,,,,
3131,LIFE_0000000033,nLx - person-years lived between ages x and x+n,https://www.who.int/data/gho/indicator-metadata-registry/imr-details/33,,,,PUBLISHED,Published,,2007.0,2007,,AFR,2007,2007,Africa,,NGA,Nigeria,,AGE70-74,70-74 years,,MLE,Male,,,,,,,,128043.5,128043.50000,,,,,
3132,LIFE_0000000033,nLx - person-years lived between ages x and x+n,https://www.who.int/data/gho/indicator-metadata-registry/imr-details/33,,,,PUBLISHED,Published,,2007.0,2007,,AFR,2007,2007,Africa,,NGA,Nigeria,,AGE75-79,75-79 years,,MLE,Male,,,,,,,,73282.37,73282.37000,,,,,
3133,LIFE_0000000035,ex - expectation of life at age x,https://www.who.int/data/gho/indicator-metadata-registry/imr-details/35,,,,PUBLISHED,Published,,2007.0,2007,,AFR,2007,2007,Africa,,NGA,Nigeria,,AGE75-79,75-79 years,,MLE,Male,,,,,,,,5.6,5.61329,,,,,
3134,LIFE_0000000033,nLx - person-years lived between ages x and x+n,https://www.who.int/data/gho/indicator-metadata-registry/imr-details/33,,,,PUBLISHED,Published,,2007.0,2007,,AFR,2007,2007,Africa,,NGA,Nigeria,,AGE80-84,80-84 years,,MLE,Male,,,,,,,,30165.07,30165.07000,,,,,
3135,LIFE_0000000035,ex - expectation of life at age x,https://www.who.int/data/gho/indicator-metadata-registry/imr-details/35,,,,PUBLISHED,Published,,2007.0,2007,,AFR,2007,2007,Africa,,NGA,Nigeria,,AGE80-84,80-84 years,,MLE,Male,,,,,,,,4,4.00236,,,,,
3136,LIFE_0000000035,ex - expectation of life at age x,https://www.who.int/data/gho/indicator-metadata-registry/imr-details/35,,,,PUBLISHED,Published,,2007.0,2007,,AFR,2007,2007,Africa,,NGA,Nigeria,,AGE85PLUS,85+ years,,MLE,Male,,,,,,,,2.8,2.84691,,,,,
3137,LIFE_0000000030,nqx - probability of dying between ages x and x+n,https://www.who.int/data/gho/indicator-metadata-registry/imr-details/30,,,,PUBLISHED,Published,,2007.0,2007,,AFR,2007,2007,Africa,,NGA,Nigeria,,AGELT1,<1 year,,FMLE,Female,,,,,,,,0.085,0.08521,,,,,
3138,LIFE_0000000030,nqx - probability of dying between ages x and x+n,https://www.who.int/data/gho/indicator-metadata-registry/imr-details/30,,,,PUBLISHED,Published,,2007.0,2007,,AFR,2007,2007,Africa,,NGA,Nigeria,,AGE1-4,1-4 years,,FMLE,Female,,,,,,,,0.062,0.06242,,,,,
3139,LIFE_0000000032,ndx - number of people dying between ages x and x+n,https://www.who.int/data/gho/indicator-metadata-registry/imr-details/32,,,,PUBLISHED,Published,,2007.0,2007,,AFR,2007,2007,Africa,,NGA,Nigeria,,AGE1-4,1-4 years,,FMLE,Female,,,,,,,,5710.266,5710.26600,,,,,
3140,LIFE_0000000030,nqx - probability of dying between ages x and x+n,https://www.who.int/data/gho/indicator-metadata-registry/imr-details/30,,,,PUBLISHED,Published,,2007.0,2007,,AFR,2007,2007,Africa,,NGA,Nigeria,,AGE5-9,5-9 years,,FMLE,Female,,,,,,,,0.023,0.02348,,,,,
3141,LIFE_0000000032,ndx - number of people dying between ages x and x+n,https://www.who.int/data/gho/indicator-metadata-registry/imr-details/32,,,,PUBLISHED,Published,,2007.0,2007,,AFR,2007,2007,Africa,,NGA,Nigeria,,AGE5-9,5-9 years,,FMLE,Female,,,,,,,,2013.828,2013.82800,,,,,
3142,LIFE_0000000032,ndx - number of people dying between ages x and x+n,https://www.who.int/data/gho/indicator-metadata-registry/imr-details/32,,,,PUBLISHED,Published,,2007.0,2007,,AFR,2007,2007,Africa,,NGA,Nigeria,,AGE10-14,10-14 years,,FMLE,Female,,,,,,,,867.807,867.80690,,,,,
3143,LIFE_0000000034,Tx - person-years lived above age x,https://www.who.int/data/gho/indicator-metadata-registry/imr-details/34,,,,PUBLISHED,Published,,2007.0,2007,,AFR,2007,2007,Africa,,NGA,Nigeria,,AGE10-14,10-14 years,,FMLE,Female,,,,,,,,4245713,4245713.00000,,,,,
3144,LIFE_0000000034,Tx - person-years lived above age x,https://www.who.int/data/gho/indicator-metadata-registry/imr-details/34,,,,PUBLISHED,Published,,2007.0,2007,,AFR,2007,2007,Africa,,NGA,Nigeria,,AGE15-19,15-19  years,,FMLE,Female,,,,,,,,3829106,3829106.00000,,,,,
3145,LIFE_0000000029,nMx - age-specific death rate between ages x and x+n,https://www.who.int/data/gho/indicator-metadata-registry/imr-details/29,,,,PUBLISHED,Published,,2007.0,2007,,AFR,2007,2007,Africa,,NGA,Nigeria,,AGE20-24,20-24 years,,FMLE,Female,,,,,,,,0.006,0.00587,,,,,
3146,LIFE_0000000034,Tx - person-years lived above age x,https://www.who.int/data/gho/indicator-metadata-registry/imr-details/34,,,,PUBLISHED,Published,,2007.0,2007,,AFR,2007,2007,Africa,,NGA,Nigeria,,AGE20-24,20-24 years,,FMLE,Female,,,,,,,,3418908,3418908.00000,,,,,
3147,LIFE_0000000029,nMx - age-specific death rate between ages x and x+n,https://www.who.int/data/gho/indicator-metadata-registry/imr-details/29,,,,PUBLISHED,Published,,2007.0,2007,,AFR,2007,2007,Africa,,NGA,Nigeria,,AGE25-29,25-29 years,,FMLE,Female,,,,,,,,0.008,0.00838,,,,,
3148,LIFE_0000000031,lx - number of people left alive at age x,https://www.who.int/data/gho/indicator-metadata-registry/imr-details/31,,,,PUBLISHED,Published,,2007.0,2007,,AFR,2007,2007,Africa,,NGA,Nigeria,,AGE25-29,25-29 years,,FMLE,Female,,,,,,,,78757.74,78757.74000,,,,,
3149,LIFE_0000000029,nMx - age-specific death rate between ages x and x+n,https://www.who.int/data/gho/indicator-metadata-registry/imr-details/29,,,,PUBLISHED,Published,,2007.0,2007,,AFR,2007,2007,Africa,,NGA,Nigeria,,AGE30-34,30-34 years,,FMLE,Female,,,,,,,,0.01,0.00997,,,,,
3150,LIFE_0000000031,lx - number of people left alive at age x,https://www.who.int/data/gho/indicator-metadata-registry/imr-details/31,,,,PUBLISHED,Published,,2007.0,2007,,AFR,2007,2007,Africa,,NGA,Nigeria,,AGE30-34,30-34 years,,FMLE,Female,,,,,,,,75527.11,75527.11000,,,,,
3151,LIFE_0000000031,lx - number of people left alive at age x,https://www.who.int/data/gho/indicator-metadata-registry/imr-details/31,,,,PUBLISHED,Published,,2007.0,2007,,AFR,2007,2007,Africa,,NGA,Nigeria,,AGE35-39,35-39 years,,FMLE,Female,,,,,,,,71854.99,71854.99000,,,,,
3152,LIFE_0000000033,nLx - person-years lived between ages x and x+n,https://www.who.int/data/gho/indicator-metadata-registry/imr-details/33,,,,PUBLISHED,Published,,2007.0,2007,,AFR,2007,2007,Africa,,NGA,Nigeria,,AGE35-39,35-39 years,,FMLE,Female,,,,,,,,349509.1,349509.10000,,,,,
3153,LIFE_0000000031,lx - number of people left alive at age x,https://www.who.int/data/gho/indicator-metadata-registry/imr-details/31,,,,PUBLISHED,Published,,2007.0,2007,,AFR,2007,2007,Africa,,NGA,Nigeria,,AGE40-44,40-44 years,,FMLE,Female,,,,,,,,67933.22,67933.22000,,,,,
3154,LIFE_0000000033,nLx - person-years lived between ages x and x+n,https://www.who.int/data/gho/indicator-metadata-registry/imr-details/33,,,,PUBLISHED,Published,,2007.0,2007,,AFR,2007,2007,Africa,,NGA,Nigeria,,AGE40-44,40-44 years,,FMLE,Female,,,,,,,,330719,330719.00000,,,,,
3155,LIFE_0000000035,ex - expectation of life at age x,https://www.who.int/data/gho/indicator-metadata-registry/imr-details/35,,,,PUBLISHED,Published,,2007.0,2007,,AFR,2007,2007,Africa,,NGA,Nigeria,,AGE40-44,40-44 years,,FMLE,Female,,,,,,,,28.2,28.19530,,,,,
3156,LIFE_0000000033,nLx - person-years lived between ages x and x+n,https://www.who.int/data/gho/indicator-metadata-registry/imr-details/33,,,,PUBLISHED,Published,,2007.0,2007,,AFR,2007,2007,Africa,,NGA,Nigeria,,AGE45-49,45-49 years,,FMLE,Female,,,,,,,,313200.7,313200.70000,,,,,
3157,LIFE_0000000035,ex - expectation of life at age x,https://www.who.int/data/gho/indicator-metadata-registry/imr-details/35,,,,PUBLISHED,Published,,2007.0,2007,,AFR,2007,2007,Africa,,NGA,Nigeria,,AGE45-49,45-49 years,,FMLE,Female,,,,,,,,24.6,24.63117,,,,,
3158,LIFE_0000000035,ex - expectation of life at age x,https://www.who.int/data/gho/indicator-metadata-registry/imr-details/35,,,,PUBLISHED,Published,,2007.0,2007,,AFR,2007,2007,Africa,,NGA,Nigeria,,AGE50-54,50-54 years,,FMLE,Female,,,,,,,,20.9,20.89066,,,,,
3159,LIFE_0000000030,nqx - probability of dying between ages x and x+n,https://www.who.int/data/gho/indicator-metadata-registry/imr-details/30,,,,PUBLISHED,Published,,2007.0,2007,,AFR,2007,2007,Africa,,NGA,Nigeria,,AGE55-59,55-59 years,,FMLE,Female,,,,,,,,0.085,0.08487,,,,,
3160,LIFE_0000000030,nqx - probability of dying between ages x and x+n,https://www.who.int/data/gho/indicator-metadata-registry/imr-details/30,,,,PUBLISHED,Published,,2007.0,2007,,AFR,2007,2007,Africa,,NGA,Nigeria,,AGE60-64,60-64 years,,FMLE,Female,,,,,,,,0.151,0.15072,,,,,
3161,LIFE_0000000032,ndx - number of people dying between ages x and x+n,https://www.who.int/data/gho/indicator-metadata-registry/imr-details/32,,,,PUBLISHED,Published,,2007.0,2007,,AFR,2007,2007,Africa,,NGA,Nigeria,,AGE60-64,60-64 years,,FMLE,Female,,,,,,,,7839.264,7839.26400,,,,,
3162,LIFE_0000000030,nqx - probability of dying between ages x and x+n,https://www.who.int/data/gho/indicator-metadata-registry/imr-details/30,,,,PUBLISHED,Published,,2007.0,2007,,AFR,2007,2007,Africa,,NGA,Nigeria,,AGE65-69,65-69 years,,FMLE,Female,,,,,,,,0.229,0.22869,,,,,
3163,LIFE_0000000032,ndx - number of people dying between ages x and x+n,https://www.who.int/data/gho/indicator-metadata-registry/imr-details/32,,,,PUBLISHED,Published,,2007.0,2007,,AFR,2007,2007,Africa,,NGA,Nigeria,,AGE65-69,65-69 years,,FMLE,Female,,,,,,,,10102.13,10102.13000,,,,,
3164,LIFE_0000000032,ndx - number of people dying between ages x and x+n,https://www.who.int/data/gho/indicator-metadata-registry/imr-details/32,,,,PUBLISHED,Published,,2007.0,2007,,AFR,2007,2007,Africa,,NGA,Nigeria,,AGE70-74,70-74 years,,FMLE,Female,,,,,,,,11978.84,11978.84000,,,,,
3165,LIFE_0000000034,Tx - person-years lived above age x,https://www.who.int/data/gho/indicator-metadata-registry/imr-details/34,,,,PUBLISHED,Published,,2007.0,2007,,AFR,2007,2007,Africa,,NGA,Nigeria,,AGE70-74,70-74 years,,FMLE,Female,,,,,,,,266023.7,266023.70000,,,,,
3166,LIFE_0000000034,Tx - person-years lived above age x,https://www.who.int/data/gho/indicator-metadata-registry/imr-details/34,,,,PUBLISHED,Published,,2007.0,2007,,AFR,2007,2007,Africa,,NGA,Nigeria,,AGE75-79,75-79 years,,FMLE,Female,,,,,,,,125279.2,125279.20000,,,,,
3167,LIFE_0000000029,nMx - age-specific death rate between ages x and x+n,https://www.who.int/data/gho/indicator-metadata-registry/imr-details/29,,,,PUBLISHED,Published,,2007.0,2007,,AFR,2007,2007,Africa,,NGA,Nigeria,,AGE80-84,80-84 years,,FMLE,Female,,,,,,,,0.22,0.21968,,,,,
3168,LIFE_0000000034,Tx - person-years lived above age x,https://www.who.int/data/gho/indicator-metadata-registry/imr-details/34,,,,PUBLISHED,Published,,2007.0,2007,,AFR,2007,2007,Africa,,NGA,Nigeria,,AGE80-84,80-84 years,,FMLE,Female,,,,,,,,43864.45,43864.45000,,,,,
3169,LIFE_0000000029,nMx - age-specific death rate between ages x and x+n,https://www.who.int/data/gho/indicator-metadata-registry/imr-details/29,,,,PUBLISHED,Published,,2007.0,2007,,AFR,2007,2007,Africa,,NGA,Nigeria,,AGE85PLUS,85+ years,,FMLE,Female,,,,,,,,0.343,0.34254,,,,,
3170,LIFE_0000000029,nMx - age-specific death rate between ages x and x+n,https://www.who.int/data/gho/indicator-metadata-registry/imr-details/29,,,,PUBLISHED,Published,,2008.0,2008,,AFR,2008,2008,Africa,,NGA,Nigeria,,AGELT1,<1 year,,MLE,Male,,,,,,,,0.101,0.10059,,,,,
3171,LIFE_0000000031,lx - number of people left alive at age x,https://www.who.int/data/gho/indicator-metadata-registry/imr-details/31,,,,PUBLISHED,Published,,2008.0,2008,,AFR,2008,2008,Africa,,NGA,Nigeria,,AGELT1,<1 year,,MLE,Male,,,,,,,,100000,100000.00000,,,,,
3172,LIFE_0000000031,lx - number of people left alive at age x,https://www.who.int/data/gho/indicator-metadata-registry/imr-details/31,,,,PUBLISHED,Published,,2008.0,2008,,AFR,2008,2008,Africa,,NGA,Nigeria,,AGE1-4,1-4 years,,MLE,Male,,,,,,,,90591.18,90591.18000,,,,,
3173,LIFE_0000000033,nLx - person-years lived between ages x and x+n,https://www.who.int/data/gho/indicator-metadata-registry/imr-details/33,,,,PUBLISHED,Published,,2008.0,2008,,AFR,2008,2008,Africa,,NGA,Nigeria,,AGE1-4,1-4 years,,MLE,Male,,,,,,,,348849.7,348849.70000,,,,,
3174,LIFE_0000000031,lx - number of people left alive at age x,https://www.who.int/data/gho/indicator-metadata-registry/imr-details/31,,,,PUBLISHED,Published,,2008.0,2008,,AFR,2008,2008,Africa,,NGA,Nigeria,,AGE5-9,5-9 years,,MLE,Male,,,,,,,,85452.71,85452.71000,,,,,
3175,LIFE_0000000033,nLx - person-years lived between ages x and x+n,https://www.who.int/data/gho/indicator-metadata-registry/imr-details/33,,,,PUBLISHED,Published,,2008.0,2008,,AFR,2008,2008,Africa,,NGA,Nigeria,,AGE5-9,5-9 years,,MLE,Male,,,,,,,,423525.9,423525.90000,,,,,
3176,LIFE_0000000033,nLx - person-years lived between ages x and x+n,https://www.who.int/data/gho/indicator-metadata-registry/imr-details/33,,,,PUBLISHED,Published,,2008.0,2008,,AFR,2008,2008,Africa,,NGA,Nigeria,,AGE10-14,10-14 years,,MLE,Male,,,,,,,,418151.5,418151.50000,,,,,
3177,LIFE_0000000035,ex - expectation of life at age x,https://www.who.int/data/gho/indicator-metadata-registry/imr-details/35,,,,PUBLISHED,Published,,2008.0,2008,,AFR,2008,2008,Africa,,NGA,Nigeria,,AGE10-14,10-14 years,,MLE,Male,,,,,,,,50.5,50.53434,,,,,
3178,LIFE_0000000035,ex - expectation of life at age x,https://www.who.int/data/gho/indicator-metadata-registry/imr-details/35,,,,PUBLISHED,Published,,2008.0,2008,,AFR,2008,2008,Africa,,NGA,Nigeria,,AGE15-19,15-19  years,,MLE,Male,,,,,,,,45.9,45.91187,,,,,
3179,LIFE_0000000030,nqx - probability of dying between ages x and x+n,https://www.who.int/data/gho/indicator-metadata-registry/imr-details/30,,,,PUBLISHED,Published,,2008.0,2008,,AFR,2008,2008,Africa,,NGA,Nigeria,,AGE20-24,20-24 years,,MLE,Male,,,,,,,,0.026,0.02579,,,,,
3180,LIFE_0000000035,ex - expectation of life at age x,https://www.who.int/data/gho/indicator-metadata-registry/imr-details/35,,,,PUBLISHED,Published,,2008.0,2008,,AFR,2008,2008,Africa,,NGA,Nigeria,,AGE20-24,20-24 years,,MLE,Male,,,,,,,,41.6,41.64011,,,,,
3181,LIFE_0000000030,nqx - probability of dying between ages x and x+n,https://www.who.int/data/gho/indicator-metadata-registry/imr-details/30,,,,PUBLISHED,Published,,2008.0,2008,,AFR,2008,2008,Africa,,NGA,Nigeria,,AGE25-29,25-29 years,,MLE,Male,,,,,,,,0.033,0.03272,,,,,
3182,LIFE_0000000030,nqx - probability of dying between ages x and x+n,https://www.who.int/data/gho/indicator-metadata-registry/imr-details/30,,,,PUBLISHED,Published,,2008.0,2008,,AFR,2008,2008,Africa,,NGA,Nigeria,,AGE30-34,30-34 years,,MLE,Male,,,,,,,,0.042,0.04169,,,,,
3183,LIFE_0000000032,ndx - number of people dying between ages x and x+n,https://www.who.int/data/gho/indicator-metadata-registry/imr-details/32,,,,PUBLISHED,Published,,2008.0,2008,,AFR,2008,2008,Africa,,NGA,Nigeria,,AGE30-34,30-34 years,,MLE,Male,,,,,,,,3218.421,3218.42100,,,,,
3184,LIFE_0000000032,ndx - number of people dying between ages x and x+n,https://www.who.int/data/gho/indicator-metadata-registry/imr-details/32,,,,PUBLISHED,Published,,2008.0,2008,,AFR,2008,2008,Africa,,NGA,Nigeria,,AGE35-39,35-39 years,,MLE,Male,,,,,,,,3912.801,3912.80100,,,,,
3185,LIFE_0000000034,Tx - person-years lived above age x,https://www.who.int/data/gho/indicator-metadata-registry/imr-details/34,,,,PUBLISHED,Published,,2008.0,2008,,AFR,2008,2008,Africa,,NGA,Nigeria,,AGE35-39,35-39 years,,MLE,Male,,,,,,,,2236423,2236423.00000,,,,,
3186,LIFE_0000000032,ndx - number of people dying between ages x and x+n,https://www.who.int/data/gho/indicator-metadata-registry/imr-details/32,,,,PUBLISHED,Published,,2008.0,2008,,AFR,2008,2008,Africa,,NGA,Nigeria,,AGE40-44,40-44 years,,MLE,Male,,,,,,,,4266.934,4266.93400,,,,,
3187,LIFE_0000000034,Tx - person-years lived above age x,https://www.who.int/data/gho/indicator-metadata-registry/imr-details/34,,,,PUBLISHED,Published,,2008.0,2008,,AFR,2008,2008,Africa,,NGA,Nigeria,,AGE40-44,40-44 years,,MLE,Male,,,,,,,,1876096,1876096.00000,,,,,
3188,LIFE_0000000034,Tx - person-years lived above age x,https://www.who.int/data/gho/indicator-metadata-registry/imr-details/34,,,,PUBLISHED,Published,,2008.0,2008,,AFR,2008,2008,Africa,,NGA,Nigeria,,AGE45-49,45-49 years,,MLE,Male,,,,,,,,1536141,1536141.00000,,,,,
3189,LIFE_0000000029,nMx - age-specific death rate between ages x and x+n,https://www.who.int/data/gho/indicator-metadata-registry/imr-details/29,,,,PUBLISHED,Published,,2008.0,2008,,AFR,2008,2008,Africa,,NGA,Nigeria,,AGE50-54,50-54 years,,MLE,Male,,,,,,,,0.018,0.01793,,,,,
3190,LIFE_0000000029,nMx - age-specific death rate between ages x and x+n,https://www.who.int/data/gho/indicator-metadata-registry/imr-details/29,,,,PUBLISHED,Published,,2008.0,2008,,AFR,2008,2008,Africa,,NGA,Nigeria,,AGE55-59,55-59 years,,MLE,Male,,,,,,,,0.023,0.02285,,,,,
3191,LIFE_0000000031,lx - number of people left alive at age x,https://www.who.int/data/gho/indicator-metadata-registry/imr-details/31,,,,PUBLISHED,Published,,2008.0,2008,,AFR,2008,2008,Africa,,NGA,Nigeria,,AGE55-59,55-59 years,,MLE,Male,,,,,,,,55982.02,55982.02000,,,,,
3192,LIFE_0000000029,nMx - age-specific death rate between ages x and x+n,https://www.who.int/data/gho/indicator-metadata-registry/imr-details/29,,,,PUBLISHED,Published,,2008.0,2008,,AFR,2008,2008,Africa,,NGA,Nigeria,,AGE60-64,60-64 years,,MLE,Male,,,,,,,,0.036,0.03606,,,,,
3193,LIFE_0000000031,lx - number of people left alive at age x,https://www.who.int/data/gho/indicator-metadata-registry/imr-details/31,,,,PUBLISHED,Published,,2008.0,2008,,AFR,2008,2008,Africa,,NGA,Nigeria,,AGE60-64,60-64 years,,MLE,Male,,,,,,,,49919.36,49919.36000,,,,,
3194,LIFE_0000000031,lx - number of people left alive at age x,https://www.who.int/data/gho/indicator-metadata-registry/imr-details/31,,,,PUBLISHED,Published,,2008.0,2008,,AFR,2008,2008,Africa,,NGA,Nigeria,,AGE65-69,65-69 years,,MLE,Male,,,,,,,,41637.75,41637.75000,,,,,
3195,LIFE_0000000033,nLx - person-years lived between ages x and x+n,https://www.who.int/data/gho/indicator-metadata-registry/imr-details/33,,,,PUBLISHED,Published,,2008.0,2008,,AFR,2008,2008,Africa,,NGA,Nigeria,,AGE65-69,65-69 years,,MLE,Male,,,,,,,,184011.8,184011.80000,,,,,
3196,LIFE_0000000033,nLx - person-years lived between ages x and x+n,https://www.who.int/data/gho/indicator-metadata-registry/imr-details/33,,,,PUBLISHED,Published,,2008.0,2008,,AFR,2008,2008,Africa,,NGA,Nigeria,,AGE70-74,70-74 years,,MLE,Male,,,,,,,,130449.5,130449.50000,,,,,
3197,LIFE_0000000035,ex - expectation of life at age x,https://www.who.int/data/gho/indicator-metadata-registry/imr-details/35,,,,PUBLISHED,Published,,2008.0,2008,,AFR,2008,2008,Africa,,NGA,Nigeria,,AGE70-74,70-74 years,,MLE,Male,,,,,,,,7.7,7.74945,,,,,
3198,LIFE_0000000033,nLx - person-years lived between ages x and x+n,https://www.who.int/data/gho/indicator-metadata-registry/imr-details/33,,,,PUBLISHED,Published,,2008.0,2008,,AFR,2008,2008,Africa,,NGA,Nigeria,,AGE75-79,75-79 years,,MLE,Male,,,,,,,,75001.64,75001.64000,,,,,
3199,LIFE_0000000035,ex - expectation of life at age x,https://www.who.int/data/gho/indicator-metadata-registry/imr-details/35,,,,PUBLISHED,Published,,2008.0,2008,,AFR,2008,2008,Africa,,NGA,Nigeria,,AGE75-79,75-79 years,,MLE,Male,,,,,,,,5.6,5.63995,,,,,
3200,LIFE_0000000035,ex - expectation of life at age x,https://www.who.int/data/gho/indicator-metadata-registry/imr-details/35,,,,PUBLISHED,Published,,2008.0,2008,,AFR,2008,2008,Africa,,NGA,Nigeria,,AGE80-84,80-84 years,,MLE,Male,,,,,,,,4,4.01850,,,,,
3201,LIFE_0000000030,nqx - probability of dying between ages x and x+n,https://www.who.int/data/gho/indicator-metadata-registry/imr-details/30,,,,PUBLISHED,Published,,2008.0,2008,,AFR,2008,2008,Africa,,NGA,Nigeria,,AGE85PLUS,85+ years,,MLE,Male,,,,,,,,1,1.00000,,,,,
3202,LIFE_0000000030,nqx - probability of dying between ages x and x+n,https://www.who.int/data/gho/indicator-metadata-registry/imr-details/30,,,,PUBLISHED,Published,,2008.0,2008,,AFR,2008,2008,Africa,,NGA,Nigeria,,AGELT1,<1 year,,FMLE,Female,,,,,,,,0.082,0.08248,,,,,
3203,LIFE_0000000032,ndx - number of people dying between ages x and x+n,https://www.who.int/data/gho/indicator-metadata-registry/imr-details/32,,,,PUBLISHED,Published,,2008.0,2008,,AFR,2008,2008,Africa,,NGA,Nigeria,,AGELT1,<1 year,,FMLE,Female,,,,,,,,8248.243,8248.24300,,,,,
3204,LIFE_0000000030,nqx - probability of dying between ages x and x+n,https://www.who.int/data/gho/indicator-metadata-registry/imr-details/30,,,,PUBLISHED,Published,,2008.0,2008,,AFR,2008,2008,Africa,,NGA,Nigeria,,AGE1-4,1-4 years,,FMLE,Female,,,,,,,,0.059,0.05943,,,,,
3205,LIFE_0000000032,ndx - number of people dying between ages x and x+n,https://www.who.int/data/gho/indicator-metadata-registry/imr-details/32,,,,PUBLISHED,Published,,2008.0,2008,,AFR,2008,2008,Africa,,NGA,Nigeria,,AGE1-4,1-4 years,,FMLE,Female,,,,,,,,5452.46,5452.46000,,,,,
3206,LIFE_0000000034,Tx - person-years lived above age x,https://www.who.int/data/gho/indicator-metadata-registry/imr-details/34,,,,PUBLISHED,Published,,2008.0,2008,,AFR,2008,2008,Africa,,NGA,Nigeria,,AGE1-4,1-4 years,,FMLE,Female,,,,,,,,5066578,5066578.00000,,,,,
3207,LIFE_0000000032,ndx - number of people dying between ages x and x+n,https://www.who.int/data/gho/indicator-metadata-registry/imr-details/32,,,,PUBLISHED,Published,,2008.0,2008,,AFR,2008,2008,Africa,,NGA,Nigeria,,AGE5-9,5-9 years,,FMLE,Female,,,,,,,,1957.58,1957.58000,,,,,
3208,LIFE_0000000034,Tx - person-years lived above age x,https://www.who.int/data/gho/indicator-metadata-registry/imr-details/34,,,,PUBLISHED,Published,,2008.0,2008,,AFR,2008,2008,Africa,,NGA,Nigeria,,AGE5-9,5-9 years,,FMLE,Female,,,,,,,,4713810,4713810.00000,,,,,
3209,LIFE_0000000034,Tx - person-years lived above age x,https://www.who.int/data/gho/indicator-metadata-registry/imr-details/34,,,,PUBLISHED,Published,,2008.0,2008,,AFR,2008,2008,Africa,,NGA,Nigeria,,AGE10-14,10-14 years,,FMLE,Female,,,,,,,,4287207,4287207.00000,,,,,
3210,LIFE_0000000029,nMx - age-specific death rate between ages x and x+n,https://www.who.int/data/gho/indicator-metadata-registry/imr-details/29,,,,PUBLISHED,Published,,2008.0,2008,,AFR,2008,2008,Africa,,NGA,Nigeria,,AGE15-19,15-19  years,,FMLE,Female,,,,,,,,0.004,0.00429,,,,,
3211,LIFE_0000000034,Tx - person-years lived above age x,https://www.who.int/data/gho/indicator-metadata-registry/imr-details/34,,,,PUBLISHED,Published,,2008.0,2008,,AFR,2008,2008,Africa,,NGA,Nigeria,,AGE15-19,15-19  years,,FMLE,Female,,,,,,,,3867641,3867641.00000,,,,,
3212,LIFE_0000000029,nMx - age-specific death rate between ages x and x+n,https://www.who.int/data/gho/indicator-metadata-registry/imr-details/29,,,,PUBLISHED,Published,,2008.0,2008,,AFR,2008,2008,Africa,,NGA,Nigeria,,AGE20-24,20-24 years,,FMLE,Female,,,,,,,,0.006,0.00576,,,,,
3213,LIFE_0000000031,lx - number of people left alive at age x,https://www.who.int/data/gho/indicator-metadata-registry/imr-details/31,,,,PUBLISHED,Published,,2008.0,2008,,AFR,2008,2008,Africa,,NGA,Nigeria,,AGE20-24,20-24 years,,FMLE,Female,,,,,,,,81711.15,81711.15000,,,,,
3214,LIFE_0000000029,nMx - age-specific death rate between ages x and x+n,https://www.who.int/data/gho/indicator-metadata-registry/imr-details/29,,,,PUBLISHED,Published,,2008.0,2008,,AFR,2008,2008,Africa,,NGA,Nigeria,,AGE25-29,25-29 years,,FMLE,Female,,,,,,,,0.008,0.00816,,,,,
3215,LIFE_0000000031,lx - number of people left alive at age x,https://www.who.int/data/gho/indicator-metadata-registry/imr-details/31,,,,PUBLISHED,Published,,2008.0,2008,,AFR,2008,2008,Africa,,NGA,Nigeria,,AGE25-29,25-29 years,,FMLE,Female,,,,,,,,79390.05,79390.05000,,,,,
3216,LIFE_0000000031,lx - number of people left alive at age x,https://www.who.int/data/gho/indicator-metadata-registry/imr-details/31,,,,PUBLISHED,Published,,2008.0,2008,,AFR,2008,2008,Africa,,NGA,Nigeria,,AGE30-34,30-34 years,,FMLE,Female,,,,,,,,76215.32,76215.32000,,,,,
3217,LIFE_0000000033,nLx - person-years lived between ages x and x+n,https://www.who.int/data/gho/indicator-metadata-registry/imr-details/33,,,,PUBLISHED,Published,,2008.0,2008,,AFR,2008,2008,Africa,,NGA,Nigeria,,AGE30-34,30-34 years,,FMLE,Female,,,,,,,,371948.5,371948.50000,,,,,
3218,LIFE_0000000031,lx - number of people left alive at age x,https://www.who.int/data/gho/indicator-metadata-registry/imr-details/31,,,,PUBLISHED,Published,,2008.0,2008,,AFR,2008,2008,Africa,,NGA,Nigeria,,AGE35-39,35-39 years,,FMLE,Female,,,,,,,,72554.43,72554.43000,,,,,
3219,LIFE_0000000033,nLx - person-years lived between ages x and x+n,https://www.who.int/data/gho/indicator-metadata-registry/imr-details/33,,,,PUBLISHED,Published,,2008.0,2008,,AFR,2008,2008,Africa,,NGA,Nigeria,,AGE35-39,35-39 years,,FMLE,Female,,,,,,,,352827.7,352827.70000,,,,,
3220,LIFE_0000000035,ex - expectation of life at age x,https://www.who.int/data/gho/indicator-metadata-registry/imr-details/35,,,,PUBLISHED,Published,,2008.0,2008,,AFR,2008,2008,Africa,,NGA,Nigeria,,AGE35-39,35-39 years,,FMLE,Female,,,,,,,,31.6,31.57037,,,,,
3221,LIFE_0000000033,nLx - person-years lived between ages x and x+n,https://www.who.int/data/gho/indicator-metadata-registry/imr-details/33,,,,PUBLISHED,Published,,2008.0,2008,,AFR,2008,2008,Africa,,NGA,Nigeria,,AGE40-44,40-44 years,,FMLE,Female,,,,,,,,333733.9,333733.90000,,,,,
3222,LIFE_0000000035,ex - expectation of life at age x,https://www.who.int/data/gho/indicator-metadata-registry/imr-details/35,,,,PUBLISHED,Published,,2008.0,2008,,AFR,2008,2008,Africa,,NGA,Nigeria,,AGE40-44,40-44 years,,FMLE,Female,,,,,,,,28.3,28.26330,,,,,
3223,LIFE_0000000035,ex - expectation of life at age x,https://www.who.int/data/gho/indicator-metadata-registry/imr-details/35,,,,PUBLISHED,Published,,2008.0,2008,,AFR,2008,2008,Africa,,NGA,Nigeria,,AGE45-49,45-49 years,,FMLE,Female,,,,,,,,24.7,24.70969,,,,,
3224,LIFE_0000000030,nqx - probability of dying between ages x and x+n,https://www.who.int/data/gho/indicator-metadata-registry/imr-details/30,,,,PUBLISHED,Published,,2008.0,2008,,AFR,2008,2008,Africa,,NGA,Nigeria,,AGE50-54,50-54 years,,FMLE,Female,,,,,,,,0.066,0.06585,,,,,
3225,LIFE_0000000030,nqx - probability of dying between ages x and x+n,https://www.who.int/data/gho/indicator-metadata-registry/imr-details/30,,,,PUBLISHED,Published,,2008.0,2008,,AFR,2008,2008,Africa,,NGA,Nigeria,,AGE55-59,55-59 years,,FMLE,Female,,,,,,,,0.084,0.08430,,,,,
3226,LIFE_0000000032,ndx - number of people dying between ages x and x+n,https://www.who.int/data/gho/indicator-metadata-registry/imr-details/32,,,,PUBLISHED,Published,,2008.0,2008,,AFR,2008,2008,Africa,,NGA,Nigeria,,AGE55-59,55-59 years,,FMLE,Female,,,,,,,,4836.222,4836.22200,,,,,
3227,LIFE_0000000030,nqx - probability of dying between ages x and x+n,https://www.who.int/data/gho/indicator-metadata-registry/imr-details/30,,,,PUBLISHED,Published,,2008.0,2008,,AFR,2008,2008,Africa,,NGA,Nigeria,,AGE60-64,60-64 years,,FMLE,Female,,,,,,,,0.149,0.14890,,,,,
3228,LIFE_0000000032,ndx - number of people dying between ages x and x+n,https://www.who.int/data/gho/indicator-metadata-registry/imr-details/32,,,,PUBLISHED,Published,,2008.0,2008,,AFR,2008,2008,Africa,,NGA,Nigeria,,AGE60-64,60-64 years,,FMLE,Female,,,,,,,,7822.604,7822.60400,,,,,
3229,LIFE_0000000032,ndx - number of people dying between ages x and x+n,https://www.who.int/data/gho/indicator-metadata-registry/imr-details/32,,,,PUBLISHED,Published,,2008.0,2008,,AFR,2008,2008,Africa,,NGA,Nigeria,,AGE65-69,65-69 years,,FMLE,Female,,,,,,,,10114.7,10114.70000,,,,,
3230,LIFE_0000000034,Tx - person-years lived above age x,https://www.who.int/data/gho/indicator-metadata-registry/imr-details/34,,,,PUBLISHED,Published,,2008.0,2008,,AFR,2008,2008,Africa,,NGA,Nigeria,,AGE65-69,65-69 years,,FMLE,Female,,,,,,,,471054.2,471054.20000,,,,,
3231,LIFE_0000000034,Tx - person-years lived above age x,https://www.who.int/data/gho/indicator-metadata-registry/imr-details/34,,,,PUBLISHED,Published,,2008.0,2008,,AFR,2008,2008,Africa,,NGA,Nigeria,,AGE70-74,70-74 years,,FMLE,Female,,,,,,,,271812.8,271812.80000,,,,,
3232,LIFE_0000000029,nMx - age-specific death rate between ages x and x+n,https://www.who.int/data/gho/indicator-metadata-registry/imr-details/29,,,,PUBLISHED,Published,,2008.0,2008,,AFR,2008,2008,Africa,,NGA,Nigeria,,AGE75-79,75-79 years,,FMLE,Female,,,,,,,,0.136,0.13649,,,,,
3233,LIFE_0000000034,Tx - person-years lived above age x,https://www.who.int/data/gho/indicator-metadata-registry/imr-details/34,,,,PUBLISHED,Published,,2008.0,2008,,AFR,2008,2008,Africa,,NGA,Nigeria,,AGE75-79,75-79 years,,FMLE,Female,,,,,,,,128598.2,128598.20000,,,,,
3234,LIFE_0000000029,nMx - age-specific death rate between ages x and x+n,https://www.who.int/data/gho/indicator-metadata-registry/imr-details/29,,,,PUBLISHED,Published,,2008.0,2008,,AFR,2008,2008,Africa,,NGA,Nigeria,,AGE80-84,80-84 years,,FMLE,Female,,,,,,,,0.218,0.21810,,,,,
3235,LIFE_0000000029,nMx - age-specific death rate between ages x and x+n,https://www.who.int/data/gho/indicator-metadata-registry/imr-details/29,,,,PUBLISHED,Published,,2008.0,2008,,AFR,2008,2008,Africa,,NGA,Nigeria,,AGE85PLUS,85+ years,,FMLE,Female,,,,,,,,0.341,0.34103,,,,,
3236,LIFE_0000000031,lx - number of people left alive at age x,https://www.who.int/data/gho/indicator-metadata-registry/imr-details/31,,,,PUBLISHED,Published,,2008.0,2008,,AFR,2008,2008,Africa,,NGA,Nigeria,,AGE85PLUS,85+ years,,FMLE,Female,,,,,,,,3584.221,3584.22100,,,,,
3237,LIFE_0000000031,lx - number of people left alive at age x,https://www.who.int/data/gho/indicator-metadata-registry/imr-details/31,,,,PUBLISHED,Published,,2009.0,2009,,AFR,2009,2009,Africa,,NGA,Nigeria,,AGELT1,<1 year,,MLE,Male,,,,,,,,100000,100000.00000,,,,,
3238,LIFE_0000000033,nLx - person-years lived between ages x and x+n,https://www.who.int/data/gho/indicator-metadata-registry/imr-details/33,,,,PUBLISHED,Published,,2009.0,2009,,AFR,2009,2009,Africa,,NGA,Nigeria,,AGELT1,<1 year,,MLE,Male,,,,,,,,93690.74,93690.74000,,,,,
3239,LIFE_0000000031,lx - number of people left alive at age x,https://www.who.int/data/gho/indicator-metadata-registry/imr-details/31,,,,PUBLISHED,Published,,2009.0,2009,,AFR,2009,2009,Africa,,NGA,Nigeria,,AGE1-4,1-4 years,,MLE,Male,,,,,,,,90917.31,90917.31000,,,,,
3240,LIFE_0000000033,nLx - person-years lived between ages x and x+n,https://www.who.int/data/gho/indicator-metadata-registry/imr-details/33,,,,PUBLISHED,Published,,2009.0,2009,,AFR,2009,2009,Africa,,NGA,Nigeria,,AGE1-4,1-4 years,,MLE,Male,,,,,,,,350782.3,350782.30000,,,,,
3241,LIFE_0000000033,nLx - person-years lived between ages x and x+n,https://www.who.int/data/gho/indicator-metadata-registry/imr-details/33,,,,PUBLISHED,Published,,2009.0,2009,,AFR,2009,2009,Africa,,NGA,Nigeria,,AGE5-9,5-9 years,,MLE,Male,,,,,,,,426410.1,426410.10000,,,,,
3242,LIFE_0000000035,ex - expectation of life at age x,https://www.who.int/data/gho/indicator-metadata-registry/imr-details/35,,,,PUBLISHED,Published,,2009.0,2009,,AFR,2009,2009,Africa,,NGA,Nigeria,,AGE5-9,5-9 years,,MLE,Male,,,,,,,,54.9,54.86897,,,,,
3243,LIFE_0000000035,ex - expectation of life at age x,https://www.who.int/data/gho/indicator-metadata-registry/imr-details/35,,,,PUBLISHED,Published,,2009.0,2009,,AFR,2009,2009,Africa,,NGA,Nigeria,,AGE10-14,10-14 years,,MLE,Male,,,,,,,,50.8,50.76244,,,,,
3244,LIFE_0000000030,nqx - probability of dying between ages x and x+n,https://www.who.int/data/gho/indicator-metadata-registry/imr-details/30,,,,PUBLISHED,Published,,2009.0,2009,,AFR,2009,2009,Africa,,NGA,Nigeria,,AGE15-19,15-19  years,,MLE,Male,,,,,,,,0.016,0.01646,,,,,
3245,LIFE_0000000035,ex - expectation of life at age x,https://www.who.int/data/gho/indicator-metadata-registry/imr-details/35,,,,PUBLISHED,Published,,2009.0,2009,,AFR,2009,2009,Africa,,NGA,Nigeria,,AGE15-19,15-19  years,,MLE,Male,,,,,,,,46.1,46.13626,,,,,
3246,LIFE_0000000030,nqx - probability of dying between ages x and x+n,https://www.who.int/data/gho/indicator-metadata-registry/imr-details/30,,,,PUBLISHED,Published,,2009.0,2009,,AFR,2009,2009,Africa,,NGA,Nigeria,,AGE20-24,20-24 years,,MLE,Male,,,,,,,,0.025,0.02545,,,,,
3247,LIFE_0000000030,nqx - probability of dying between ages x and x+n,https://www.who.int/data/gho/indicator-metadata-registry/imr-details/30,,,,PUBLISHED,Published,,2009.0,2009,,AFR,2009,2009,Africa,,NGA,Nigeria,,AGE25-29,25-29 years,,MLE,Male,,,,,,,,0.032,0.03167,,,,,
3248,LIFE_0000000032,ndx - number of people dying between ages x and x+n,https://www.who.int/data/gho/indicator-metadata-registry/imr-details/32,,,,PUBLISHED,Published,,2009.0,2009,,AFR,2009,2009,Africa,,NGA,Nigeria,,AGE25-29,25-29 years,,MLE,Male,,,,,,,,2547.457,2547.45700,,,,,
3249,LIFE_0000000032,ndx - number of people dying between ages x and x+n,https://www.who.int/data/gho/indicator-metadata-registry/imr-details/32,,,,PUBLISHED,Published,,2009.0,2009,,AFR,2009,2009,Africa,,NGA,Nigeria,,AGE30-34,30-34 years,,MLE,Male,,,,,,,,3152.642,3152.64200,,,,,
3250,LIFE_0000000034,Tx - person-years lived above age x,https://www.who.int/data/gho/indicator-metadata-registry/imr-details/34,,,,PUBLISHED,Published,,2009.0,2009,,AFR,2009,2009,Africa,,NGA,Nigeria,,AGE30-34,30-34 years,,MLE,Male,,,,,,,,2651848,2651848.00000,,,,,
3251,LIFE_0000000032,ndx - number of people dying between ages x and x+n,https://www.who.int/data/gho/indicator-metadata-registry/imr-details/32,,,,PUBLISHED,Published,,2009.0,2009,,AFR,2009,2009,Africa,,NGA,Nigeria,,AGE35-39,35-39 years,,MLE,Male,,,,,,,,3878.446,3878.44600,,,,,
3252,LIFE_0000000034,Tx - person-years lived above age x,https://www.who.int/data/gho/indicator-metadata-registry/imr-details/34,,,,PUBLISHED,Published,,2009.0,2009,,AFR,2009,2009,Africa,,NGA,Nigeria,,AGE35-39,35-39 years,,MLE,Male,,,,,,,,2270257,2270257.00000,,,,,
3253,LIFE_0000000034,Tx - person-years lived above age x,https://www.who.int/data/gho/indicator-metadata-registry/imr-details/34,,,,PUBLISHED,Published,,2009.0,2009,,AFR,2009,2009,Africa,,NGA,Nigeria,,AGE40-44,40-44 years,,MLE,Male,,,,,,,,1906115,1906115.00000,,,,,
3254,LIFE_0000000029,nMx - age-specific death rate between ages x and x+n,https://www.who.int/data/gho/indicator-metadata-registry/imr-details/29,,,,PUBLISHED,Published,,2009.0,2009,,AFR,2009,2009,Africa,,NGA,Nigeria,,AGE45-49,45-49 years,,MLE,Male,,,,,,,,0.014,0.01412,,,,,
3255,LIFE_0000000029,nMx - age-specific death rate between ages x and x+n,https://www.who.int/data/gho/indicator-metadata-registry/imr-details/29,,,,PUBLISHED,Published,,2009.0,2009,,AFR,2009,2009,Africa,,NGA,Nigeria,,AGE50-54,50-54 years,,MLE,Male,,,,,,,,0.018,0.01769,,,,,
3256,LIFE_0000000031,lx - number of people left alive at age x,https://www.who.int/data/gho/indicator-metadata-registry/imr-details/31,,,,PUBLISHED,Published,,2009.0,2009,,AFR,2009,2009,Africa,,NGA,Nigeria,,AGE50-54,50-54 years,,MLE,Male,,,,,,,,62077.59,62077.59000,,,,,
3257,LIFE_0000000029,nMx - age-specific death rate between ages x and x+n,https://www.who.int/data/gho/indicator-metadata-registry/imr-details/29,,,,PUBLISHED,Published,,2009.0,2009,,AFR,2009,2009,Africa,,NGA,Nigeria,,AGE55-59,55-59 years,,MLE,Male,,,,,,,,0.023,0.02262,,,,,
3258,LIFE_0000000031,lx - number of people left alive at age x,https://www.who.int/data/gho/indicator-metadata-registry/imr-details/31,,,,PUBLISHED,Published,,2009.0,2009,,AFR,2009,2009,Africa,,NGA,Nigeria,,AGE55-59,55-59 years,,MLE,Male,,,,,,,,56812.65,56812.65000,,,,,
3259,LIFE_0000000031,lx - number of people left alive at age x,https://www.who.int/data/gho/indicator-metadata-registry/imr-details/31,,,,PUBLISHED,Published,,2009.0,2009,,AFR,2009,2009,Africa,,NGA,Nigeria,,AGE60-64,60-64 years,,MLE,Male,,,,,,,,50716.67,50716.67000,,,,,
3260,LIFE_0000000033,nLx - person-years lived between ages x and x+n,https://www.who.int/data/gho/indicator-metadata-registry/imr-details/33,,,,PUBLISHED,Published,,2009.0,2009,,AFR,2009,2009,Africa,,NGA,Nigeria,,AGE60-64,60-64 years,,MLE,Male,,,,,,,,233570.2,233570.20000,,,,,
3261,LIFE_0000000033,nLx - person-years lived between ages x and x+n,https://www.who.int/data/gho/indicator-metadata-registry/imr-details/33,,,,PUBLISHED,Published,,2009.0,2009,,AFR,2009,2009,Africa,,NGA,Nigeria,,AGE65-69,65-69 years,,MLE,Male,,,,,,,,187596,187596.00000,,,,,
3262,LIFE_0000000035,ex - expectation of life at age x,https://www.who.int/data/gho/indicator-metadata-registry/imr-details/35,,,,PUBLISHED,Published,,2009.0,2009,,AFR,2009,2009,Africa,,NGA,Nigeria,,AGE65-69,65-69 years,,MLE,Male,,,,,,,,10.4,10.36238,,,,,
3263,LIFE_0000000033,nLx - person-years lived between ages x and x+n,https://www.who.int/data/gho/indicator-metadata-registry/imr-details/33,,,,PUBLISHED,Published,,2009.0,2009,,AFR,2009,2009,Africa,,NGA,Nigeria,,AGE70-74,70-74 years,,MLE,Male,,,,,,,,133386.9,133386.90000,,,,,
3264,LIFE_0000000035,ex - expectation of life at age x,https://www.who.int/data/gho/indicator-metadata-registry/imr-details/35,,,,PUBLISHED,Published,,2009.0,2009,,AFR,2009,2009,Africa,,NGA,Nigeria,,AGE70-74,70-74 years,,MLE,Male,,,,,,,,7.8,7.78009,,,,,
3265,LIFE_0000000035,ex - expectation of life at age x,https://www.who.int/data/gho/indicator-metadata-registry/imr-details/35,,,,PUBLISHED,Published,,2009.0,2009,,AFR,2009,2009,Africa,,NGA,Nigeria,,AGE75-79,75-79 years,,MLE,Male,,,,,,,,5.7,5.65879,,,,,
3266,LIFE_0000000030,nqx - probability of dying between ages x and x+n,https://www.who.int/data/gho/indicator-metadata-registry/imr-details/30,,,,PUBLISHED,Published,,2009.0,2009,,AFR,2009,2009,Africa,,NGA,Nigeria,,AGE80-84,80-84 years,,MLE,Male,,,,,,,,0.68,0.68002,,,,,
3267,LIFE_0000000030,nqx - probability of dying between ages x and x+n,https://www.who.int/data/gho/indicator-metadata-registry/imr-details/30,,,,PUBLISHED,Published,,2009.0,2009,,AFR,2009,2009,Africa,,NGA,Nigeria,,AGE85PLUS,85+ years,,MLE,Male,,,,,,,,1,1.00000,,,,,
3268,LIFE_0000000032,ndx - number of people dying between ages x and x+n,https://www.who.int/data/gho/indicator-metadata-registry/imr-details/32,,,,PUBLISHED,Published,,2009.0,2009,,AFR,2009,2009,Africa,,NGA,Nigeria,,AGE85PLUS,85+ years,,MLE,Male,,,,,,,,3287.019,3287.01900,,,,,
3269,LIFE_0000000030,nqx - probability of dying between ages x and x+n,https://www.who.int/data/gho/indicator-metadata-registry/imr-details/30,,,,PUBLISHED,Published,,2009.0,2009,,AFR,2009,2009,Africa,,NGA,Nigeria,,AGELT1,<1 year,,FMLE,Female,,,,,,,,0.08,0.07965,,,,,
3270,LIFE_0000000032,ndx - number of people dying between ages x and x+n,https://www.who.int/data/gho/indicator-metadata-registry/imr-details/32,,,,PUBLISHED,Published,,2009.0,2009,,AFR,2009,2009,Africa,,NGA,Nigeria,,AGELT1,<1 year,,FMLE,Female,,,,,,,,7965.013,7965.01300,,,,,
3271,LIFE_0000000034,Tx - person-years lived above age x,https://www.who.int/data/gho/indicator-metadata-registry/imr-details/34,,,,PUBLISHED,Published,,2009.0,2009,,AFR,2009,2009,Africa,,NGA,Nigeria,,AGELT1,<1 year,,FMLE,Female,,,,,,,,5215522,5215522.00000,,,,,
3272,LIFE_0000000032,ndx - number of people dying between ages x and x+n,https://www.who.int/data/gho/indicator-metadata-registry/imr-details/32,,,,PUBLISHED,Published,,2009.0,2009,,AFR,2009,2009,Africa,,NGA,Nigeria,,AGE1-4,1-4 years,,FMLE,Female,,,,,,,,5228.519,5228.51900,,,,,
3273,LIFE_0000000034,Tx - person-years lived above age x,https://www.who.int/data/gho/indicator-metadata-registry/imr-details/34,,,,PUBLISHED,Published,,2009.0,2009,,AFR,2009,2009,Africa,,NGA,Nigeria,,AGE1-4,1-4 years,,FMLE,Female,,,,,,,,5121155,5121155.00000,,,,,
3274,LIFE_0000000034,Tx - person-years lived above age x,https://www.who.int/data/gho/indicator-metadata-registry/imr-details/34,,,,PUBLISHED,Published,,2009.0,2009,,AFR,2009,2009,Africa,,NGA,Nigeria,,AGE5-9,5-9 years,,FMLE,Female,,,,,,,,4766649,4766649.00000,,,,,
3275,LIFE_0000000029,nMx - age-specific death rate between ages x and x+n,https://www.who.int/data/gho/indicator-metadata-registry/imr-details/29,,,,PUBLISHED,Published,,2009.0,2009,,AFR,2009,2009,Africa,,NGA,Nigeria,,AGE10-14,10-14 years,,FMLE,Female,,,,,,,,0.002,0.00200,,,,,
3276,LIFE_0000000034,Tx - person-years lived above age x,https://www.who.int/data/gho/indicator-metadata-registry/imr-details/34,,,,PUBLISHED,Published,,2009.0,2009,,AFR,2009,2009,Africa,,NGA,Nigeria,,AGE10-14,10-14 years,,FMLE,Female,,,,,,,,4337342,4337342.00000,,,,,
3277,LIFE_0000000029,nMx - age-specific death rate between ages x and x+n,https://www.who.int/data/gho/indicator-metadata-registry/imr-details/29,,,,PUBLISHED,Published,,2009.0,2009,,AFR,2009,2009,Africa,,NGA,Nigeria,,AGE15-19,15-19  years,,FMLE,Female,,,,,,,,0.004,0.00427,,,,,
3278,LIFE_0000000031,lx - number of people left alive at age x,https://www.who.int/data/gho/indicator-metadata-registry/imr-details/31,,,,PUBLISHED,Published,,2009.0,2009,,AFR,2009,2009,Africa,,NGA,Nigeria,,AGE15-19,15-19  years,,FMLE,Female,,,,,,,,84069.58,84069.58000,,,,,
3279,LIFE_0000000029,nMx - age-specific death rate between ages x and x+n,https://www.who.int/data/gho/indicator-metadata-registry/imr-details/29,,,,PUBLISHED,Published,,2009.0,2009,,AFR,2009,2009,Africa,,NGA,Nigeria,,AGE20-24,20-24 years,,FMLE,Female,,,,,,,,0.006,0.00568,,,,,
3280,LIFE_0000000031,lx - number of people left alive at age x,https://www.who.int/data/gho/indicator-metadata-registry/imr-details/31,,,,PUBLISHED,Published,,2009.0,2009,,AFR,2009,2009,Africa,,NGA,Nigeria,,AGE20-24,20-24 years,,FMLE,Female,,,,,,,,82294.09,82294.09000,,,,,
3281,LIFE_0000000031,lx - number of people left alive at age x,https://www.who.int/data/gho/indicator-metadata-registry/imr-details/31,,,,PUBLISHED,Published,,2009.0,2009,,AFR,2009,2009,Africa,,NGA,Nigeria,,AGE25-29,25-29 years,,FMLE,Female,,,,,,,,79989.99,79989.99000,,,,,
3282,LIFE_0000000033,nLx - person-years lived between ages x and x+n,https://www.who.int/data/gho/indicator-metadata-registry/imr-details/33,,,,PUBLISHED,Published,,2009.0,2009,,AFR,2009,2009,Africa,,NGA,Nigeria,,AGE25-29,25-29 years,,FMLE,Female,,,,,,,,392287.6,392287.60000,,,,,
3283,LIFE_0000000033,nLx - person-years lived between ages x and x+n,https://www.who.int/data/gho/indicator-metadata-registry/imr-details/33,,,,PUBLISHED,Published,,2009.0,2009,,AFR,2009,2009,Africa,,NGA,Nigeria,,AGE30-34,30-34 years,,FMLE,Female,,,,,,,,375661.6,375661.60000,,,,,
3284,LIFE_0000000035,ex - expectation of life at age x,https://www.who.int/data/gho/indicator-metadata-registry/imr-details/35,,,,PUBLISHED,Published,,2009.0,2009,,AFR,2009,2009,Africa,,NGA,Nigeria,,AGE30-34,30-34 years,,FMLE,Female,,,,,,,,35.1,35.11305,,,,,
3285,LIFE_0000000033,nLx - person-years lived between ages x and x+n,https://www.who.int/data/gho/indicator-metadata-registry/imr-details/33,,,,PUBLISHED,Published,,2009.0,2009,,AFR,2009,2009,Africa,,NGA,Nigeria,,AGE35-39,35-39 years,,FMLE,Female,,,,,,,,356810.1,356810.10000,,,,,
3286,LIFE_0000000035,ex - expectation of life at age x,https://www.who.int/data/gho/indicator-metadata-registry/imr-details/35,,,,PUBLISHED,Published,,2009.0,2009,,AFR,2009,2009,Africa,,NGA,Nigeria,,AGE35-39,35-39 years,,FMLE,Female,,,,,,,,31.7,31.70024,,,,,
3287,LIFE_0000000035,ex - expectation of life at age x,https://www.who.int/data/gho/indicator-metadata-registry/imr-details/35,,,,PUBLISHED,Published,,2009.0,2009,,AFR,2009,2009,Africa,,NGA,Nigeria,,AGE40-44,40-44 years,,FMLE,Female,,,,,,,,28.4,28.37395,,,,,
3288,LIFE_0000000030,nqx - probability of dying between ages x and x+n,https://www.who.int/data/gho/indicator-metadata-registry/imr-details/30,,,,PUBLISHED,Published,,2009.0,2009,,AFR,2009,2009,Africa,,NGA,Nigeria,,AGE45-49,45-49 years,,FMLE,Female,,,,,,,,0.053,0.05328,,,,,
3289,LIFE_0000000030,nqx - probability of dying between ages x and x+n,https://www.who.int/data/gho/indicator-metadata-registry/imr-details/30,,,,PUBLISHED,Published,,2009.0,2009,,AFR,2009,2009,Africa,,NGA,Nigeria,,AGE50-54,50-54 years,,FMLE,Female,,,,,,,,0.065,0.06514,,,,,
3290,LIFE_0000000032,ndx - number of people dying between ages x and x+n,https://www.who.int/data/gho/indicator-metadata-registry/imr-details/32,,,,PUBLISHED,Published,,2009.0,2009,,AFR,2009,2009,Africa,,NGA,Nigeria,,AGE50-54,50-54 years,,FMLE,Female,,,,,,,,4053.325,4053.32500,,,,,
3291,LIFE_0000000030,nqx - probability of dying between ages x and x+n,https://www.who.int/data/gho/indicator-metadata-registry/imr-details/30,,,,PUBLISHED,Published,,2009.0,2009,,AFR,2009,2009,Africa,,NGA,Nigeria,,AGE55-59,55-59 years,,FMLE,Female,,,,,,,,0.084,0.08357,,,,,
3292,LIFE_0000000032,ndx - number of people dying between ages x and x+n,https://www.who.int/data/gho/indicator-metadata-registry/imr-details/32,,,,PUBLISHED,Published,,2009.0,2009,,AFR,2009,2009,Africa,,NGA,Nigeria,,AGE55-59,55-59 years,,FMLE,Female,,,,,,,,4861.913,4861.91300,,,,,
3293,LIFE_0000000032,ndx - number of people dying between ages x and x+n,https://www.who.int/data/gho/indicator-metadata-registry/imr-details/32,,,,PUBLISHED,Published,,2009.0,2009,,AFR,2009,2009,Africa,,NGA,Nigeria,,AGE60-64,60-64 years,,FMLE,Female,,,,,,,,7844.887,7844.88700,,,,,
3294,LIFE_0000000034,Tx - person-years lived above age x,https://www.who.int/data/gho/indicator-metadata-registry/imr-details/34,,,,PUBLISHED,Published,,2009.0,2009,,AFR,2009,2009,Africa,,NGA,Nigeria,,AGE60-64,60-64 years,,FMLE,Female,,,,,,,,729474.7,729474.70000,,,,,
3295,LIFE_0000000034,Tx - person-years lived above age x,https://www.who.int/data/gho/indicator-metadata-registry/imr-details/34,,,,PUBLISHED,Published,,2009.0,2009,,AFR,2009,2009,Africa,,NGA,Nigeria,,AGE65-69,65-69 years,,FMLE,Female,,,,,,,,481470.4,481470.40000,,,,,
3296,LIFE_0000000029,nMx - age-specific death rate between ages x and x+n,https://www.who.int/data/gho/indicator-metadata-registry/imr-details/29,,,,PUBLISHED,Published,,2009.0,2009,,AFR,2009,2009,Africa,,NGA,Nigeria,,AGE70-74,70-74 years,,FMLE,Female,,,,,,,,0.083,0.08341,,,,,
3297,LIFE_0000000034,Tx - person-years lived above age x,https://www.who.int/data/gho/indicator-metadata-registry/imr-details/34,,,,PUBLISHED,Published,,2009.0,2009,,AFR,2009,2009,Africa,,NGA,Nigeria,,AGE70-74,70-74 years,,FMLE,Female,,,,,,,,278597.1,278597.10000,,,,,
3298,LIFE_0000000029,nMx - age-specific death rate between ages x and x+n,https://www.who.int/data/gho/indicator-metadata-registry/imr-details/29,,,,PUBLISHED,Published,,2009.0,2009,,AFR,2009,2009,Africa,,NGA,Nigeria,,AGE75-79,75-79 years,,FMLE,Female,,,,,,,,0.135,0.13550,,,,,
3299,LIFE_0000000029,nMx - age-specific death rate between ages x and x+n,https://www.who.int/data/gho/indicator-metadata-registry/imr-details/29,,,,PUBLISHED,Published,,2009.0,2009,,AFR,2009,2009,Africa,,NGA,Nigeria,,AGE80-84,80-84 years,,FMLE,Female,,,,,,,,0.217,0.21695,,,,,
3300,LIFE_0000000031,lx - number of people left alive at age x,https://www.who.int/data/gho/indicator-metadata-registry/imr-details/31,,,,PUBLISHED,Published,,2009.0,2009,,AFR,2009,2009,Africa,,NGA,Nigeria,,AGE80-84,80-84 years,,FMLE,Female,,,,,,,,11498.56,11498.56000,,,,,
3301,LIFE_0000000031,lx - number of people left alive at age x,https://www.who.int/data/gho/indicator-metadata-registry/imr-details/31,,,,PUBLISHED,Published,,2009.0,2009,,AFR,2009,2009,Africa,,NGA,Nigeria,,AGE85PLUS,85+ years,,FMLE,Female,,,,,,,,3710.873,3710.87300,,,,,
3302,LIFE_0000000033,nLx - person-years lived between ages x and x+n,https://www.who.int/data/gho/indicator-metadata-registry/imr-details/33,,,,PUBLISHED,Published,,2009.0,2009,,AFR,2009,2009,Africa,,NGA,Nigeria,,AGE85PLUS,85+ years,,FMLE,Female,,,,,,,,10912.17,10912.17000,,,,,
3303,LIFE_0000000031,lx - number of people left alive at age x,https://www.who.int/data/gho/indicator-metadata-registry/imr-details/31,,,,PUBLISHED,Published,,2010.0,2010,,AFR,2010,2010,Africa,,NGA,Nigeria,,AGELT1,<1 year,,MLE,Male,,,,,,,,100000,100000.00000,,,,,
3304,LIFE_0000000033,nLx - person-years lived between ages x and x+n,https://www.who.int/data/gho/indicator-metadata-registry/imr-details/33,,,,PUBLISHED,Published,,2010.0,2010,,AFR,2010,2010,Africa,,NGA,Nigeria,,AGELT1,<1 year,,MLE,Male,,,,,,,,93829.07,93829.07000,,,,,
3305,LIFE_0000000033,nLx - person-years lived between ages x and x+n,https://www.who.int/data/gho/indicator-metadata-registry/imr-details/33,,,,PUBLISHED,Published,,2010.0,2010,,AFR,2010,2010,Africa,,NGA,Nigeria,,AGE1-4,1-4 years,,MLE,Male,,,,,,,,352652.2,352652.20000,,,,,
3306,LIFE_0000000035,ex - expectation of life at age x,https://www.who.int/data/gho/indicator-metadata-registry/imr-details/35,,,,PUBLISHED,Published,,2010.0,2010,,AFR,2010,2010,Africa,,NGA,Nigeria,,AGE1-4,1-4 years,,MLE,Male,,,,,,,,56.1,56.08719,,,,,
3307,LIFE_0000000035,ex - expectation of life at age x,https://www.who.int/data/gho/indicator-metadata-registry/imr-details/35,,,,PUBLISHED,Published,,2010.0,2010,,AFR,2010,2010,Africa,,NGA,Nigeria,,AGE5-9,5-9 years,,MLE,Male,,,,,,,,55.1,55.05762,,,,,
3308,LIFE_0000000030,nqx - probability of dying between ages x and x+n,https://www.who.int/data/gho/indicator-metadata-registry/imr-details/30,,,,PUBLISHED,Published,,2010.0,2010,,AFR,2010,2010,Africa,,NGA,Nigeria,,AGE10-14,10-14 years,,MLE,Male,,,,,,,,0.008,0.00755,,,,,
3309,LIFE_0000000035,ex - expectation of life at age x,https://www.who.int/data/gho/indicator-metadata-registry/imr-details/35,,,,PUBLISHED,Published,,2010.0,2010,,AFR,2010,2010,Africa,,NGA,Nigeria,,AGE10-14,10-14 years,,MLE,Male,,,,,,,,50.9,50.91970,,,,,
3310,LIFE_0000000030,nqx - probability of dying between ages x and x+n,https://www.who.int/data/gho/indicator-metadata-registry/imr-details/30,,,,PUBLISHED,Published,,2010.0,2010,,AFR,2010,2010,Africa,,NGA,Nigeria,,AGE15-19,15-19  years,,MLE,Male,,,,,,,,0.016,0.01644,,,,,
3311,LIFE_0000000030,nqx - probability of dying between ages x and x+n,https://www.who.int/data/gho/indicator-metadata-registry/imr-details/30,,,,PUBLISHED,Published,,2010.0,2010,,AFR,2010,2010,Africa,,NGA,Nigeria,,AGE20-24,20-24 years,,MLE,Male,,,,,,,,0.025,0.02515,,,,,
3312,LIFE_0000000032,ndx - number of people dying between ages x and x+n,https://www.who.int/data/gho/indicator-metadata-registry/imr-details/32,,,,PUBLISHED,Published,,2010.0,2010,,AFR,2010,2010,Africa,,NGA,Nigeria,,AGE20-24,20-24 years,,MLE,Male,,,,,,,,2090.417,2090.41700,,,,,
3313,LIFE_0000000032,ndx - number of people dying between ages x and x+n,https://www.who.int/data/gho/indicator-metadata-registry/imr-details/32,,,,PUBLISHED,Published,,2010.0,2010,,AFR,2010,2010,Africa,,NGA,Nigeria,,AGE25-29,25-29 years,,MLE,Male,,,,,,,,2500.474,2500.47400,,,,,
3314,LIFE_0000000034,Tx - person-years lived above age x,https://www.who.int/data/gho/indicator-metadata-registry/imr-details/34,,,,PUBLISHED,Published,,2010.0,2010,,AFR,2010,2010,Africa,,NGA,Nigeria,,AGE25-29,25-29 years,,MLE,Male,,,,,,,,3081598,3081598.00000,,,,,
3315,LIFE_0000000032,ndx - number of people dying between ages x and x+n,https://www.who.int/data/gho/indicator-metadata-registry/imr-details/32,,,,PUBLISHED,Published,,2010.0,2010,,AFR,2010,2010,Africa,,NGA,Nigeria,,AGE30-34,30-34 years,,MLE,Male,,,,,,,,3114.715,3114.71500,,,,,
3316,LIFE_0000000034,Tx - person-years lived above age x,https://www.who.int/data/gho/indicator-metadata-registry/imr-details/34,,,,PUBLISHED,Published,,2010.0,2010,,AFR,2010,2010,Africa,,NGA,Nigeria,,AGE30-34,30-34 years,,MLE,Male,,,,,,,,2682740,2682740.00000,,,,,
3317,LIFE_0000000034,Tx - person-years lived above age x,https://www.who.int/data/gho/indicator-metadata-registry/imr-details/34,,,,PUBLISHED,Published,,2010.0,2010,,AFR,2010,2010,Africa,,NGA,Nigeria,,AGE35-39,35-39 years,,MLE,Male,,,,,,,,2297894,2297894.00000,,,,,
3318,LIFE_0000000029,nMx - age-specific death rate between ages x and x+n,https://www.who.int/data/gho/indicator-metadata-registry/imr-details/29,,,,PUBLISHED,Published,,2010.0,2010,,AFR,2010,2010,Africa,,NGA,Nigeria,,AGE40-44,40-44 years,,MLE,Male,,,,,,,,0.012,0.01206,,,,,
3319,LIFE_0000000029,nMx - age-specific death rate between ages x and x+n,https://www.who.int/data/gho/indicator-metadata-registry/imr-details/29,,,,PUBLISHED,Published,,2010.0,2010,,AFR,2010,2010,Africa,,NGA,Nigeria,,AGE45-49,45-49 years,,MLE,Male,,,,,,,,0.014,0.01400,,,,,
3320,LIFE_0000000031,lx - number of people left alive at age x,https://www.who.int/data/gho/indicator-metadata-registry/imr-details/31,,,,PUBLISHED,Published,,2010.0,2010,,AFR,2010,2010,Africa,,NGA,Nigeria,,AGE45-49,45-49 years,,MLE,Male,,,,,,,,67313.05,67313.05000,,,,,
3321,LIFE_0000000029,nMx - age-specific death rate between ages x and x+n,https://www.who.int/data/gho/indicator-metadata-registry/imr-details/29,,,,PUBLISHED,Published,,2010.0,2010,,AFR,2010,2010,Africa,,NGA,Nigeria,,AGE50-54,50-54 years,,MLE,Male,,,,,,,,0.018,0.01754,,,,,
3322,LIFE_0000000031,lx - number of people left alive at age x,https://www.who.int/data/gho/indicator-metadata-registry/imr-details/31,,,,PUBLISHED,Published,,2010.0,2010,,AFR,2010,2010,Africa,,NGA,Nigeria,,AGE50-54,50-54 years,,MLE,Male,,,,,,,,62755.77,62755.77000,,,,,
3323,LIFE_0000000031,lx - number of people left alive at age x,https://www.who.int/data/gho/indicator-metadata-registry/imr-details/31,,,,PUBLISHED,Published,,2010.0,2010,,AFR,2010,2010,Africa,,NGA,Nigeria,,AGE55-59,55-59 years,,MLE,Male,,,,,,,,57476.59,57476.59000,,,,,
3324,LIFE_0000000033,nLx - person-years lived between ages x and x+n,https://www.who.int/data/gho/indicator-metadata-registry/imr-details/33,,,,PUBLISHED,Published,,2010.0,2010,,AFR,2010,2010,Africa,,NGA,Nigeria,,AGE55-59,55-59 years,,MLE,Male,,,,,,,,272697.1,272697.10000,,,,,
3325,LIFE_0000000033,nLx - person-years lived between ages x and x+n,https://www.who.int/data/gho/indicator-metadata-registry/imr-details/33,,,,PUBLISHED,Published,,2010.0,2010,,AFR,2010,2010,Africa,,NGA,Nigeria,,AGE60-64,60-64 years,,MLE,Male,,,,,,,,236686.6,236686.60000,,,,,
3326,LIFE_0000000035,ex - expectation of life at age x,https://www.who.int/data/gho/indicator-metadata-registry/imr-details/35,,,,PUBLISHED,Published,,2010.0,2010,,AFR,2010,2010,Africa,,NGA,Nigeria,,AGE60-64,60-64 years,,MLE,Male,,,,,,,,13.3,13.31758,,,,,
3327,LIFE_0000000033,nLx - person-years lived between ages x and x+n,https://www.who.int/data/gho/indicator-metadata-registry/imr-details/33,,,,PUBLISHED,Published,,2010.0,2010,,AFR,2010,2010,Africa,,NGA,Nigeria,,AGE65-69,65-69 years,,MLE,Male,,,,,,,,190475.9,190475.90000,,,,,
3328,LIFE_0000000035,ex - expectation of life at age x,https://www.who.int/data/gho/indicator-metadata-registry/imr-details/35,,,,PUBLISHED,Published,,2010.0,2010,,AFR,2010,2010,Africa,,NGA,Nigeria,,AGE65-69,65-69 years,,MLE,Male,,,,,,,,10.4,10.39882,,,,,
3329,LIFE_0000000030,nqx - probability of dying between ages x and x+n,https://www.who.int/data/gho/indicator-metadata-registry/imr-details/30,,,,PUBLISHED,Published,,2010.0,2010,,AFR,2010,2010,Africa,,NGA,Nigeria,,AGE70-74,70-74 years,,MLE,Male,,,,,,,,0.352,0.35188,,,,,
3330,LIFE_0000000035,ex - expectation of life at age x,https://www.who.int/data/gho/indicator-metadata-registry/imr-details/35,,,,PUBLISHED,Published,,2010.0,2010,,AFR,2010,2010,Africa,,NGA,Nigeria,,AGE70-74,70-74 years,,MLE,Male,,,,,,,,7.8,7.80445,,,,,
3331,LIFE_0000000030,nqx - probability of dying between ages x and x+n,https://www.who.int/data/gho/indicator-metadata-registry/imr-details/30,,,,PUBLISHED,Published,,2010.0,2010,,AFR,2010,2010,Africa,,NGA,Nigeria,,AGE75-79,75-79 years,,MLE,Male,,,,,,,,0.507,0.50734,,,,,
3332,LIFE_0000000030,nqx - probability of dying between ages x and x+n,https://www.who.int/data/gho/indicator-metadata-registry/imr-details/30,,,,PUBLISHED,Published,,2010.0,2010,,AFR,2010,2010,Africa,,NGA,Nigeria,,AGE80-84,80-84 years,,MLE,Male,,,,,,,,0.679,0.67930,,,,,
3333,LIFE_0000000032,ndx - number of people dying between ages x and x+n,https://www.who.int/data/gho/indicator-metadata-registry/imr-details/32,,,,PUBLISHED,Published,,2010.0,2010,,AFR,2010,2010,Africa,,NGA,Nigeria,,AGE80-84,80-84 years,,MLE,Male,,,,,,,,7134.445,7134.44500,,,,,
3334,LIFE_0000000030,nqx - probability of dying between ages x and x+n,https://www.who.int/data/gho/indicator-metadata-registry/imr-details/30,,,,PUBLISHED,Published,,2010.0,2010,,AFR,2010,2010,Africa,,NGA,Nigeria,,AGE85PLUS,85+ years,,MLE,Male,,,,,,,,1,1.00000,,,,,
3335,LIFE_0000000032,ndx - number of people dying between ages x and x+n,https://www.who.int/data/gho/indicator-metadata-registry/imr-details/32,,,,PUBLISHED,Published,,2010.0,2010,,AFR,2010,2010,Africa,,NGA,Nigeria,,AGE85PLUS,85+ years,,MLE,Male,,,,,,,,3368.221,3368.22100,,,,,
3336,LIFE_0000000034,Tx - person-years lived above age x,https://www.who.int/data/gho/indicator-metadata-registry/imr-details/34,,,,PUBLISHED,Published,,2010.0,2010,,AFR,2010,2010,Africa,,NGA,Nigeria,,AGE85PLUS,85+ years,,MLE,Male,,,,,,,,9647.264,9647.26400,,,,,
3337,LIFE_0000000032,ndx - number of people dying between ages x and x+n,https://www.who.int/data/gho/indicator-metadata-registry/imr-details/32,,,,PUBLISHED,Published,,2010.0,2010,,AFR,2010,2010,Africa,,NGA,Nigeria,,AGELT1,<1 year,,FMLE,Female,,,,,,,,7702.256,7702.25600,,,,,
3338,LIFE_0000000034,Tx - person-years lived above age x,https://www.who.int/data/gho/indicator-metadata-registry/imr-details/34,,,,PUBLISHED,Published,,2010.0,2010,,AFR,2010,2010,Africa,,NGA,Nigeria,,AGELT1,<1 year,,FMLE,Female,,,,,,,,5261500,5261500.00000,,,,,
3339,LIFE_0000000034,Tx - person-years lived above age x,https://www.who.int/data/gho/indicator-metadata-registry/imr-details/34,,,,PUBLISHED,Published,,2010.0,2010,,AFR,2010,2010,Africa,,NGA,Nigeria,,AGE1-4,1-4 years,,FMLE,Female,,,,,,,,5167003,5167003.00000,,,,,
3340,LIFE_0000000029,nMx - age-specific death rate between ages x and x+n,https://www.who.int/data/gho/indicator-metadata-registry/imr-details/29,,,,PUBLISHED,Published,,2010.0,2010,,AFR,2010,2010,Africa,,NGA,Nigeria,,AGE5-9,5-9 years,,FMLE,Female,,,,,,,,0.004,0.00424,,,,,
3341,LIFE_0000000034,Tx - person-years lived above age x,https://www.who.int/data/gho/indicator-metadata-registry/imr-details/34,,,,PUBLISHED,Published,,2010.0,2010,,AFR,2010,2010,Africa,,NGA,Nigeria,,AGE5-9,5-9 years,,FMLE,Female,,,,,,,,4810775,4810775.00000,,,,,
3342,LIFE_0000000029,nMx - age-specific death rate between ages x and x+n,https://www.who.int/data/gho/indicator-metadata-registry/imr-details/29,,,,PUBLISHED,Published,,2010.0,2010,,AFR,2010,2010,Africa,,NGA,Nigeria,,AGE10-14,10-14 years,,FMLE,Female,,,,,,,,0.002,0.00196,,,,,
3343,LIFE_0000000031,lx - number of people left alive at age x,https://www.who.int/data/gho/indicator-metadata-registry/imr-details/31,,,,PUBLISHED,Published,,2010.0,2010,,AFR,2010,2010,Africa,,NGA,Nigeria,,AGE10-14,10-14 years,,FMLE,Female,,,,,,,,85486.88,85486.88000,,,,,
3344,LIFE_0000000029,nMx - age-specific death rate between ages x and x+n,https://www.who.int/data/gho/indicator-metadata-registry/imr-details/29,,,,PUBLISHED,Published,,2010.0,2010,,AFR,2010,2010,Africa,,NGA,Nigeria,,AGE15-19,15-19  years,,FMLE,Female,,,,,,,,0.004,0.00426,,,,,
3345,LIFE_0000000031,lx - number of people left alive at age x,https://www.who.int/data/gho/indicator-metadata-registry/imr-details/31,,,,PUBLISHED,Published,,2010.0,2010,,AFR,2010,2010,Africa,,NGA,Nigeria,,AGE15-19,15-19  years,,FMLE,Female,,,,,,,,84651.91,84651.91000,,,,,
3346,LIFE_0000000031,lx - number of people left alive at age x,https://www.who.int/data/gho/indicator-metadata-registry/imr-details/31,,,,PUBLISHED,Published,,2010.0,2010,,AFR,2010,2010,Africa,,NGA,Nigeria,,AGE20-24,20-24 years,,FMLE,Female,,,,,,,,82868.27,82868.27000,,,,,
3347,LIFE_0000000033,nLx - person-years lived between ages x and x+n,https://www.who.int/data/gho/indicator-metadata-registry/imr-details/33,,,,PUBLISHED,Published,,2010.0,2010,,AFR,2010,2010,Africa,,NGA,Nigeria,,AGE20-24,20-24 years,,FMLE,Female,,,,,,,,408724.3,408724.30000,,,,,
3348,LIFE_0000000033,nLx - person-years lived between ages x and x+n,https://www.who.int/data/gho/indicator-metadata-registry/imr-details/33,,,,PUBLISHED,Published,,2010.0,2010,,AFR,2010,2010,Africa,,NGA,Nigeria,,AGE25-29,25-29 years,,FMLE,Female,,,,,,,,395356.3,395356.30000,,,,,
3349,LIFE_0000000035,ex - expectation of life at age x,https://www.who.int/data/gho/indicator-metadata-registry/imr-details/35,,,,PUBLISHED,Published,,2010.0,2010,,AFR,2010,2010,Africa,,NGA,Nigeria,,AGE25-29,25-29 years,,FMLE,Female,,,,,,,,38.8,38.79314,,,,,
3350,LIFE_0000000033,nLx - person-years lived between ages x and x+n,https://www.who.int/data/gho/indicator-metadata-registry/imr-details/33,,,,PUBLISHED,Published,,2010.0,2010,,AFR,2010,2010,Africa,,NGA,Nigeria,,AGE30-34,30-34 years,,FMLE,Female,,,,,,,,378999.8,378999.80000,,,,,
3351,LIFE_0000000035,ex - expectation of life at age x,https://www.who.int/data/gho/indicator-metadata-registry/imr-details/35,,,,PUBLISHED,Published,,2010.0,2010,,AFR,2010,2010,Africa,,NGA,Nigeria,,AGE30-34,30-34 years,,FMLE,Female,,,,,,,,35.2,35.20394,,,,,
3352,LIFE_0000000035,ex - expectation of life at age x,https://www.who.int/data/gho/indicator-metadata-registry/imr-details/35,,,,PUBLISHED,Published,,2010.0,2010,,AFR,2010,2010,Africa,,NGA,Nigeria,,AGE35-39,35-39 years,,FMLE,Female,,,,,,,,31.8,31.76030,,,,,
3353,LIFE_0000000030,nqx - probability of dying between ages x and x+n,https://www.who.int/data/gho/indicator-metadata-registry/imr-details/30,,,,PUBLISHED,Published,,2010.0,2010,,AFR,2010,2010,Africa,,NGA,Nigeria,,AGE40-44,40-44 years,,FMLE,Female,,,,,,,,0.052,0.05203,,,,,
3354,LIFE_0000000030,nqx - probability of dying between ages x and x+n,https://www.who.int/data/gho/indicator-metadata-registry/imr-details/30,,,,PUBLISHED,Published,,2010.0,2010,,AFR,2010,2010,Africa,,NGA,Nigeria,,AGE45-49,45-49 years,,FMLE,Female,,,,,,,,0.053,0.05316,,,,,
3355,LIFE_0000000032,ndx - number of people dying between ages x and x+n,https://www.who.int/data/gho/indicator-metadata-registry/imr-details/32,,,,PUBLISHED,Published,,2010.0,2010,,AFR,2010,2010,Africa,,NGA,Nigeria,,AGE45-49,45-49 years,,FMLE,Female,,,,,,,,3528.389,3528.38900,,,,,
3356,LIFE_0000000030,nqx - probability of dying between ages x and x+n,https://www.who.int/data/gho/indicator-metadata-registry/imr-details/30,,,,PUBLISHED,Published,,2010.0,2010,,AFR,2010,2010,Africa,,NGA,Nigeria,,AGE50-54,50-54 years,,FMLE,Female,,,,,,,,0.065,0.06485,,,,,
3357,LIFE_0000000032,ndx - number of people dying between ages x and x+n,https://www.who.int/data/gho/indicator-metadata-registry/imr-details/32,,,,PUBLISHED,Published,,2010.0,2010,,AFR,2010,2010,Africa,,NGA,Nigeria,,AGE50-54,50-54 years,,FMLE,Female,,,,,,,,4075.035,4075.03500,,,,,
3358,LIFE_0000000032,ndx - number of people dying between ages x and x+n,https://www.who.int/data/gho/indicator-metadata-registry/imr-details/32,,,,PUBLISHED,Published,,2010.0,2010,,AFR,2010,2010,Africa,,NGA,Nigeria,,AGE55-59,55-59 years,,FMLE,Female,,,,,,,,4888.534,4888.53400,,,,,
3359,LIFE_0000000034,Tx - person-years lived above age x,https://www.who.int/data/gho/indicator-metadata-registry/imr-details/34,,,,PUBLISHED,Published,,2010.0,2010,,AFR,2010,2010,Africa,,NGA,Nigeria,,AGE55-59,55-59 years,,FMLE,Female,,,,,,,,1022532,1022532.00000,,,,,
3360,LIFE_0000000034,Tx - person-years lived above age x,https://www.who.int/data/gho/indicator-metadata-registry/imr-details/34,,,,PUBLISHED,Published,,2010.0,2010,,AFR,2010,2010,Africa,,NGA,Nigeria,,AGE60-64,60-64 years,,FMLE,Female,,,,,,,,740286.3,740286.30000,,,,,
3361,LIFE_0000000029,nMx - age-specific death rate between ages x and x+n,https://www.who.int/data/gho/indicator-metadata-registry/imr-details/29,,,,PUBLISHED,Published,,2010.0,2010,,AFR,2010,2010,Africa,,NGA,Nigeria,,AGE65-69,65-69 years,,FMLE,Female,,,,,,,,0.05,0.04972,,,,,
3362,LIFE_0000000034,Tx - person-years lived above age x,https://www.who.int/data/gho/indicator-metadata-registry/imr-details/34,,,,PUBLISHED,Published,,2010.0,2010,,AFR,2010,2010,Africa,,NGA,Nigeria,,AGE65-69,65-69 years,,FMLE,Female,,,,,,,,489480.6,489480.60000,,,,,
3363,LIFE_0000000029,nMx - age-specific death rate between ages x and x+n,https://www.who.int/data/gho/indicator-metadata-registry/imr-details/29,,,,PUBLISHED,Published,,2010.0,2010,,AFR,2010,2010,Africa,,NGA,Nigeria,,AGE70-74,70-74 years,,FMLE,Female,,,,,,,,0.083,0.08274,,,,,
3364,LIFE_0000000029,nMx - age-specific death rate between ages x and x+n,https://www.who.int/data/gho/indicator-metadata-registry/imr-details/29,,,,PUBLISHED,Published,,2010.0,2010,,AFR,2010,2010,Africa,,NGA,Nigeria,,AGE75-79,75-79 years,,FMLE,Female,,,,,,,,0.135,0.13466,,,,,
3365,LIFE_0000000031,lx - number of people left alive at age x,https://www.who.int/data/gho/indicator-metadata-registry/imr-details/31,,,,PUBLISHED,Published,,2010.0,2010,,AFR,2010,2010,Africa,,NGA,Nigeria,,AGE75-79,75-79 years,,FMLE,Female,,,,,,,,23500.33,23500.33000,,,,,
3366,LIFE_0000000031,lx - number of people left alive at age x,https://www.who.int/data/gho/indicator-metadata-registry/imr-details/31,,,,PUBLISHED,Published,,2010.0,2010,,AFR,2010,2010,Africa,,NGA,Nigeria,,AGE80-84,80-84 years,,FMLE,Female,,,,,,,,11758.32,11758.32000,,,,,
3367,LIFE_0000000033,nLx - person-years lived between ages x and x+n,https://www.who.int/data/gho/indicator-metadata-registry/imr-details/33,,,,PUBLISHED,Published,,2010.0,2010,,AFR,2010,2010,Africa,,NGA,Nigeria,,AGE80-84,80-84 years,,FMLE,Female,,,,,,,,36781.5,36781.50000,,,,,
3368,LIFE_0000000031,lx - number of people left alive at age x,https://www.who.int/data/gho/indicator-metadata-registry/imr-details/31,,,,PUBLISHED,Published,,2010.0,2010,,AFR,2010,2010,Africa,,NGA,Nigeria,,AGE85PLUS,85+ years,,FMLE,Female,,,,,,,,3812.259,3812.25900,,,,,
3369,LIFE_0000000033,nLx - person-years lived between ages x and x+n,https://www.who.int/data/gho/indicator-metadata-registry/imr-details/33,,,,PUBLISHED,Published,,2010.0,2010,,AFR,2010,2010,Africa,,NGA,Nigeria,,AGE85PLUS,85+ years,,FMLE,Female,,,,,,,,11235.91,11235.91000,,,,,
3370,LIFE_0000000033,nLx - person-years lived between ages x and x+n,https://www.who.int/data/gho/indicator-metadata-registry/imr-details/33,,,,PUBLISHED,Published,,2011.0,2011,,AFR,2011,2011,Africa,,NGA,Nigeria,,AGELT1,<1 year,,MLE,Male,,,,,,,,93962.9,93962.90000,,,,,
3371,LIFE_0000000035,ex - expectation of life at age x,https://www.who.int/data/gho/indicator-metadata-registry/imr-details/35,,,,PUBLISHED,Published,,2011.0,2011,,AFR,2011,2011,Africa,,NGA,Nigeria,,AGELT1,<1 year,,MLE,Male,,,,,,,,52.5,52.51550,,,,,
3372,LIFE_0000000035,ex - expectation of life at age x,https://www.who.int/data/gho/indicator-metadata-registry/imr-details/35,,,,PUBLISHED,Published,,2011.0,2011,,AFR,2011,2011,Africa,,NGA,Nigeria,,AGE1-4,1-4 years,,MLE,Male,,,,,,,,56.3,56.34092,,,,,
3373,LIFE_0000000030,nqx - probability of dying between ages x and x+n,https://www.who.int/data/gho/indicator-metadata-registry/imr-details/30,,,,PUBLISHED,Published,,2011.0,2011,,AFR,2011,2011,Africa,,NGA,Nigeria,,AGE5-9,5-9 years,,MLE,Male,,,,,,,,0.016,0.01551,,,,,
3374,LIFE_0000000035,ex - expectation of life at age x,https://www.who.int/data/gho/indicator-metadata-registry/imr-details/35,,,,PUBLISHED,Published,,2011.0,2011,,AFR,2011,2011,Africa,,NGA,Nigeria,,AGE5-9,5-9 years,,MLE,Male,,,,,,,,55.2,55.17460,,,,,
3375,LIFE_0000000030,nqx - probability of dying between ages x and x+n,https://www.who.int/data/gho/indicator-metadata-registry/imr-details/30,,,,PUBLISHED,Published,,2011.0,2011,,AFR,2011,2011,Africa,,NGA,Nigeria,,AGE10-14,10-14 years,,MLE,Male,,,,,,,,0.008,0.00752,,,,,
3376,LIFE_0000000030,nqx - probability of dying between ages x and x+n,https://www.who.int/data/gho/indicator-metadata-registry/imr-details/30,,,,PUBLISHED,Published,,2011.0,2011,,AFR,2011,2011,Africa,,NGA,Nigeria,,AGE15-19,15-19  years,,MLE,Male,,,,,,,,0.017,0.01651,,,,,
3377,LIFE_0000000032,ndx - number of people dying between ages x and x+n,https://www.who.int/data/gho/indicator-metadata-registry/imr-details/32,,,,PUBLISHED,Published,,2011.0,2011,,AFR,2011,2011,Africa,,NGA,Nigeria,,AGE15-19,15-19  years,,MLE,Male,,,,,,,,1404.697,1404.69700,,,,,
3378,LIFE_0000000032,ndx - number of people dying between ages x and x+n,https://www.who.int/data/gho/indicator-metadata-registry/imr-details/32,,,,PUBLISHED,Published,,2011.0,2011,,AFR,2011,2011,Africa,,NGA,Nigeria,,AGE20-24,20-24 years,,MLE,Male,,,,,,,,2096.169,2096.16900,,,,,
3379,LIFE_0000000034,Tx - person-years lived above age x,https://www.who.int/data/gho/indicator-metadata-registry/imr-details/34,,,,PUBLISHED,Published,,2011.0,2011,,AFR,2011,2011,Africa,,NGA,Nigeria,,AGE20-24,20-24 years,,MLE,Male,,,,,,,,3522403,3522403.00000,,,,,
3380,LIFE_0000000032,ndx - number of people dying between ages x and x+n,https://www.who.int/data/gho/indicator-metadata-registry/imr-details/32,,,,PUBLISHED,Published,,2011.0,2011,,AFR,2011,2011,Africa,,NGA,Nigeria,,AGE25-29,25-29 years,,MLE,Male,,,,,,,,2472.96,2472.96000,,,,,
3381,LIFE_0000000034,Tx - person-years lived above age x,https://www.who.int/data/gho/indicator-metadata-registry/imr-details/34,,,,PUBLISHED,Published,,2011.0,2011,,AFR,2011,2011,Africa,,NGA,Nigeria,,AGE25-29,25-29 years,,MLE,Male,,,,,,,,3109332,3109332.00000,,,,,
3382,LIFE_0000000034,Tx - person-years lived above age x,https://www.who.int/data/gho/indicator-metadata-registry/imr-details/34,,,,PUBLISHED,Published,,2011.0,2011,,AFR,2011,2011,Africa,,NGA,Nigeria,,AGE30-34,30-34 years,,MLE,Male,,,,,,,,2707699,2707699.00000,,,,,
3383,LIFE_0000000029,nMx - age-specific death rate between ages x and x+n,https://www.who.int/data/gho/indicator-metadata-registry/imr-details/29,,,,PUBLISHED,Published,,2011.0,2011,,AFR,2011,2011,Africa,,NGA,Nigeria,,AGE35-39,35-39 years,,MLE,Male,,,,,,,,0.01,0.01048,,,,,
3384,LIFE_0000000029,nMx - age-specific death rate between ages x and x+n,https://www.who.int/data/gho/indicator-metadata-registry/imr-details/29,,,,PUBLISHED,Published,,2011.0,2011,,AFR,2011,2011,Africa,,NGA,Nigeria,,AGE40-44,40-44 years,,MLE,Male,,,,,,,,0.012,0.01210,,,,,
3385,LIFE_0000000031,lx - number of people left alive at age x,https://www.who.int/data/gho/indicator-metadata-registry/imr-details/31,,,,PUBLISHED,Published,,2011.0,2011,,AFR,2011,2011,Africa,,NGA,Nigeria,,AGE40-44,40-44 years,,MLE,Male,,,,,,,,72104.11,72104.11000,,,,,
3386,LIFE_0000000029,nMx - age-specific death rate between ages x and x+n,https://www.who.int/data/gho/indicator-metadata-registry/imr-details/29,,,,PUBLISHED,Published,,2011.0,2011,,AFR,2011,2011,Africa,,NGA,Nigeria,,AGE45-49,45-49 years,,MLE,Male,,,,,,,,0.014,0.01397,,,,,
3387,LIFE_0000000029,nMx - age-specific death rate between ages x and x+n,https://www.who.int/data/gho/indicator-metadata-registry/imr-details/29,,,,PUBLISHED,Published,,2011.0,2011,,AFR,2011,2011,Africa,,NGA,Nigeria,,AGE70-74,70-74 years,,MLE,Male,,,,,,,,0.085,0.08477,,,,,
3388,LIFE_0000000031,lx - number of people left alive at age x,https://www.who.int/data/gho/indicator-metadata-registry/imr-details/31,,,,PUBLISHED,Published,,2011.0,2011,,AFR,2011,2011,Africa,,NGA,Nigeria,,AGE70-74,70-74 years,,MLE,Male,,,,,,,,33303.63,33303.63000,,,,,
3389,LIFE_0000000029,nMx - age-specific death rate between ages x and x+n,https://www.who.int/data/gho/indicator-metadata-registry/imr-details/29,,,,PUBLISHED,Published,,2011.0,2011,,AFR,2011,2011,Africa,,NGA,Nigeria,,AGE75-79,75-79 years,,MLE,Male,,,,,,,,0.137,0.13710,,,,,
3390,LIFE_0000000031,lx - number of people left alive at age x,https://www.who.int/data/gho/indicator-metadata-registry/imr-details/31,,,,PUBLISHED,Published,,2011.0,2011,,AFR,2011,2011,Africa,,NGA,Nigeria,,AGE75-79,75-79 years,,MLE,Male,,,,,,,,21637.43,21637.43000,,,,,
3391,LIFE_0000000031,lx - number of people left alive at age x,https://www.who.int/data/gho/indicator-metadata-registry/imr-details/31,,,,PUBLISHED,Published,,2011.0,2011,,AFR,2011,2011,Africa,,NGA,Nigeria,,AGE80-84,80-84 years,,MLE,Male,,,,,,,,10690.98,10690.98000,,,,,
3392,LIFE_0000000033,nLx - person-years lived between ages x and x+n,https://www.who.int/data/gho/indicator-metadata-registry/imr-details/33,,,,PUBLISHED,Published,,2011.0,2011,,AFR,2011,2011,Africa,,NGA,Nigeria,,AGE80-84,80-84 years,,MLE,Male,,,,,,,,33371.49,33371.49000,,,,,
3393,LIFE_0000000033,nLx - person-years lived between ages x and x+n,https://www.who.int/data/gho/indicator-metadata-registry/imr-details/33,,,,PUBLISHED,Published,,2011.0,2011,,AFR,2011,2011,Africa,,NGA,Nigeria,,AGE85PLUS,85+ years,,MLE,Male,,,,,,,,9864.229,9864.22900,,,,,
3394,LIFE_0000000035,ex - expectation of life at age x,https://www.who.int/data/gho/indicator-metadata-registry/imr-details/35,,,,PUBLISHED,Published,,2011.0,2011,,AFR,2011,2011,Africa,,NGA,Nigeria,,AGE85PLUS,85+ years,,MLE,Male,,,,,,,,2.9,2.86726,,,,,
3395,LIFE_0000000033,nLx - person-years lived between ages x and x+n,https://www.who.int/data/gho/indicator-metadata-registry/imr-details/33,,,,PUBLISHED,Published,,2011.0,2011,,AFR,2011,2011,Africa,,NGA,Nigeria,,AGELT1,<1 year,,FMLE,Female,,,,,,,,94646.12,94646.12000,,,,,
3396,LIFE_0000000035,ex - expectation of life at age x,https://www.who.int/data/gho/indicator-metadata-registry/imr-details/35,,,,PUBLISHED,Published,,2011.0,2011,,AFR,2011,2011,Africa,,NGA,Nigeria,,AGELT1,<1 year,,FMLE,Female,,,,,,,,53,53.03621,,,,,
3397,LIFE_0000000035,ex - expectation of life at age x,https://www.who.int/data/gho/indicator-metadata-registry/imr-details/35,,,,PUBLISHED,Published,,2011.0,2011,,AFR,2011,2011,Africa,,NGA,Nigeria,,AGE1-4,1-4 years,,FMLE,Female,,,,,,,,56.3,56.26350,,,,,
3398,LIFE_0000000030,nqx - probability of dying between ages x and x+n,https://www.who.int/data/gho/indicator-metadata-registry/imr-details/30,,,,PUBLISHED,Published,,2011.0,2011,,AFR,2011,2011,Africa,,NGA,Nigeria,,AGE5-9,5-9 years,,FMLE,Female,,,,,,,,0.02,0.02018,,,,,
3399,LIFE_0000000030,nqx - probability of dying between ages x and x+n,https://www.who.int/data/gho/indicator-metadata-registry/imr-details/30,,,,PUBLISHED,Published,,2011.0,2011,,AFR,2011,2011,Africa,,NGA,Nigeria,,AGE10-14,10-14 years,,FMLE,Female,,,,,,,,0.01,0.00969,,,,,
3400,LIFE_0000000032,ndx - number of people dying between ages x and x+n,https://www.who.int/data/gho/indicator-metadata-registry/imr-details/32,,,,PUBLISHED,Published,,2011.0,2011,,AFR,2011,2011,Africa,,NGA,Nigeria,,AGE10-14,10-14 years,,FMLE,Female,,,,,,,,833.455,833.45520,,,,,
3401,LIFE_0000000030,nqx - probability of dying between ages x and x+n,https://www.who.int/data/gho/indicator-metadata-registry/imr-details/30,,,,PUBLISHED,Published,,2011.0,2011,,AFR,2011,2011,Africa,,NGA,Nigeria,,AGE15-19,15-19  years,,FMLE,Female,,,,,,,,0.021,0.02108,,,,,
3402,LIFE_0000000032,ndx - number of people dying between ages x and x+n,https://www.who.int/data/gho/indicator-metadata-registry/imr-details/32,,,,PUBLISHED,Published,,2011.0,2011,,AFR,2011,2011,Africa,,NGA,Nigeria,,AGE15-19,15-19  years,,FMLE,Female,,,,,,,,1796.387,1796.38700,,,,,
3403,LIFE_0000000032,ndx - number of people dying between ages x and x+n,https://www.who.int/data/gho/indicator-metadata-registry/imr-details/32,,,,PUBLISHED,Published,,2011.0,2011,,AFR,2011,2011,Africa,,NGA,Nigeria,,AGE20-24,20-24 years,,FMLE,Female,,,,,,,,2295.092,2295.09200,,,,,
3404,LIFE_0000000034,Tx - person-years lived above age x,https://www.who.int/data/gho/indicator-metadata-registry/imr-details/34,,,,PUBLISHED,Published,,2011.0,2011,,AFR,2011,2011,Africa,,NGA,Nigeria,,AGE20-24,20-24 years,,FMLE,Female,,,,,,,,3566273,3566273.00000,,,,,
3405,LIFE_0000000034,Tx - person-years lived above age x,https://www.who.int/data/gho/indicator-metadata-registry/imr-details/34,,,,PUBLISHED,Published,,2011.0,2011,,AFR,2011,2011,Africa,,NGA,Nigeria,,AGE25-29,25-29 years,,FMLE,Female,,,,,,,,3154763,3154763.00000,,,,,
3406,LIFE_0000000029,nMx - age-specific death rate between ages x and x+n,https://www.who.int/data/gho/indicator-metadata-registry/imr-details/29,,,,PUBLISHED,Published,,2011.0,2011,,AFR,2011,2011,Africa,,NGA,Nigeria,,AGE30-34,30-34 years,,FMLE,Female,,,,,,,,0.009,0.00912,,,,,
3407,LIFE_0000000034,Tx - person-years lived above age x,https://www.who.int/data/gho/indicator-metadata-registry/imr-details/34,,,,PUBLISHED,Published,,2011.0,2011,,AFR,2011,2011,Africa,,NGA,Nigeria,,AGE30-34,30-34 years,,FMLE,Female,,,,,,,,2756504,2756504.00000,,,,,
3408,LIFE_0000000029,nMx - age-specific death rate between ages x and x+n,https://www.who.int/data/gho/indicator-metadata-registry/imr-details/29,,,,PUBLISHED,Published,,2011.0,2011,,AFR,2011,2011,Africa,,NGA,Nigeria,,AGE35-39,35-39 years,,FMLE,Female,,,,,,,,0.011,0.01109,,,,,
3409,LIFE_0000000029,nMx - age-specific death rate between ages x and x+n,https://www.who.int/data/gho/indicator-metadata-registry/imr-details/29,,,,PUBLISHED,Published,,2011.0,2011,,AFR,2011,2011,Africa,,NGA,Nigeria,,AGE40-44,40-44 years,,FMLE,Female,,,,,,,,0.011,0.01081,,,,,
3410,LIFE_0000000031,lx - number of people left alive at age x,https://www.who.int/data/gho/indicator-metadata-registry/imr-details/31,,,,PUBLISHED,Published,,2011.0,2011,,AFR,2011,2011,Africa,,NGA,Nigeria,,AGE40-44,40-44 years,,FMLE,Female,,,,,,,,70645.83,70645.83000,,,,,
3411,LIFE_0000000031,lx - number of people left alive at age x,https://www.who.int/data/gho/indicator-metadata-registry/imr-details/31,,,,PUBLISHED,Published,,2011.0,2011,,AFR,2011,2011,Africa,,NGA,Nigeria,,AGE45-49,45-49 years,,FMLE,Female,,,,,,,,66928.08,66928.08000,,,,,
3412,LIFE_0000000033,nLx - person-years lived between ages x and x+n,https://www.who.int/data/gho/indicator-metadata-registry/imr-details/33,,,,PUBLISHED,Published,,2011.0,2011,,AFR,2011,2011,Africa,,NGA,Nigeria,,AGE45-49,45-49 years,,FMLE,Female,,,,,,,,325933.1,325933.10000,,,,,
3413,LIFE_0000000031,lx - number of people left alive at age x,https://www.who.int/data/gho/indicator-metadata-registry/imr-details/31,,,,PUBLISHED,Published,,2011.0,2011,,AFR,2011,2011,Africa,,NGA,Nigeria,,AGE50-54,50-54 years,,FMLE,Female,,,,,,,,63360.04,63360.04000,,,,,
3414,LIFE_0000000033,nLx - person-years lived between ages x and x+n,https://www.who.int/data/gho/indicator-metadata-registry/imr-details/33,,,,PUBLISHED,Published,,2011.0,2011,,AFR,2011,2011,Africa,,NGA,Nigeria,,AGE50-54,50-54 years,,FMLE,Female,,,,,,,,306952.7,306952.70000,,,,,
3415,LIFE_0000000035,ex - expectation of life at age x,https://www.who.int/data/gho/indicator-metadata-registry/imr-details/35,,,,PUBLISHED,Published,,2011.0,2011,,AFR,2011,2011,Africa,,NGA,Nigeria,,AGE50-54,50-54 years,,FMLE,Female,,,,,,,,21.2,21.16677,,,,,
3416,LIFE_0000000033,nLx - person-years lived between ages x and x+n,https://www.who.int/data/gho/indicator-metadata-registry/imr-details/33,,,,PUBLISHED,Published,,2011.0,2011,,AFR,2011,2011,Africa,,NGA,Nigeria,,AGE55-59,55-59 years,,FMLE,Female,,,,,,,,284633,284633.00000,,,,,
3417,LIFE_0000000035,ex - expectation of life at age x,https://www.who.int/data/gho/indicator-metadata-registry/imr-details/35,,,,PUBLISHED,Published,,2011.0,2011,,AFR,2011,2011,Africa,,NGA,Nigeria,,AGE55-59,55-59 years,,FMLE,Female,,,,,,,,17.5,17.45299,,,,,
3418,LIFE_0000000035,ex - expectation of life at age x,https://www.who.int/data/gho/indicator-metadata-registry/imr-details/35,,,,PUBLISHED,Published,,2011.0,2011,,AFR,2011,2011,Africa,,NGA,Nigeria,,AGE60-64,60-64 years,,FMLE,Female,,,,,,,,13.8,13.79462,,,,,
3419,LIFE_0000000030,nqx - probability of dying between ages x and x+n,https://www.who.int/data/gho/indicator-metadata-registry/imr-details/30,,,,PUBLISHED,Published,,2011.0,2011,,AFR,2011,2011,Africa,,NGA,Nigeria,,AGE65-69,65-69 years,,FMLE,Female,,,,,,,,0.22,0.22036,,,,,
3420,LIFE_0000000035,ex - expectation of life at age x,https://www.who.int/data/gho/indicator-metadata-registry/imr-details/35,,,,PUBLISHED,Published,,2011.0,2011,,AFR,2011,2011,Africa,,NGA,Nigeria,,AGE65-69,65-69 years,,FMLE,Female,,,,,,,,10.7,10.67886,,,,,
3421,LIFE_0000000030,nqx - probability of dying between ages x and x+n,https://www.who.int/data/gho/indicator-metadata-registry/imr-details/30,,,,PUBLISHED,Published,,2011.0,2011,,AFR,2011,2011,Africa,,NGA,Nigeria,,AGE70-74,70-74 years,,FMLE,Female,,,,,,,,0.341,0.34149,,,,,
3422,LIFE_0000000032,ndx - number of people dying between ages x and x+n,https://www.who.int/data/gho/indicator-metadata-registry/imr-details/32,,,,PUBLISHED,Published,,2011.0,2011,,AFR,2011,2011,Africa,,NGA,Nigeria,,AGE70-74,70-74 years,,FMLE,Female,,,,,,,,12376.56,12376.56000,,,,,
3423,LIFE_0000000030,nqx - probability of dying between ages x and x+n,https://www.who.int/data/gho/indicator-metadata-registry/imr-details/30,,,,PUBLISHED,Published,,2011.0,2011,,AFR,2011,2011,Africa,,NGA,Nigeria,,AGE75-79,75-79 years,,FMLE,Female,,,,,,,,0.498,0.49758,,,,,
3424,LIFE_0000000032,ndx - number of people dying between ages x and x+n,https://www.who.int/data/gho/indicator-metadata-registry/imr-details/32,,,,PUBLISHED,Published,,2011.0,2011,,AFR,2011,2011,Africa,,NGA,Nigeria,,AGE75-79,75-79 years,,FMLE,Female,,,,,,,,11875.25,11875.25000,,,,,
3425,LIFE_0000000032,ndx - number of people dying between ages x and x+n,https://www.who.int/data/gho/indicator-metadata-registry/imr-details/32,,,,PUBLISHED,Published,,2011.0,2011,,AFR,2011,2011,Africa,,NGA,Nigeria,,AGE80-84,80-84 years,,FMLE,Female,,,,,,,,8084.687,8084.68700,,,,,
3426,LIFE_0000000034,Tx - person-years lived above age x,https://www.who.int/data/gho/indicator-metadata-registry/imr-details/34,,,,PUBLISHED,Published,,2011.0,2011,,AFR,2011,2011,Africa,,NGA,Nigeria,,AGE80-84,80-84 years,,FMLE,Female,,,,,,,,49120.36,49120.36000,,,,,
3427,LIFE_0000000034,Tx - person-years lived above age x,https://www.who.int/data/gho/indicator-metadata-registry/imr-details/34,,,,PUBLISHED,Published,,2011.0,2011,,AFR,2011,2011,Africa,,NGA,Nigeria,,AGE85PLUS,85+ years,,FMLE,Female,,,,,,,,11535.49,11535.49000,,,,,
3428,LIFE_0000000029,nMx - age-specific death rate between ages x and x+n,https://www.who.int/data/gho/indicator-metadata-registry/imr-details/29,,,,PUBLISHED,Published,,2012.0,2012,,AFR,2012,2012,Africa,,NGA,Nigeria,,AGELT1,<1 year,,MLE,Male,,,,,,,,0.087,0.08662,,,,,
3429,LIFE_0000000034,Tx - person-years lived above age x,https://www.who.int/data/gho/indicator-metadata-registry/imr-details/34,,,,PUBLISHED,Published,,2012.0,2012,,AFR,2012,2012,Africa,,NGA,Nigeria,,AGELT1,<1 year,,MLE,Male,,,,,,,,5296282,5296282.00000,,,,,
3430,LIFE_0000000029,nMx - age-specific death rate between ages x and x+n,https://www.who.int/data/gho/indicator-metadata-registry/imr-details/29,,,,PUBLISHED,Published,,2012.0,2012,,AFR,2012,2012,Africa,,NGA,Nigeria,,AGE1-4,1-4 years,,MLE,Male,,,,,,,,0.012,0.01207,,,,,
3431,LIFE_0000000029,nMx - age-specific death rate between ages x and x+n,https://www.who.int/data/gho/indicator-metadata-registry/imr-details/29,,,,PUBLISHED,Published,,2012.0,2012,,AFR,2012,2012,Africa,,NGA,Nigeria,,AGE5-9,5-9 years,,MLE,Male,,,,,,,,0.003,0.00301,,,,,
3432,LIFE_0000000031,lx - number of people left alive at age x,https://www.who.int/data/gho/indicator-metadata-registry/imr-details/31,,,,PUBLISHED,Published,,2012.0,2012,,AFR,2012,2012,Africa,,NGA,Nigeria,,AGE5-9,5-9 years,,MLE,Male,,,,,,,,87550.39,87550.39000,,,,,
3433,LIFE_0000000031,lx - number of people left alive at age x,https://www.who.int/data/gho/indicator-metadata-registry/imr-details/31,,,,PUBLISHED,Published,,2012.0,2012,,AFR,2012,2012,Africa,,NGA,Nigeria,,AGE10-14,10-14 years,,MLE,Male,,,,,,,,86240.55,86240.55000,,,,,
3434,LIFE_0000000033,nLx - person-years lived between ages x and x+n,https://www.who.int/data/gho/indicator-metadata-registry/imr-details/33,,,,PUBLISHED,Published,,2012.0,2012,,AFR,2012,2012,Africa,,NGA,Nigeria,,AGE10-14,10-14 years,,MLE,Male,,,,,,,,429615.3,429615.30000,,,,,
3435,LIFE_0000000031,lx - number of people left alive at age x,https://www.who.int/data/gho/indicator-metadata-registry/imr-details/31,,,,PUBLISHED,Published,,2012.0,2012,,AFR,2012,2012,Africa,,NGA,Nigeria,,AGE15-19,15-19  years,,MLE,Male,,,,,,,,85605.58,85605.58000,,,,,
3436,LIFE_0000000033,nLx - person-years lived between ages x and x+n,https://www.who.int/data/gho/indicator-metadata-registry/imr-details/33,,,,PUBLISHED,Published,,2012.0,2012,,AFR,2012,2012,Africa,,NGA,Nigeria,,AGE15-19,15-19  years,,MLE,Male,,,,,,,,424627.3,424627.30000,,,,,
3437,LIFE_0000000033,nLx - person-years lived between ages x and x+n,https://www.who.int/data/gho/indicator-metadata-registry/imr-details/33,,,,PUBLISHED,Published,,2012.0,2012,,AFR,2012,2012,Africa,,NGA,Nigeria,,AGE20-24,20-24 years,,MLE,Male,,,,,,,,415744.9,415744.90000,,,,,
3438,LIFE_0000000035,ex - expectation of life at age x,https://www.who.int/data/gho/indicator-metadata-registry/imr-details/35,,,,PUBLISHED,Published,,2012.0,2012,,AFR,2012,2012,Africa,,NGA,Nigeria,,AGE20-24,20-24 years,,MLE,Male,,,,,,,,42.3,42.25309,,,,,
3439,LIFE_0000000035,ex - expectation of life at age x,https://www.who.int/data/gho/indicator-metadata-registry/imr-details/35,,,,PUBLISHED,Published,,2012.0,2012,,AFR,2012,2012,Africa,,NGA,Nigeria,,AGE25-29,25-29 years,,MLE,Male,,,,,,,,38.3,38.26927,,,,,
3440,LIFE_0000000030,nqx - probability of dying between ages x and x+n,https://www.who.int/data/gho/indicator-metadata-registry/imr-details/30,,,,PUBLISHED,Published,,2012.0,2012,,AFR,2012,2012,Africa,,NGA,Nigeria,,AGE30-34,30-34 years,,MLE,Male,,,,,,,,0.038,0.03833,,,,,
3441,LIFE_0000000035,ex - expectation of life at age x,https://www.who.int/data/gho/indicator-metadata-registry/imr-details/35,,,,PUBLISHED,Published,,2012.0,2012,,AFR,2012,2012,Africa,,NGA,Nigeria,,AGE30-34,30-34 years,,MLE,Male,,,,,,,,34.4,34.36290,,,,,
3442,LIFE_0000000030,nqx - probability of dying between ages x and x+n,https://www.who.int/data/gho/indicator-metadata-registry/imr-details/30,,,,PUBLISHED,Published,,2012.0,2012,,AFR,2012,2012,Africa,,NGA,Nigeria,,AGE35-39,35-39 years,,MLE,Male,,,,,,,,0.05,0.05008,,,,,
3443,LIFE_0000000030,nqx - probability of dying between ages x and x+n,https://www.who.int/data/gho/indicator-metadata-registry/imr-details/30,,,,PUBLISHED,Published,,2012.0,2012,,AFR,2012,2012,Africa,,NGA,Nigeria,,AGE40-44,40-44 years,,MLE,Male,,,,,,,,0.058,0.05837,,,,,
3444,LIFE_0000000032,ndx - number of people dying between ages x and x+n,https://www.who.int/data/gho/indicator-metadata-registry/imr-details/32,,,,PUBLISHED,Published,,2012.0,2012,,AFR,2012,2012,Africa,,NGA,Nigeria,,AGE40-44,40-44 years,,MLE,Male,,,,,,,,4247.212,4247.21200,,,,,
3445,LIFE_0000000032,ndx - number of people dying between ages x and x+n,https://www.who.int/data/gho/indicator-metadata-registry/imr-details/32,,,,PUBLISHED,Published,,2012.0,2012,,AFR,2012,2012,Africa,,NGA,Nigeria,,AGE45-49,45-49 years,,MLE,Male,,,,,,,,4594.626,4594.62600,,,,,
3446,LIFE_0000000034,Tx - person-years lived above age x,https://www.who.int/data/gho/indicator-metadata-registry/imr-details/34,,,,PUBLISHED,Published,,2012.0,2012,,AFR,2012,2012,Africa,,NGA,Nigeria,,AGE45-49,45-49 years,,MLE,Male,,,,,,,,1619336,1619336.00000,,,,,
3447,LIFE_0000000032,ndx - number of people dying between ages x and x+n,https://www.who.int/data/gho/indicator-metadata-registry/imr-details/32,,,,PUBLISHED,Published,,2012.0,2012,,AFR,2012,2012,Africa,,NGA,Nigeria,,AGE50-54,50-54 years,,MLE,Male,,,,,,,,5318.453,5318.45300,,,,,
3448,LIFE_0000000034,Tx - person-years lived above age x,https://www.who.int/data/gho/indicator-metadata-registry/imr-details/34,,,,PUBLISHED,Published,,2012.0,2012,,AFR,2012,2012,Africa,,NGA,Nigeria,,AGE50-54,50-54 years,,MLE,Male,,,,,,,,1287897,1287897.00000,,,,,
3449,LIFE_0000000034,Tx - person-years lived above age x,https://www.who.int/data/gho/indicator-metadata-registry/imr-details/34,,,,PUBLISHED,Published,,2012.0,2012,,AFR,2012,2012,Africa,,NGA,Nigeria,,AGE55-59,55-59 years,,MLE,Male,,,,,,,,981097.3,981097.30000,,,,,
3450,LIFE_0000000029,nMx - age-specific death rate between ages x and x+n,https://www.who.int/data/gho/indicator-metadata-registry/imr-details/29,,,,PUBLISHED,Published,,2012.0,2012,,AFR,2012,2012,Africa,,NGA,Nigeria,,AGE60-64,60-64 years,,MLE,Male,,,,,,,,0.035,0.03465,,,,,
3451,LIFE_0000000029,nMx - age-specific death rate between ages x and x+n,https://www.who.int/data/gho/indicator-metadata-registry/imr-details/29,,,,PUBLISHED,Published,,2012.0,2012,,AFR,2012,2012,Africa,,NGA,Nigeria,,AGE65-69,65-69 years,,MLE,Male,,,,,,,,0.052,0.05228,,,,,
3452,LIFE_0000000031,lx - number of people left alive at age x,https://www.who.int/data/gho/indicator-metadata-registry/imr-details/31,,,,PUBLISHED,Published,,2012.0,2012,,AFR,2012,2012,Africa,,NGA,Nigeria,,AGE65-69,65-69 years,,MLE,Male,,,,,,,,44030.75,44030.75000,,,,,
3453,LIFE_0000000029,nMx - age-specific death rate between ages x and x+n,https://www.who.int/data/gho/indicator-metadata-registry/imr-details/29,,,,PUBLISHED,Published,,2012.0,2012,,AFR,2012,2012,Africa,,NGA,Nigeria,,AGE70-74,70-74 years,,MLE,Male,,,,,,,,0.084,0.08424,,,,,
3454,LIFE_0000000031,lx - number of people left alive at age x,https://www.who.int/data/gho/indicator-metadata-registry/imr-details/31,,,,PUBLISHED,Published,,2012.0,2012,,AFR,2012,2012,Africa,,NGA,Nigeria,,AGE70-74,70-74 years,,MLE,Male,,,,,,,,33814.99,33814.99000,,,,,
3455,LIFE_0000000031,lx - number of people left alive at age x,https://www.who.int/data/gho/indicator-metadata-registry/imr-details/31,,,,PUBLISHED,Published,,2012.0,2012,,AFR,2012,2012,Africa,,NGA,Nigeria,,AGE75-79,75-79 years,,MLE,Male,,,,,,,,22029.75,22029.75000,,,,,
3456,LIFE_0000000033,nLx - person-years lived between ages x and x+n,https://www.who.int/data/gho/indicator-metadata-registry/imr-details/33,,,,PUBLISHED,Published,,2012.0,2012,,AFR,2012,2012,Africa,,NGA,Nigeria,,AGE75-79,75-79 years,,MLE,Male,,,,,,,,81405.36,81405.36000,,,,,
3457,LIFE_0000000033,nLx - person-years lived between ages x and x+n,https://www.who.int/data/gho/indicator-metadata-registry/imr-details/33,,,,PUBLISHED,Published,,2012.0,2012,,AFR,2012,2012,Africa,,NGA,Nigeria,,AGE80-84,80-84 years,,MLE,Male,,,,,,,,34136.89,34136.89000,,,,,
3458,LIFE_0000000035,ex - expectation of life at age x,https://www.who.int/data/gho/indicator-metadata-registry/imr-details/35,,,,PUBLISHED,Published,,2012.0,2012,,AFR,2012,2012,Africa,,NGA,Nigeria,,AGE80-84,80-84 years,,MLE,Male,,,,,,,,4.1,4.05318,,,,,
3459,LIFE_0000000033,nLx - person-years lived between ages x and x+n,https://www.who.int/data/gho/indicator-metadata-registry/imr-details/33,,,,PUBLISHED,Published,,2012.0,2012,,AFR,2012,2012,Africa,,NGA,Nigeria,,AGE85PLUS,85+ years,,MLE,Male,,,,,,,,10122.88,10122.88000,,,,,
3460,LIFE_0000000035,ex - expectation of life at age x,https://www.who.int/data/gho/indicator-metadata-registry/imr-details/35,,,,PUBLISHED,Published,,2012.0,2012,,AFR,2012,2012,Africa,,NGA,Nigeria,,AGE85PLUS,85+ years,,MLE,Male,,,,,,,,2.9,2.87079,,,,,
3461,LIFE_0000000035,ex - expectation of life at age x,https://www.who.int/data/gho/indicator-metadata-registry/imr-details/35,,,,PUBLISHED,Published,,2012.0,2012,,AFR,2012,2012,Africa,,NGA,Nigeria,,AGELT1,<1 year,,FMLE,Female,,,,,,,,53.5,53.51871,,,,,
3462,LIFE_0000000030,nqx - probability of dying between ages x and x+n,https://www.who.int/data/gho/indicator-metadata-registry/imr-details/30,,,,PUBLISHED,Published,,2012.0,2012,,AFR,2012,2012,Africa,,NGA,Nigeria,,AGE1-4,1-4 years,,FMLE,Female,,,,,,,,0.049,0.04909,,,,,
3463,LIFE_0000000030,nqx - probability of dying between ages x and x+n,https://www.who.int/data/gho/indicator-metadata-registry/imr-details/30,,,,PUBLISHED,Published,,2012.0,2012,,AFR,2012,2012,Africa,,NGA,Nigeria,,AGE5-9,5-9 years,,FMLE,Female,,,,,,,,0.019,0.01945,,,,,
3464,LIFE_0000000032,ndx - number of people dying between ages x and x+n,https://www.who.int/data/gho/indicator-metadata-registry/imr-details/32,,,,PUBLISHED,Published,,2012.0,2012,,AFR,2012,2012,Africa,,NGA,Nigeria,,AGE5-9,5-9 years,,FMLE,Female,,,,,,,,1717.386,1717.38600,,,,,
3465,LIFE_0000000030,nqx - probability of dying between ages x and x+n,https://www.who.int/data/gho/indicator-metadata-registry/imr-details/30,,,,PUBLISHED,Published,,2012.0,2012,,AFR,2012,2012,Africa,,NGA,Nigeria,,AGE10-14,10-14 years,,FMLE,Female,,,,,,,,0.009,0.00944,,,,,
3466,LIFE_0000000032,ndx - number of people dying between ages x and x+n,https://www.who.int/data/gho/indicator-metadata-registry/imr-details/32,,,,PUBLISHED,Published,,2012.0,2012,,AFR,2012,2012,Africa,,NGA,Nigeria,,AGE10-14,10-14 years,,FMLE,Female,,,,,,,,817.448,817.44770,,,,,
3467,LIFE_0000000032,ndx - number of people dying between ages x and x+n,https://www.who.int/data/gho/indicator-metadata-registry/imr-details/32,,,,PUBLISHED,Published,,2012.0,2012,,AFR,2012,2012,Africa,,NGA,Nigeria,,AGE15-19,15-19  years,,FMLE,Female,,,,,,,,1803.056,1803.05600,,,,,
3468,LIFE_0000000034,Tx - person-years lived above age x,https://www.who.int/data/gho/indicator-metadata-registry/imr-details/34,,,,PUBLISHED,Published,,2012.0,2012,,AFR,2012,2012,Africa,,NGA,Nigeria,,AGE15-19,15-19  years,,FMLE,Female,,,,,,,,4029393,4029393.00000,,,,,
3469,LIFE_0000000034,Tx - person-years lived above age x,https://www.who.int/data/gho/indicator-metadata-registry/imr-details/34,,,,PUBLISHED,Published,,2012.0,2012,,AFR,2012,2012,Africa,,NGA,Nigeria,,AGE20-24,20-24 years,,FMLE,Female,,,,,,,,3604844,3604844.00000,,,,,
3470,LIFE_0000000029,nMx - age-specific death rate between ages x and x+n,https://www.who.int/data/gho/indicator-metadata-registry/imr-details/29,,,,PUBLISHED,Published,,2012.0,2012,,AFR,2012,2012,Africa,,NGA,Nigeria,,AGE25-29,25-29 years,,FMLE,Female,,,,,,,,0.007,0.00725,,,,,
3471,LIFE_0000000034,Tx - person-years lived above age x,https://www.who.int/data/gho/indicator-metadata-registry/imr-details/34,,,,PUBLISHED,Published,,2012.0,2012,,AFR,2012,2012,Africa,,NGA,Nigeria,,AGE25-29,25-29 years,,FMLE,Female,,,,,,,,3190638,3190638.00000,,,,,
3472,LIFE_0000000029,nMx - age-specific death rate between ages x and x+n,https://www.who.int/data/gho/indicator-metadata-registry/imr-details/29,,,,PUBLISHED,Published,,2012.0,2012,,AFR,2012,2012,Africa,,NGA,Nigeria,,AGE30-34,30-34 years,,FMLE,Female,,,,,,,,0.009,0.00882,,,,,
3473,LIFE_0000000031,lx - number of people left alive at age x,https://www.who.int/data/gho/indicator-metadata-registry/imr-details/31,,,,PUBLISHED,Published,,2012.0,2012,,AFR,2012,2012,Africa,,NGA,Nigeria,,AGE30-34,30-34 years,,FMLE,Female,,,,,,,,78761.12,78761.12000,,,,,
3474,LIFE_0000000029,nMx - age-specific death rate between ages x and x+n,https://www.who.int/data/gho/indicator-metadata-registry/imr-details/29,,,,PUBLISHED,Published,,2012.0,2012,,AFR,2012,2012,Africa,,NGA,Nigeria,,AGE35-39,35-39 years,,FMLE,Female,,,,,,,,0.011,0.01083,,,,,
3475,LIFE_0000000031,lx - number of people left alive at age x,https://www.who.int/data/gho/indicator-metadata-registry/imr-details/31,,,,PUBLISHED,Published,,2012.0,2012,,AFR,2012,2012,Africa,,NGA,Nigeria,,AGE35-39,35-39 years,,FMLE,Female,,,,,,,,75360.91,75360.91000,,,,,
3476,LIFE_0000000031,lx - number of people left alive at age x,https://www.who.int/data/gho/indicator-metadata-registry/imr-details/31,,,,PUBLISHED,Published,,2012.0,2012,,AFR,2012,2012,Africa,,NGA,Nigeria,,AGE40-44,40-44 years,,FMLE,Female,,,,,,,,71387.56,71387.56000,,,,,
3477,LIFE_0000000033,nLx - person-years lived between ages x and x+n,https://www.who.int/data/gho/indicator-metadata-registry/imr-details/33,,,,PUBLISHED,Published,,2012.0,2012,,AFR,2012,2012,Africa,,NGA,Nigeria,,AGE40-44,40-44 years,,FMLE,Female,,,,,,,,347628.9,347628.90000,,,,,
3478,LIFE_0000000031,lx - number of people left alive at age x,https://www.who.int/data/gho/indicator-metadata-registry/imr-details/31,,,,PUBLISHED,Published,,2012.0,2012,,AFR,2012,2012,Africa,,NGA,Nigeria,,AGE45-49,45-49 years,,FMLE,Female,,,,,,,,67642.91,67642.91000,,,,,
3479,LIFE_0000000033,nLx - person-years lived between ages x and x+n,https://www.who.int/data/gho/indicator-metadata-registry/imr-details/33,,,,PUBLISHED,Published,,2012.0,2012,,AFR,2012,2012,Africa,,NGA,Nigeria,,AGE45-49,45-49 years,,FMLE,Female,,,,,,,,329463.3,329463.30000,,,,,
3480,LIFE_0000000035,ex - expectation of life at age x,https://www.who.int/data/gho/indicator-metadata-registry/imr-details/35,,,,PUBLISHED,Published,,2012.0,2012,,AFR,2012,2012,Africa,,NGA,Nigeria,,AGE45-49,45-49 years,,FMLE,Female,,,,,,,,25,24.97904,,,,,
3481,LIFE_0000000033,nLx - person-years lived between ages x and x+n,https://www.who.int/data/gho/indicator-metadata-registry/imr-details/33,,,,PUBLISHED,Published,,2012.0,2012,,AFR,2012,2012,Africa,,NGA,Nigeria,,AGE50-54,50-54 years,,FMLE,Female,,,,,,,,310392.8,310392.80000,,,,,
3482,LIFE_0000000035,ex - expectation of life at age x,https://www.who.int/data/gho/indicator-metadata-registry/imr-details/35,,,,PUBLISHED,Published,,2012.0,2012,,AFR,2012,2012,Africa,,NGA,Nigeria,,AGE50-54,50-54 years,,FMLE,Female,,,,,,,,21.2,21.23431,,,,,
3483,LIFE_0000000035,ex - expectation of life at age x,https://www.who.int/data/gho/indicator-metadata-registry/imr-details/35,,,,PUBLISHED,Published,,2012.0,2012,,AFR,2012,2012,Africa,,NGA,Nigeria,,AGE55-59,55-59 years,,FMLE,Female,,,,,,,,17.5,17.51624,,,,,
3484,LIFE_0000000030,nqx - probability of dying between ages x and x+n,https://www.who.int/data/gho/indicator-metadata-registry/imr-details/30,,,,PUBLISHED,Published,,2012.0,2012,,AFR,2012,2012,Africa,,NGA,Nigeria,,AGE60-64,60-64 years,,FMLE,Female,,,,,,,,0.143,0.14297,,,,,
3485,LIFE_0000000035,ex - expectation of life at age x,https://www.who.int/data/gho/indicator-metadata-registry/imr-details/35,,,,PUBLISHED,Published,,2012.0,2012,,AFR,2012,2012,Africa,,NGA,Nigeria,,AGE60-64,60-64 years,,FMLE,Female,,,,,,,,13.9,13.85614,,,,,
3486,LIFE_0000000030,nqx - probability of dying between ages x and x+n,https://www.who.int/data/gho/indicator-metadata-registry/imr-details/30,,,,PUBLISHED,Published,,2012.0,2012,,AFR,2012,2012,Africa,,NGA,Nigeria,,AGE65-69,65-69 years,,FMLE,Female,,,,,,,,0.218,0.21840,,,,,
3487,LIFE_0000000032,ndx - number of people dying between ages x and x+n,https://www.who.int/data/gho/indicator-metadata-registry/imr-details/32,,,,PUBLISHED,Published,,2012.0,2012,,AFR,2012,2012,Africa,,NGA,Nigeria,,AGE65-69,65-69 years,,FMLE,Female,,,,,,,,10291.26,10291.26000,,,,,
3488,LIFE_0000000030,nqx - probability of dying between ages x and x+n,https://www.who.int/data/gho/indicator-metadata-registry/imr-details/30,,,,PUBLISHED,Published,,2012.0,2012,,AFR,2012,2012,Africa,,NGA,Nigeria,,AGE70-74,70-74 years,,FMLE,Female,,,,,,,,0.339,0.33915,,,,,
3489,LIFE_0000000032,ndx - number of people dying between ages x and x+n,https://www.who.int/data/gho/indicator-metadata-registry/imr-details/32,,,,PUBLISHED,Published,,2012.0,2012,,AFR,2012,2012,Africa,,NGA,Nigeria,,AGE70-74,70-74 years,,FMLE,Female,,,,,,,,12490.89,12490.89000,,,,,
3490,LIFE_0000000032,ndx - number of people dying between ages x and x+n,https://www.who.int/data/gho/indicator-metadata-registry/imr-details/32,,,,PUBLISHED,Published,,2012.0,2012,,AFR,2012,2012,Africa,,NGA,Nigeria,,AGE75-79,75-79 years,,FMLE,Female,,,,,,,,12055.38,12055.38000,,,,,
3491,LIFE_0000000034,Tx - person-years lived above age x,https://www.who.int/data/gho/indicator-metadata-registry/imr-details/34,,,,PUBLISHED,Published,,2012.0,2012,,AFR,2012,2012,Africa,,NGA,Nigeria,,AGE75-79,75-79 years,,FMLE,Female,,,,,,,,141149.8,141149.80000,,,,,
3492,LIFE_0000000034,Tx - person-years lived above age x,https://www.who.int/data/gho/indicator-metadata-registry/imr-details/34,,,,PUBLISHED,Published,,2012.0,2012,,AFR,2012,2012,Africa,,NGA,Nigeria,,AGE80-84,80-84 years,,FMLE,Female,,,,,,,,50495.81,50495.81000,,,,,
3493,LIFE_0000000029,nMx - age-specific death rate between ages x and x+n,https://www.who.int/data/gho/indicator-metadata-registry/imr-details/29,,,,PUBLISHED,Published,,2012.0,2012,,AFR,2012,2012,Africa,,NGA,Nigeria,,AGE85PLUS,85+ years,,FMLE,Female,,,,,,,,0.338,0.33783,,,,,
3494,LIFE_0000000034,Tx - person-years lived above age x,https://www.who.int/data/gho/indicator-metadata-registry/imr-details/34,,,,PUBLISHED,Published,,2012.0,2012,,AFR,2012,2012,Africa,,NGA,Nigeria,,AGE85PLUS,85+ years,,FMLE,Female,,,,,,,,11906.12,11906.12000,,,,,
3495,LIFE_0000000029,nMx - age-specific death rate between ages x and x+n,https://www.who.int/data/gho/indicator-metadata-registry/imr-details/29,,,,PUBLISHED,Published,,2013.0,2013,,AFR,2013,2013,Africa,,NGA,Nigeria,,AGELT1,<1 year,,MLE,Male,,,,,,,,0.083,0.08334,,,,,
3496,LIFE_0000000029,nMx - age-specific death rate between ages x and x+n,https://www.who.int/data/gho/indicator-metadata-registry/imr-details/29,,,,PUBLISHED,Published,,2013.0,2013,,AFR,2013,2013,Africa,,NGA,Nigeria,,AGE1-4,1-4 years,,MLE,Male,,,,,,,,0.011,0.01148,,,,,
3497,LIFE_0000000031,lx - number of people left alive at age x,https://www.who.int/data/gho/indicator-metadata-registry/imr-details/31,,,,PUBLISHED,Published,,2013.0,2013,,AFR,2013,2013,Africa,,NGA,Nigeria,,AGE1-4,1-4 years,,MLE,Male,,,,,,,,92145.2,92145.20000,,,,,
3498,LIFE_0000000031,lx - number of people left alive at age x,https://www.who.int/data/gho/indicator-metadata-registry/imr-details/31,,,,PUBLISHED,Published,,2013.0,2013,,AFR,2013,2013,Africa,,NGA,Nigeria,,AGE5-9,5-9 years,,MLE,Male,,,,,,,,88034.17,88034.17000,,,,,
3499,LIFE_0000000033,nLx - person-years lived between ages x and x+n,https://www.who.int/data/gho/indicator-metadata-registry/imr-details/33,,,,PUBLISHED,Published,,2013.0,2013,,AFR,2013,2013,Africa,,NGA,Nigeria,,AGE5-9,5-9 years,,MLE,Male,,,,,,,,436997.6,436997.60000,,,,,
3500,LIFE_0000000031,lx - number of people left alive at age x,https://www.who.int/data/gho/indicator-metadata-registry/imr-details/31,,,,PUBLISHED,Published,,2013.0,2013,,AFR,2013,2013,Africa,,NGA,Nigeria,,AGE10-14,10-14 years,,MLE,Male,,,,,,,,86764.88,86764.88000,,,,,
3501,LIFE_0000000033,nLx - person-years lived between ages x and x+n,https://www.who.int/data/gho/indicator-metadata-registry/imr-details/33,,,,PUBLISHED,Published,,2013.0,2013,,AFR,2013,2013,Africa,,NGA,Nigeria,,AGE10-14,10-14 years,,MLE,Male,,,,,,,,432263.2,432263.20000,,,,,
3502,LIFE_0000000033,nLx - person-years lived between ages x and x+n,https://www.who.int/data/gho/indicator-metadata-registry/imr-details/33,,,,PUBLISHED,Published,,2013.0,2013,,AFR,2013,2013,Africa,,NGA,Nigeria,,AGE15-19,15-19  years,,MLE,Male,,,,,,,,427276,427276.00000,,,,,
3503,LIFE_0000000035,ex - expectation of life at age x,https://www.who.int/data/gho/indicator-metadata-registry/imr-details/35,,,,PUBLISHED,Published,,2013.0,2013,,AFR,2013,2013,Africa,,NGA,Nigeria,,AGE15-19,15-19  years,,MLE,Male,,,,,,,,46.7,46.65939,,,,,
3504,LIFE_0000000035,ex - expectation of life at age x,https://www.who.int/data/gho/indicator-metadata-registry/imr-details/35,,,,PUBLISHED,Published,,2013.0,2013,,AFR,2013,2013,Africa,,NGA,Nigeria,,AGE20-24,20-24 years,,MLE,Male,,,,,,,,42.4,42.40293,,,,,
3505,LIFE_0000000030,nqx - probability of dying between ages x and x+n,https://www.who.int/data/gho/indicator-metadata-registry/imr-details/30,,,,PUBLISHED,Published,,2013.0,2013,,AFR,2013,2013,Africa,,NGA,Nigeria,,AGE25-29,25-29 years,,MLE,Male,,,,,,,,0.029,0.02920,,,,,
3506,LIFE_0000000035,ex - expectation of life at age x,https://www.who.int/data/gho/indicator-metadata-registry/imr-details/35,,,,PUBLISHED,Published,,2013.0,2013,,AFR,2013,2013,Africa,,NGA,Nigeria,,AGE25-29,25-29 years,,MLE,Male,,,,,,,,38.4,38.42225,,,,,
3507,LIFE_0000000030,nqx - probability of dying between ages x and x+n,https://www.who.int/data/gho/indicator-metadata-registry/imr-details/30,,,,PUBLISHED,Published,,2013.0,2013,,AFR,2013,2013,Africa,,NGA,Nigeria,,AGE30-34,30-34 years,,MLE,Male,,,,,,,,0.038,0.03757,,,,,
3508,LIFE_0000000030,nqx - probability of dying between ages x and x+n,https://www.who.int/data/gho/indicator-metadata-registry/imr-details/30,,,,PUBLISHED,Published,,2013.0,2013,,AFR,2013,2013,Africa,,NGA,Nigeria,,AGE35-39,35-39 years,,MLE,Male,,,,,,,,0.049,0.04907,,,,,
3509,LIFE_0000000032,ndx - number of people dying between ages x and x+n,https://www.who.int/data/gho/indicator-metadata-registry/imr-details/32,,,,PUBLISHED,Published,,2013.0,2013,,AFR,2013,2013,Africa,,NGA,Nigeria,,AGE35-39,35-39 years,,MLE,Male,,,,,,,,3786.584,3786.58400,,,,,
3510,LIFE_0000000032,ndx - number of people dying between ages x and x+n,https://www.who.int/data/gho/indicator-metadata-registry/imr-details/32,,,,PUBLISHED,Published,,2013.0,2013,,AFR,2013,2013,Africa,,NGA,Nigeria,,AGE40-44,40-44 years,,MLE,Male,,,,,,,,4241.553,4241.55300,,,,,
3511,LIFE_0000000034,Tx - person-years lived above age x,https://www.who.int/data/gho/indicator-metadata-registry/imr-details/34,,,,PUBLISHED,Published,,2013.0,2013,,AFR,2013,2013,Africa,,NGA,Nigeria,,AGE40-44,40-44 years,,MLE,Male,,,,,,,,1996600,1996600.00000,,,,,
3512,LIFE_0000000032,ndx - number of people dying between ages x and x+n,https://www.who.int/data/gho/indicator-metadata-registry/imr-details/32,,,,PUBLISHED,Published,,2013.0,2013,,AFR,2013,2013,Africa,,NGA,Nigeria,,AGE45-49,45-49 years,,MLE,Male,,,,,,,,4591.428,4591.42800,,,,,
3513,LIFE_0000000034,Tx - person-years lived above age x,https://www.who.int/data/gho/indicator-metadata-registry/imr-details/34,,,,PUBLISHED,Published,,2013.0,2013,,AFR,2013,2013,Africa,,NGA,Nigeria,,AGE45-49,45-49 years,,MLE,Male,,,,,,,,1640001,1640001.00000,,,,,
3514,LIFE_0000000034,Tx - person-years lived above age x,https://www.who.int/data/gho/indicator-metadata-registry/imr-details/34,,,,PUBLISHED,Published,,2013.0,2013,,AFR,2013,2013,Africa,,NGA,Nigeria,,AGE50-54,50-54 years,,MLE,Male,,,,,,,,1305405,1305405.00000,,,,,
3515,LIFE_0000000029,nMx - age-specific death rate between ages x and x+n,https://www.who.int/data/gho/indicator-metadata-registry/imr-details/29,,,,PUBLISHED,Published,,2013.0,2013,,AFR,2013,2013,Africa,,NGA,Nigeria,,AGE55-59,55-59 years,,MLE,Male,,,,,,,,0.022,0.02209,,,,,
3516,LIFE_0000000029,nMx - age-specific death rate between ages x and x+n,https://www.who.int/data/gho/indicator-metadata-registry/imr-details/29,,,,PUBLISHED,Published,,2013.0,2013,,AFR,2013,2013,Africa,,NGA,Nigeria,,AGE60-64,60-64 years,,MLE,Male,,,,,,,,0.034,0.03426,,,,,
3517,LIFE_0000000031,lx - number of people left alive at age x,https://www.who.int/data/gho/indicator-metadata-registry/imr-details/31,,,,PUBLISHED,Published,,2013.0,2013,,AFR,2013,2013,Africa,,NGA,Nigeria,,AGE60-64,60-64 years,,MLE,Male,,,,,,,,53019.93,53019.93000,,,,,
3518,LIFE_0000000029,nMx - age-specific death rate between ages x and x+n,https://www.who.int/data/gho/indicator-metadata-registry/imr-details/29,,,,PUBLISHED,Published,,2013.0,2013,,AFR,2013,2013,Africa,,NGA,Nigeria,,AGE65-69,65-69 years,,MLE,Male,,,,,,,,0.052,0.05178,,,,,
3519,LIFE_0000000031,lx - number of people left alive at age x,https://www.who.int/data/gho/indicator-metadata-registry/imr-details/31,,,,PUBLISHED,Published,,2013.0,2013,,AFR,2013,2013,Africa,,NGA,Nigeria,,AGE65-69,65-69 years,,MLE,Male,,,,,,,,44626.61,44626.61000,,,,,
3520,LIFE_0000000031,lx - number of people left alive at age x,https://www.who.int/data/gho/indicator-metadata-registry/imr-details/31,,,,PUBLISHED,Published,,2013.0,2013,,AFR,2013,2013,Africa,,NGA,Nigeria,,AGE70-74,70-74 years,,MLE,Male,,,,,,,,34359.97,34359.97000,,,,,
3521,LIFE_0000000033,nLx - person-years lived between ages x and x+n,https://www.who.int/data/gho/indicator-metadata-registry/imr-details/33,,,,PUBLISHED,Published,,2013.0,2013,,AFR,2013,2013,Africa,,NGA,Nigeria,,AGE70-74,70-74 years,,MLE,Male,,,,,,,,142368.2,142368.20000,,,,,
3522,LIFE_0000000033,nLx - person-years lived between ages x and x+n,https://www.who.int/data/gho/indicator-metadata-registry/imr-details/33,,,,PUBLISHED,Published,,2013.0,2013,,AFR,2013,2013,Africa,,NGA,Nigeria,,AGE75-79,75-79 years,,MLE,Male,,,,,,,,83131.7,83131.70000,,,,,
3523,LIFE_0000000035,ex - expectation of life at age x,https://www.who.int/data/gho/indicator-metadata-registry/imr-details/35,,,,PUBLISHED,Published,,2013.0,2013,,AFR,2013,2013,Africa,,NGA,Nigeria,,AGE75-79,75-79 years,,MLE,Male,,,,,,,,5.7,5.72408,,,,,
3524,LIFE_0000000033,nLx - person-years lived between ages x and x+n,https://www.who.int/data/gho/indicator-metadata-registry/imr-details/33,,,,PUBLISHED,Published,,2013.0,2013,,AFR,2013,2013,Africa,,NGA,Nigeria,,AGE80-84,80-84 years,,MLE,Male,,,,,,,,35000.25,35000.25000,,,,,
3525,LIFE_0000000035,ex - expectation of life at age x,https://www.who.int/data/gho/indicator-metadata-registry/imr-details/35,,,,PUBLISHED,Published,,2013.0,2013,,AFR,2013,2013,Africa,,NGA,Nigeria,,AGE80-84,80-84 years,,MLE,Male,,,,,,,,4.1,4.06446,,,,,
3526,LIFE_0000000035,ex - expectation of life at age x,https://www.who.int/data/gho/indicator-metadata-registry/imr-details/35,,,,PUBLISHED,Published,,2013.0,2013,,AFR,2013,2013,Africa,,NGA,Nigeria,,AGE85PLUS,85+ years,,MLE,Male,,,,,,,,2.9,2.87619,,,,,
3527,LIFE_0000000030,nqx - probability of dying between ages x and x+n,https://www.who.int/data/gho/indicator-metadata-registry/imr-details/30,,,,PUBLISHED,Published,,2013.0,2013,,AFR,2013,2013,Africa,,NGA,Nigeria,,AGELT1,<1 year,,FMLE,Female,,,,,,,,0.069,0.06883,,,,,
3528,LIFE_0000000030,nqx - probability of dying between ages x and x+n,https://www.who.int/data/gho/indicator-metadata-registry/imr-details/30,,,,PUBLISHED,Published,,2013.0,2013,,AFR,2013,2013,Africa,,NGA,Nigeria,,AGE1-4,1-4 years,,FMLE,Female,,,,,,,,0.047,0.04679,,,,,
3529,LIFE_0000000032,ndx - number of people dying between ages x and x+n,https://www.who.int/data/gho/indicator-metadata-registry/imr-details/32,,,,PUBLISHED,Published,,2013.0,2013,,AFR,2013,2013,Africa,,NGA,Nigeria,,AGE1-4,1-4 years,,FMLE,Female,,,,,,,,4357.25,4357.25000,,,,,
3530,LIFE_0000000030,nqx - probability of dying between ages x and x+n,https://www.who.int/data/gho/indicator-metadata-registry/imr-details/30,,,,PUBLISHED,Published,,2013.0,2013,,AFR,2013,2013,Africa,,NGA,Nigeria,,AGE5-9,5-9 years,,FMLE,Female,,,,,,,,0.019,0.01871,,,,,
3531,LIFE_0000000032,ndx - number of people dying between ages x and x+n,https://www.who.int/data/gho/indicator-metadata-registry/imr-details/32,,,,PUBLISHED,Published,,2013.0,2013,,AFR,2013,2013,Africa,,NGA,Nigeria,,AGE5-9,5-9 years,,FMLE,Female,,,,,,,,1660.766,1660.76600,,,,,
3532,LIFE_0000000034,Tx - person-years lived above age x,https://www.who.int/data/gho/indicator-metadata-registry/imr-details/34,,,,PUBLISHED,Published,,2013.0,2013,,AFR,2013,2013,Africa,,NGA,Nigeria,,AGE5-9,5-9 years,,FMLE,Female,,,,,,,,4964209,4964209.00000,,,,,
3533,LIFE_0000000032,ndx - number of people dying between ages x and x+n,https://www.who.int/data/gho/indicator-metadata-registry/imr-details/32,,,,PUBLISHED,Published,,2013.0,2013,,AFR,2013,2013,Africa,,NGA,Nigeria,,AGE10-14,10-14 years,,FMLE,Female,,,,,,,,800.372,800.37180,,,,,
3534,LIFE_0000000034,Tx - person-years lived above age x,https://www.who.int/data/gho/indicator-metadata-registry/imr-details/34,,,,PUBLISHED,Published,,2013.0,2013,,AFR,2013,2013,Africa,,NGA,Nigeria,,AGE10-14,10-14 years,,FMLE,Female,,,,,,,,4524565,4524565.00000,,,,,
3535,LIFE_0000000034,Tx - person-years lived above age x,https://www.who.int/data/gho/indicator-metadata-registry/imr-details/34,,,,PUBLISHED,Published,,2013.0,2013,,AFR,2013,2013,Africa,,NGA,Nigeria,,AGE15-19,15-19  years,,FMLE,Female,,,,,,,,4091073,4091073.00000,,,,,
3536,LIFE_0000000029,nMx - age-specific death rate between ages x and x+n,https://www.who.int/data/gho/indicator-metadata-registry/imr-details/29,,,,PUBLISHED,Published,,2013.0,2013,,AFR,2013,2013,Africa,,NGA,Nigeria,,AGE20-24,20-24 years,,FMLE,Female,,,,,,,,0.005,0.00548,,,,,
3537,LIFE_0000000034,Tx - person-years lived above age x,https://www.who.int/data/gho/indicator-metadata-registry/imr-details/34,,,,PUBLISHED,Published,,2013.0,2013,,AFR,2013,2013,Africa,,NGA,Nigeria,,AGE20-24,20-24 years,,FMLE,Female,,,,,,,,3663848,3663848.00000,,,,,
3538,LIFE_0000000029,nMx - age-specific death rate between ages x and x+n,https://www.who.int/data/gho/indicator-metadata-registry/imr-details/29,,,,PUBLISHED,Published,,2013.0,2013,,AFR,2013,2013,Africa,,NGA,Nigeria,,AGE25-29,25-29 years,,FMLE,Female,,,,,,,,0.007,0.00693,,,,,
3539,LIFE_0000000031,lx - number of people left alive at age x,https://www.who.int/data/gho/indicator-metadata-registry/imr-details/31,,,,PUBLISHED,Published,,2013.0,2013,,AFR,2013,2013,Africa,,NGA,Nigeria,,AGE25-29,25-29 years,,FMLE,Female,,,,,,,,82214.52,82214.52000,,,,,
3540,LIFE_0000000029,nMx - age-specific death rate between ages x and x+n,https://www.who.int/data/gho/indicator-metadata-registry/imr-details/29,,,,PUBLISHED,Published,,2013.0,2013,,AFR,2013,2013,Africa,,NGA,Nigeria,,AGE30-34,30-34 years,,FMLE,Female,,,,,,,,0.008,0.00823,,,,,
3541,LIFE_0000000031,lx - number of people left alive at age x,https://www.who.int/data/gho/indicator-metadata-registry/imr-details/31,,,,PUBLISHED,Published,,2013.0,2013,,AFR,2013,2013,Africa,,NGA,Nigeria,,AGE30-34,30-34 years,,FMLE,Female,,,,,,,,79415.55,79415.55000,,,,,
3542,LIFE_0000000031,lx - number of people left alive at age x,https://www.who.int/data/gho/indicator-metadata-registry/imr-details/31,,,,PUBLISHED,Published,,2013.0,2013,,AFR,2013,2013,Africa,,NGA,Nigeria,,AGE35-39,35-39 years,,FMLE,Female,,,,,,,,76212.64,76212.64000,,,,,
3543,LIFE_0000000033,nLx - person-years lived between ages x and x+n,https://www.who.int/data/gho/indicator-metadata-registry/imr-details/33,,,,PUBLISHED,Published,,2013.0,2013,,AFR,2013,2013,Africa,,NGA,Nigeria,,AGE35-39,35-39 years,,FMLE,Female,,,,,,,,371700.8,371700.80000,,,,,
3544,LIFE_0000000031,lx - number of people left alive at age x,https://www.who.int/data/gho/indicator-metadata-registry/imr-details/31,,,,PUBLISHED,Published,,2013.0,2013,,AFR,2013,2013,Africa,,NGA,Nigeria,,AGE40-44,40-44 years,,FMLE,Female,,,,,,,,72450.94,72450.94000,,,,,
3545,LIFE_0000000033,nLx - person-years lived between ages x and x+n,https://www.who.int/data/gho/indicator-metadata-registry/imr-details/33,,,,PUBLISHED,Published,,2013.0,2013,,AFR,2013,2013,Africa,,NGA,Nigeria,,AGE40-44,40-44 years,,FMLE,Female,,,,,,,,353193.8,353193.80000,,,,,
3546,LIFE_0000000035,ex - expectation of life at age x,https://www.who.int/data/gho/indicator-metadata-registry/imr-details/35,,,,PUBLISHED,Published,,2013.0,2013,,AFR,2013,2013,Africa,,NGA,Nigeria,,AGE40-44,40-44 years,,FMLE,Female,,,,,,,,28.7,28.73712,,,,,
3547,LIFE_0000000033,nLx - person-years lived between ages x and x+n,https://www.who.int/data/gho/indicator-metadata-registry/imr-details/33,,,,PUBLISHED,Published,,2013.0,2013,,AFR,2013,2013,Africa,,NGA,Nigeria,,AGE45-49,45-49 years,,FMLE,Female,,,,,,,,335393,335393.00000,,,,,
3548,LIFE_0000000035,ex - expectation of life at age x,https://www.who.int/data/gho/indicator-metadata-registry/imr-details/35,,,,PUBLISHED,Published,,2013.0,2013,,AFR,2013,2013,Africa,,NGA,Nigeria,,AGE45-49,45-49 years,,FMLE,Female,,,,,,,,25.1,25.12639,,,,,
3549,LIFE_0000000035,ex - expectation of life at age x,https://www.who.int/data/gho/indicator-metadata-registry/imr-details/35,,,,PUBLISHED,Published,,2013.0,2013,,AFR,2013,2013,Africa,,NGA,Nigeria,,AGE50-54,50-54 years,,FMLE,Female,,,,,,,,21.4,21.35023,,,,,
3550,LIFE_0000000030,nqx - probability of dying between ages x and x+n,https://www.who.int/data/gho/indicator-metadata-registry/imr-details/30,,,,PUBLISHED,Published,,2013.0,2013,,AFR,2013,2013,Africa,,NGA,Nigeria,,AGE55-59,55-59 years,,FMLE,Female,,,,,,,,0.081,0.08148,,,,,
3551,LIFE_0000000030,nqx - probability of dying between ages x and x+n,https://www.who.int/data/gho/indicator-metadata-registry/imr-details/30,,,,PUBLISHED,Published,,2013.0,2013,,AFR,2013,2013,Africa,,NGA,Nigeria,,AGE60-64,60-64 years,,FMLE,Female,,,,,,,,0.141,0.14084,,,,,
3552,LIFE_0000000032,ndx - number of people dying between ages x and x+n,https://www.who.int/data/gho/indicator-metadata-registry/imr-details/32,,,,PUBLISHED,Published,,2013.0,2013,,AFR,2013,2013,Africa,,NGA,Nigeria,,AGE60-64,60-64 years,,FMLE,Female,,,,,,,,7911.728,7911.72800,,,,,
3553,LIFE_0000000030,nqx - probability of dying between ages x and x+n,https://www.who.int/data/gho/indicator-metadata-registry/imr-details/30,,,,PUBLISHED,Published,,2013.0,2013,,AFR,2013,2013,Africa,,NGA,Nigeria,,AGE65-69,65-69 years,,FMLE,Female,,,,,,,,0.216,0.21585,,,,,
3554,LIFE_0000000032,ndx - number of people dying between ages x and x+n,https://www.who.int/data/gho/indicator-metadata-registry/imr-details/32,,,,PUBLISHED,Published,,2013.0,2013,,AFR,2013,2013,Africa,,NGA,Nigeria,,AGE65-69,65-69 years,,FMLE,Female,,,,,,,,10417.74,10417.74000,,,,,
3555,LIFE_0000000032,ndx - number of people dying between ages x and x+n,https://www.who.int/data/gho/indicator-metadata-registry/imr-details/32,,,,PUBLISHED,Published,,2013.0,2013,,AFR,2013,2013,Africa,,NGA,Nigeria,,AGE70-74,70-74 years,,FMLE,Female,,,,,,,,12724.41,12724.41000,,,,,
3556,LIFE_0000000034,Tx - person-years lived above age x,https://www.who.int/data/gho/indicator-metadata-registry/imr-details/34,,,,PUBLISHED,Published,,2013.0,2013,,AFR,2013,2013,Africa,,NGA,Nigeria,,AGE70-74,70-74 years,,FMLE,Female,,,,,,,,304395.6,304395.60000,,,,,
3557,LIFE_0000000034,Tx - person-years lived above age x,https://www.who.int/data/gho/indicator-metadata-registry/imr-details/34,,,,PUBLISHED,Published,,2013.0,2013,,AFR,2013,2013,Africa,,NGA,Nigeria,,AGE75-79,75-79 years,,FMLE,Female,,,,,,,,146437.1,146437.10000,,,,,
3558,LIFE_0000000029,nMx - age-specific death rate between ages x and x+n,https://www.who.int/data/gho/indicator-metadata-registry/imr-details/29,,,,PUBLISHED,Published,,2013.0,2013,,AFR,2013,2013,Africa,,NGA,Nigeria,,AGE80-84,80-84 years,,FMLE,Female,,,,,,,,0.213,0.21281,,,,,
3559,LIFE_0000000034,Tx - person-years lived above age x,https://www.who.int/data/gho/indicator-metadata-registry/imr-details/34,,,,PUBLISHED,Published,,2013.0,2013,,AFR,2013,2013,Africa,,NGA,Nigeria,,AGE80-84,80-84 years,,FMLE,Female,,,,,,,,52645.55,52645.55000,,,,,
3560,LIFE_0000000029,nMx - age-specific death rate between ages x and x+n,https://www.who.int/data/gho/indicator-metadata-registry/imr-details/29,,,,PUBLISHED,Published,,2013.0,2013,,AFR,2013,2013,Africa,,NGA,Nigeria,,AGE85PLUS,85+ years,,FMLE,Female,,,,,,,,0.337,0.33678,,,,,
3561,LIFE_0000000029,nMx - age-specific death rate between ages x and x+n,https://www.who.int/data/gho/indicator-metadata-registry/imr-details/29,,,,PUBLISHED,Published,,2014.0,2014,,AFR,2014,2014,Africa,,NGA,Nigeria,,AGELT1,<1 year,,MLE,Male,,,,,,,,0.08,0.08030,,,,,
3562,LIFE_0000000031,lx - number of people left alive at age x,https://www.who.int/data/gho/indicator-metadata-registry/imr-details/31,,,,PUBLISHED,Published,,2014.0,2014,,AFR,2014,2014,Africa,,NGA,Nigeria,,AGELT1,<1 year,,MLE,Male,,,,,,,,100000,100000.00000,,,,,
3563,LIFE_0000000031,lx - number of people left alive at age x,https://www.who.int/data/gho/indicator-metadata-registry/imr-details/31,,,,PUBLISHED,Published,,2014.0,2014,,AFR,2014,2014,Africa,,NGA,Nigeria,,AGE1-4,1-4 years,,MLE,Male,,,,,,,,92420.17,92420.17000,,,,,
3564,LIFE_0000000033,nLx - person-years lived between ages x and x+n,https://www.who.int/data/gho/indicator-metadata-registry/imr-details/33,,,,PUBLISHED,Published,,2014.0,2014,,AFR,2014,2014,Africa,,NGA,Nigeria,,AGE1-4,1-4 years,,MLE,Male,,,,,,,,359508.2,359508.20000,,,,,
3565,LIFE_0000000031,lx - number of people left alive at age x,https://www.who.int/data/gho/indicator-metadata-registry/imr-details/31,,,,PUBLISHED,Published,,2014.0,2014,,AFR,2014,2014,Africa,,NGA,Nigeria,,AGE5-9,5-9 years,,MLE,Male,,,,,,,,88469.8,88469.80000,,,,,
3566,LIFE_0000000033,nLx - person-years lived between ages x and x+n,https://www.who.int/data/gho/indicator-metadata-registry/imr-details/33,,,,PUBLISHED,Published,,2014.0,2014,,AFR,2014,2014,Africa,,NGA,Nigeria,,AGE5-9,5-9 years,,MLE,Male,,,,,,,,439261.2,439261.20000,,,,,
3567,LIFE_0000000033,nLx - person-years lived between ages x and x+n,https://www.who.int/data/gho/indicator-metadata-registry/imr-details/33,,,,PUBLISHED,Published,,2014.0,2014,,AFR,2014,2014,Africa,,NGA,Nigeria,,AGE10-14,10-14 years,,MLE,Male,,,,,,,,434604.3,434604.30000,,,,,
3568,LIFE_0000000035,ex - expectation of life at age x,https://www.who.int/data/gho/indicator-metadata-registry/imr-details/35,,,,PUBLISHED,Published,,2014.0,2014,,AFR,2014,2014,Africa,,NGA,Nigeria,,AGE10-14,10-14 years,,MLE,Male,,,,,,,,51.4,51.40810,,,,,
3569,LIFE_0000000035,ex - expectation of life at age x,https://www.who.int/data/gho/indicator-metadata-registry/imr-details/35,,,,PUBLISHED,Published,,2014.0,2014,,AFR,2014,2014,Africa,,NGA,Nigeria,,AGE15-19,15-19  years,,MLE,Male,,,,,,,,46.8,46.76255,,,,,
3570,LIFE_0000000030,nqx - probability of dying between ages x and x+n,https://www.who.int/data/gho/indicator-metadata-registry/imr-details/30,,,,PUBLISHED,Published,,2014.0,2014,,AFR,2014,2014,Africa,,NGA,Nigeria,,AGE20-24,20-24 years,,MLE,Male,,,,,,,,0.025,0.02549,,,,,
3571,LIFE_0000000035,ex - expectation of life at age x,https://www.who.int/data/gho/indicator-metadata-registry/imr-details/35,,,,PUBLISHED,Published,,2014.0,2014,,AFR,2014,2014,Africa,,NGA,Nigeria,,AGE20-24,20-24 years,,MLE,Male,,,,,,,,42.5,42.52053,,,,,
3572,LIFE_0000000030,nqx - probability of dying between ages x and x+n,https://www.who.int/data/gho/indicator-metadata-registry/imr-details/30,,,,PUBLISHED,Published,,2014.0,2014,,AFR,2014,2014,Africa,,NGA,Nigeria,,AGE25-29,25-29 years,,MLE,Male,,,,,,,,0.029,0.02930,,,,,
3573,LIFE_0000000030,nqx - probability of dying between ages x and x+n,https://www.who.int/data/gho/indicator-metadata-registry/imr-details/30,,,,PUBLISHED,Published,,2014.0,2014,,AFR,2014,2014,Africa,,NGA,Nigeria,,AGE30-34,30-34 years,,MLE,Male,,,,,,,,0.037,0.03716,,,,,
3574,LIFE_0000000032,ndx - number of people dying between ages x and x+n,https://www.who.int/data/gho/indicator-metadata-registry/imr-details/32,,,,PUBLISHED,Published,,2014.0,2014,,AFR,2014,2014,Africa,,NGA,Nigeria,,AGE30-34,30-34 years,,MLE,Male,,,,,,,,2992.71,2992.71000,,,,,
3575,LIFE_0000000032,ndx - number of people dying between ages x and x+n,https://www.who.int/data/gho/indicator-metadata-registry/imr-details/32,,,,PUBLISHED,Published,,2014.0,2014,,AFR,2014,2014,Africa,,NGA,Nigeria,,AGE35-39,35-39 years,,MLE,Male,,,,,,,,3730.326,3730.32600,,,,,
3576,LIFE_0000000034,Tx - person-years lived above age x,https://www.who.int/data/gho/indicator-metadata-registry/imr-details/34,,,,PUBLISHED,Published,,2014.0,2014,,AFR,2014,2014,Africa,,NGA,Nigeria,,AGE35-39,35-39 years,,MLE,Male,,,,,,,,2395930,2395930.00000,,,,,
3577,LIFE_0000000032,ndx - number of people dying between ages x and x+n,https://www.who.int/data/gho/indicator-metadata-registry/imr-details/32,,,,PUBLISHED,Published,,2014.0,2014,,AFR,2014,2014,Africa,,NGA,Nigeria,,AGE40-44,40-44 years,,MLE,Male,,,,,,,,4208.662,4208.66200,,,,,
3578,LIFE_0000000034,Tx - person-years lived above age x,https://www.who.int/data/gho/indicator-metadata-registry/imr-details/34,,,,PUBLISHED,Published,,2014.0,2014,,AFR,2014,2014,Africa,,NGA,Nigeria,,AGE40-44,40-44 years,,MLE,Male,,,,,,,,2017321,2017321.00000,,,,,
3579,LIFE_0000000034,Tx - person-years lived above age x,https://www.who.int/data/gho/indicator-metadata-registry/imr-details/34,,,,PUBLISHED,Published,,2014.0,2014,,AFR,2014,2014,Africa,,NGA,Nigeria,,AGE45-49,45-49 years,,MLE,Male,,,,,,,,1658476,1658476.00000,,,,,
3580,LIFE_0000000029,nMx - age-specific death rate between ages x and x+n,https://www.who.int/data/gho/indicator-metadata-registry/imr-details/29,,,,PUBLISHED,Published,,2014.0,2014,,AFR,2014,2014,Africa,,NGA,Nigeria,,AGE50-54,50-54 years,,MLE,Male,,,,,,,,0.017,0.01694,,,,,
3581,LIFE_0000000029,nMx - age-specific death rate between ages x and x+n,https://www.who.int/data/gho/indicator-metadata-registry/imr-details/29,,,,PUBLISHED,Published,,2014.0,2014,,AFR,2014,2014,Africa,,NGA,Nigeria,,AGE55-59,55-59 years,,MLE,Male,,,,,,,,0.022,0.02188,,,,,
3582,LIFE_0000000031,lx - number of people left alive at age x,https://www.who.int/data/gho/indicator-metadata-registry/imr-details/31,,,,PUBLISHED,Published,,2014.0,2014,,AFR,2014,2014,Africa,,NGA,Nigeria,,AGE55-59,55-59 years,,MLE,Male,,,,,,,,59767.01,59767.01000,,,,,
3583,LIFE_0000000029,nMx - age-specific death rate between ages x and x+n,https://www.who.int/data/gho/indicator-metadata-registry/imr-details/29,,,,PUBLISHED,Published,,2014.0,2014,,AFR,2014,2014,Africa,,NGA,Nigeria,,AGE60-64,60-64 years,,MLE,Male,,,,,,,,0.034,0.03382,,,,,
3584,LIFE_0000000031,lx - number of people left alive at age x,https://www.who.int/data/gho/indicator-metadata-registry/imr-details/31,,,,PUBLISHED,Published,,2014.0,2014,,AFR,2014,2014,Africa,,NGA,Nigeria,,AGE60-64,60-64 years,,MLE,Male,,,,,,,,53553.26,53553.26000,,,,,
3585,LIFE_0000000031,lx - number of people left alive at age x,https://www.who.int/data/gho/indicator-metadata-registry/imr-details/31,,,,PUBLISHED,Published,,2014.0,2014,,AFR,2014,2014,Africa,,NGA,Nigeria,,AGE65-69,65-69 years,,MLE,Male,,,,,,,,45177.1,45177.10000,,,,,
3586,LIFE_0000000033,nLx - person-years lived between ages x and x+n,https://www.who.int/data/gho/indicator-metadata-registry/imr-details/33,,,,PUBLISHED,Published,,2014.0,2014,,AFR,2014,2014,Africa,,NGA,Nigeria,,AGE65-69,65-69 years,,MLE,Male,,,,,,,,200977.5,200977.50000,,,,,
3587,LIFE_0000000033,nLx - person-years lived between ages x and x+n,https://www.who.int/data/gho/indicator-metadata-registry/imr-details/33,,,,PUBLISHED,Published,,2014.0,2014,,AFR,2014,2014,Africa,,NGA,Nigeria,,AGE70-74,70-74 years,,MLE,Male,,,,,,,,144775.5,144775.50000,,,,,
3588,LIFE_0000000035,ex - expectation of life at age x,https://www.who.int/data/gho/indicator-metadata-registry/imr-details/35,,,,PUBLISHED,Published,,2014.0,2014,,AFR,2014,2014,Africa,,NGA,Nigeria,,AGE70-74,70-74 years,,MLE,Male,,,,,,,,7.9,7.91981,,,,,
3589,LIFE_0000000033,nLx - person-years lived between ages x and x+n,https://www.who.int/data/gho/indicator-metadata-registry/imr-details/33,,,,PUBLISHED,Published,,2014.0,2014,,AFR,2014,2014,Africa,,NGA,Nigeria,,AGE75-79,75-79 years,,MLE,Male,,,,,,,,84870.15,84870.15000,,,,,
3590,LIFE_0000000035,ex - expectation of life at age x,https://www.who.int/data/gho/indicator-metadata-registry/imr-details/35,,,,PUBLISHED,Published,,2014.0,2014,,AFR,2014,2014,Africa,,NGA,Nigeria,,AGE75-79,75-79 years,,MLE,Male,,,,,,,,5.7,5.74601,,,,,
3591,LIFE_0000000035,ex - expectation of life at age x,https://www.who.int/data/gho/indicator-metadata-registry/imr-details/35,,,,PUBLISHED,Published,,2014.0,2014,,AFR,2014,2014,Africa,,NGA,Nigeria,,AGE80-84,80-84 years,,MLE,Male,,,,,,,,4.1,4.07665,,,,,
3592,LIFE_0000000030,nqx - probability of dying between ages x and x+n,https://www.who.int/data/gho/indicator-metadata-registry/imr-details/30,,,,PUBLISHED,Published,,2014.0,2014,,AFR,2014,2014,Africa,,NGA,Nigeria,,AGE85PLUS,85+ years,,MLE,Male,,,,,,,,1,1.00000,,,,,
3593,LIFE_0000000030,nqx - probability of dying between ages x and x+n,https://www.who.int/data/gho/indicator-metadata-registry/imr-details/30,,,,PUBLISHED,Published,,2014.0,2014,,AFR,2014,2014,Africa,,NGA,Nigeria,,AGELT1,<1 year,,FMLE,Female,,,,,,,,0.066,0.06637,,,,,
3594,LIFE_0000000032,ndx - number of people dying between ages x and x+n,https://www.who.int/data/gho/indicator-metadata-registry/imr-details/32,,,,PUBLISHED,Published,,2014.0,2014,,AFR,2014,2014,Africa,,NGA,Nigeria,,AGELT1,<1 year,,FMLE,Female,,,,,,,,6637.338,6637.33800,,,,,
3595,LIFE_0000000030,nqx - probability of dying between ages x and x+n,https://www.who.int/data/gho/indicator-metadata-registry/imr-details/30,,,,PUBLISHED,Published,,2014.0,2014,,AFR,2014,2014,Africa,,NGA,Nigeria,,AGE1-4,1-4 years,,FMLE,Female,,,,,,,,0.045,0.04489,,,,,
3596,LIFE_0000000032,ndx - number of people dying between ages x and x+n,https://www.who.int/data/gho/indicator-metadata-registry/imr-details/32,,,,PUBLISHED,Published,,2014.0,2014,,AFR,2014,2014,Africa,,NGA,Nigeria,,AGE1-4,1-4 years,,FMLE,Female,,,,,,,,4191.235,4191.23500,,,,,
3597,LIFE_0000000034,Tx - person-years lived above age x,https://www.who.int/data/gho/indicator-metadata-registry/imr-details/34,,,,PUBLISHED,Published,,2014.0,2014,,AFR,2014,2014,Africa,,NGA,Nigeria,,AGE1-4,1-4 years,,FMLE,Female,,,,,,,,5389717,5389717.00000,,,,,
3598,LIFE_0000000032,ndx - number of people dying between ages x and x+n,https://www.who.int/data/gho/indicator-metadata-registry/imr-details/32,,,,PUBLISHED,Published,,2014.0,2014,,AFR,2014,2014,Africa,,NGA,Nigeria,,AGE5-9,5-9 years,,FMLE,Female,,,,,,,,1606.316,1606.31600,,,,,
3599,LIFE_0000000034,Tx - person-years lived above age x,https://www.who.int/data/gho/indicator-metadata-registry/imr-details/34,,,,PUBLISHED,Published,,2014.0,2014,,AFR,2014,2014,Africa,,NGA,Nigeria,,AGE5-9,5-9 years,,FMLE,Female,,,,,,,,5027113,5027113.00000,,,,,
3600,LIFE_0000000034,Tx - person-years lived above age x,https://www.who.int/data/gho/indicator-metadata-registry/imr-details/34,,,,PUBLISHED,Published,,2014.0,2014,,AFR,2014,2014,Africa,,NGA,Nigeria,,AGE10-14,10-14 years,,FMLE,Female,,,,,,,,4585272,4585272.00000,,,,,
3601,LIFE_0000000029,nMx - age-specific death rate between ages x and x+n,https://www.who.int/data/gho/indicator-metadata-registry/imr-details/29,,,,PUBLISHED,Published,,2014.0,2014,,AFR,2014,2014,Africa,,NGA,Nigeria,,AGE15-19,15-19  years,,FMLE,Female,,,,,,,,0.004,0.00420,,,,,
3602,LIFE_0000000034,Tx - person-years lived above age x,https://www.who.int/data/gho/indicator-metadata-registry/imr-details/34,,,,PUBLISHED,Published,,2014.0,2014,,AFR,2014,2014,Africa,,NGA,Nigeria,,AGE15-19,15-19  years,,FMLE,Female,,,,,,,,4149415,4149415.00000,,,,,
3603,LIFE_0000000029,nMx - age-specific death rate between ages x and x+n,https://www.who.int/data/gho/indicator-metadata-registry/imr-details/29,,,,PUBLISHED,Published,,2014.0,2014,,AFR,2014,2014,Africa,,NGA,Nigeria,,AGE20-24,20-24 years,,FMLE,Female,,,,,,,,0.005,0.00544,,,,,
3604,LIFE_0000000031,lx - number of people left alive at age x,https://www.who.int/data/gho/indicator-metadata-registry/imr-details/31,,,,PUBLISHED,Published,,2014.0,2014,,AFR,2014,2014,Africa,,NGA,Nigeria,,AGE20-24,20-24 years,,FMLE,Female,,,,,,,,84974,84974.00000,,,,,
3605,LIFE_0000000029,nMx - age-specific death rate between ages x and x+n,https://www.who.int/data/gho/indicator-metadata-registry/imr-details/29,,,,PUBLISHED,Published,,2014.0,2014,,AFR,2014,2014,Africa,,NGA,Nigeria,,AGE25-29,25-29 years,,FMLE,Female,,,,,,,,0.007,0.00664,,,,,
3606,LIFE_0000000031,lx - number of people left alive at age x,https://www.who.int/data/gho/indicator-metadata-registry/imr-details/31,,,,PUBLISHED,Published,,2014.0,2014,,AFR,2014,2014,Africa,,NGA,Nigeria,,AGE25-29,25-29 years,,FMLE,Female,,,,,,,,82691.45,82691.45000,,,,,
3607,LIFE_0000000031,lx - number of people left alive at age x,https://www.who.int/data/gho/indicator-metadata-registry/imr-details/31,,,,PUBLISHED,Published,,2014.0,2014,,AFR,2014,2014,Africa,,NGA,Nigeria,,AGE30-34,30-34 years,,FMLE,Female,,,,,,,,79990.63,79990.63000,,,,,
3608,LIFE_0000000033,nLx - person-years lived between ages x and x+n,https://www.who.int/data/gho/indicator-metadata-registry/imr-details/33,,,,PUBLISHED,Published,,2014.0,2014,,AFR,2014,2014,Africa,,NGA,Nigeria,,AGE30-34,30-34 years,,FMLE,Female,,,,,,,,392449.7,392449.70000,,,,,
3609,LIFE_0000000033,nLx - person-years lived between ages x and x+n,https://www.who.int/data/gho/indicator-metadata-registry/imr-details/33,,,,PUBLISHED,Published,,2014.0,2014,,AFR,2014,2014,Africa,,NGA,Nigeria,,AGE35-39,35-39 years,,FMLE,Female,,,,,,,,376091.7,376091.70000,,,,,
3610,LIFE_0000000035,ex - expectation of life at age x,https://www.who.int/data/gho/indicator-metadata-registry/imr-details/35,,,,PUBLISHED,Published,,2014.0,2014,,AFR,2014,2014,Africa,,NGA,Nigeria,,AGE35-39,35-39 years,,FMLE,Female,,,,,,,,32.5,32.49321,,,,,
3611,LIFE_0000000033,nLx - person-years lived between ages x and x+n,https://www.who.int/data/gho/indicator-metadata-registry/imr-details/33,,,,PUBLISHED,Published,,2014.0,2014,,AFR,2014,2014,Africa,,NGA,Nigeria,,AGE40-44,40-44 years,,FMLE,Female,,,,,,,,358423.1,358423.10000,,,,,
3612,LIFE_0000000035,ex - expectation of life at age x,https://www.who.int/data/gho/indicator-metadata-registry/imr-details/35,,,,PUBLISHED,Published,,2014.0,2014,,AFR,2014,2014,Africa,,NGA,Nigeria,,AGE40-44,40-44 years,,FMLE,Female,,,,,,,,28.9,28.93797,,,,,
3613,LIFE_0000000035,ex - expectation of life at age x,https://www.who.int/data/gho/indicator-metadata-registry/imr-details/35,,,,PUBLISHED,Published,,2014.0,2014,,AFR,2014,2014,Africa,,NGA,Nigeria,,AGE45-49,45-49 years,,FMLE,Female,,,,,,,,25.3,25.27343,,,,,
3614,LIFE_0000000030,nqx - probability of dying between ages x and x+n,https://www.who.int/data/gho/indicator-metadata-registry/imr-details/30,,,,PUBLISHED,Published,,2014.0,2014,,AFR,2014,2014,Africa,,NGA,Nigeria,,AGE50-54,50-54 years,,FMLE,Female,,,,,,,,0.062,0.06159,,,,,
3615,LIFE_0000000030,nqx - probability of dying between ages x and x+n,https://www.who.int/data/gho/indicator-metadata-registry/imr-details/30,,,,PUBLISHED,Published,,2014.0,2014,,AFR,2014,2014,Africa,,NGA,Nigeria,,AGE55-59,55-59 years,,FMLE,Female,,,,,,,,0.08,0.08043,,,,,
3616,LIFE_0000000032,ndx - number of people dying between ages x and x+n,https://www.who.int/data/gho/indicator-metadata-registry/imr-details/32,,,,PUBLISHED,Published,,2014.0,2014,,AFR,2014,2014,Africa,,NGA,Nigeria,,AGE55-59,55-59 years,,FMLE,Female,,,,,,,,5013.396,5013.39600,,,,,
3617,LIFE_0000000030,nqx - probability of dying between ages x and x+n,https://www.who.int/data/gho/indicator-metadata-registry/imr-details/30,,,,PUBLISHED,Published,,2014.0,2014,,AFR,2014,2014,Africa,,NGA,Nigeria,,AGE60-64,60-64 years,,FMLE,Female,,,,,,,,0.139,0.13871,,,,,
3618,LIFE_0000000032,ndx - number of people dying between ages x and x+n,https://www.who.int/data/gho/indicator-metadata-registry/imr-details/32,,,,PUBLISHED,Published,,2014.0,2014,,AFR,2014,2014,Africa,,NGA,Nigeria,,AGE60-64,60-64 years,,FMLE,Female,,,,,,,,7950.34,7950.34000,,,,,
3619,LIFE_0000000032,ndx - number of people dying between ages x and x+n,https://www.who.int/data/gho/indicator-metadata-registry/imr-details/32,,,,PUBLISHED,Published,,2014.0,2014,,AFR,2014,2014,Africa,,NGA,Nigeria,,AGE65-69,65-69 years,,FMLE,Female,,,,,,,,10527.61,10527.61000,,,,,
3620,LIFE_0000000034,Tx - person-years lived above age x,https://www.who.int/data/gho/indicator-metadata-registry/imr-details/34,,,,PUBLISHED,Published,,2014.0,2014,,AFR,2014,2014,Africa,,NGA,Nigeria,,AGE65-69,65-69 years,,FMLE,Female,,,,,,,,535844,535844.00000,,,,,
3621,LIFE_0000000034,Tx - person-years lived above age x,https://www.who.int/data/gho/indicator-metadata-registry/imr-details/34,,,,PUBLISHED,Published,,2014.0,2014,,AFR,2014,2014,Africa,,NGA,Nigeria,,AGE70-74,70-74 years,,FMLE,Female,,,,,,,,314209.6,314209.60000,,,,,
3622,LIFE_0000000029,nMx - age-specific death rate between ages x and x+n,https://www.who.int/data/gho/indicator-metadata-registry/imr-details/29,,,,PUBLISHED,Published,,2014.0,2014,,AFR,2014,2014,Africa,,NGA,Nigeria,,AGE75-79,75-79 years,,FMLE,Female,,,,,,,,0.131,0.13076,,,,,
3623,LIFE_0000000034,Tx - person-years lived above age x,https://www.who.int/data/gho/indicator-metadata-registry/imr-details/34,,,,PUBLISHED,Published,,2014.0,2014,,AFR,2014,2014,Africa,,NGA,Nigeria,,AGE75-79,75-79 years,,FMLE,Female,,,,,,,,151782,151782.00000,,,,,
3624,LIFE_0000000029,nMx - age-specific death rate between ages x and x+n,https://www.who.int/data/gho/indicator-metadata-registry/imr-details/29,,,,PUBLISHED,Published,,2014.0,2014,,AFR,2014,2014,Africa,,NGA,Nigeria,,AGE80-84,80-84 years,,FMLE,Female,,,,,,,,0.211,0.21148,,,,,
3625,LIFE_0000000029,nMx - age-specific death rate between ages x and x+n,https://www.who.int/data/gho/indicator-metadata-registry/imr-details/29,,,,PUBLISHED,Published,,2014.0,2014,,AFR,2014,2014,Africa,,NGA,Nigeria,,AGE85PLUS,85+ years,,FMLE,Female,,,,,,,,0.336,0.33570,,,,,
3626,LIFE_0000000031,lx - number of people left alive at age x,https://www.who.int/data/gho/indicator-metadata-registry/imr-details/31,,,,PUBLISHED,Published,,2014.0,2014,,AFR,2014,2014,Africa,,NGA,Nigeria,,AGE85PLUS,85+ years,,FMLE,Female,,,,,,,,4389.696,4389.69600,,,,,
3627,LIFE_0000000031,lx - number of people left alive at age x,https://www.who.int/data/gho/indicator-metadata-registry/imr-details/31,,,,PUBLISHED,Published,,2015.0,2015,,AFR,2015,2015,Africa,,NGA,Nigeria,,AGELT1,<1 year,,MLE,Male,,,,,,,,100000,100000.00000,,,,,
3628,LIFE_0000000033,nLx - person-years lived between ages x and x+n,https://www.who.int/data/gho/indicator-metadata-registry/imr-details/33,,,,PUBLISHED,Published,,2015.0,2015,,AFR,2015,2015,Africa,,NGA,Nigeria,,AGELT1,<1 year,,MLE,Male,,,,,,,,94509.27,94509.27000,,,,,
3629,LIFE_0000000031,lx - number of people left alive at age x,https://www.who.int/data/gho/indicator-metadata-registry/imr-details/31,,,,PUBLISHED,Published,,2015.0,2015,,AFR,2015,2015,Africa,,NGA,Nigeria,,AGE1-4,1-4 years,,MLE,Male,,,,,,,,92657.21,92657.21000,,,,,
3630,LIFE_0000000033,nLx - person-years lived between ages x and x+n,https://www.who.int/data/gho/indicator-metadata-registry/imr-details/33,,,,PUBLISHED,Published,,2015.0,2015,,AFR,2015,2015,Africa,,NGA,Nigeria,,AGE1-4,1-4 years,,MLE,Male,,,,,,,,360882,360882.00000,,,,,
3631,LIFE_0000000033,nLx - person-years lived between ages x and x+n,https://www.who.int/data/gho/indicator-metadata-registry/imr-details/33,,,,PUBLISHED,Published,,2015.0,2015,,AFR,2015,2015,Africa,,NGA,Nigeria,,AGE5-9,5-9 years,,MLE,Male,,,,,,,,441308.9,441308.90000,,,,,
3632,LIFE_0000000035,ex - expectation of life at age x,https://www.who.int/data/gho/indicator-metadata-registry/imr-details/35,,,,PUBLISHED,Published,,2015.0,2015,,AFR,2015,2015,Africa,,NGA,Nigeria,,AGE5-9,5-9 years,,MLE,Male,,,,,,,,55.9,55.94014,,,,,
3633,LIFE_0000000035,ex - expectation of life at age x,https://www.who.int/data/gho/indicator-metadata-registry/imr-details/35,,,,PUBLISHED,Published,,2015.0,2015,,AFR,2015,2015,Africa,,NGA,Nigeria,,AGE10-14,10-14 years,,MLE,Male,,,,,,,,51.7,51.66939,,,,,
3634,LIFE_0000000030,nqx - probability of dying between ages x and x+n,https://www.who.int/data/gho/indicator-metadata-registry/imr-details/30,,,,PUBLISHED,Published,,2015.0,2015,,AFR,2015,2015,Africa,,NGA,Nigeria,,AGE15-19,15-19  years,,MLE,Male,,,,,,,,0.017,0.01672,,,,,
3635,LIFE_0000000035,ex - expectation of life at age x,https://www.who.int/data/gho/indicator-metadata-registry/imr-details/35,,,,PUBLISHED,Published,,2015.0,2015,,AFR,2015,2015,Africa,,NGA,Nigeria,,AGE15-19,15-19  years,,MLE,Male,,,,,,,,47,47.01285,,,,,
3636,LIFE_0000000030,nqx - probability of dying between ages x and x+n,https://www.who.int/data/gho/indicator-metadata-registry/imr-details/30,,,,PUBLISHED,Published,,2015.0,2015,,AFR,2015,2015,Africa,,NGA,Nigeria,,AGE20-24,20-24 years,,MLE,Male,,,,,,,,0.025,0.02522,,,,,
3637,LIFE_0000000030,nqx - probability of dying between ages x and x+n,https://www.who.int/data/gho/indicator-metadata-registry/imr-details/30,,,,PUBLISHED,Published,,2015.0,2015,,AFR,2015,2015,Africa,,NGA,Nigeria,,AGE25-29,25-29 years,,MLE,Male,,,,,,,,0.029,0.02859,,,,,
3638,LIFE_0000000032,ndx - number of people dying between ages x and x+n,https://www.who.int/data/gho/indicator-metadata-registry/imr-details/32,,,,PUBLISHED,Published,,2015.0,2015,,AFR,2015,2015,Africa,,NGA,Nigeria,,AGE25-29,25-29 years,,MLE,Male,,,,,,,,2385.623,2385.62300,,,,,
3639,LIFE_0000000032,ndx - number of people dying between ages x and x+n,https://www.who.int/data/gho/indicator-metadata-registry/imr-details/32,,,,PUBLISHED,Published,,2015.0,2015,,AFR,2015,2015,Africa,,NGA,Nigeria,,AGE30-34,30-34 years,,MLE,Male,,,,,,,,2914.38,2914.38000,,,,,
3640,LIFE_0000000034,Tx - person-years lived above age x,https://www.who.int/data/gho/indicator-metadata-registry/imr-details/34,,,,PUBLISHED,Published,,2015.0,2015,,AFR,2015,2015,Africa,,NGA,Nigeria,,AGE30-34,30-34 years,,MLE,Male,,,,,,,,2826990,2826990.00000,,,,,
3641,LIFE_0000000032,ndx - number of people dying between ages x and x+n,https://www.who.int/data/gho/indicator-metadata-registry/imr-details/32,,,,PUBLISHED,Published,,2015.0,2015,,AFR,2015,2015,Africa,,NGA,Nigeria,,AGE35-39,35-39 years,,MLE,Male,,,,,,,,3639.25,3639.25000,,,,,
3642,LIFE_0000000034,Tx - person-years lived above age x,https://www.who.int/data/gho/indicator-metadata-registry/imr-details/34,,,,PUBLISHED,Published,,2015.0,2015,,AFR,2015,2015,Africa,,NGA,Nigeria,,AGE35-39,35-39 years,,MLE,Male,,,,,,,,2428943,2428943.00000,,,,,
3643,LIFE_0000000034,Tx - person-years lived above age x,https://www.who.int/data/gho/indicator-metadata-registry/imr-details/34,,,,PUBLISHED,Published,,2015.0,2015,,AFR,2015,2015,Africa,,NGA,Nigeria,,AGE40-44,40-44 years,,MLE,Male,,,,,,,,2047166,2047166.00000,,,,,
3644,LIFE_0000000029,nMx - age-specific death rate between ages x and x+n,https://www.who.int/data/gho/indicator-metadata-registry/imr-details/29,,,,PUBLISHED,Published,,2015.0,2015,,AFR,2015,2015,Africa,,NGA,Nigeria,,AGE45-49,45-49 years,,MLE,Male,,,,,,,,0.013,0.01316,,,,,
3645,LIFE_0000000029,nMx - age-specific death rate between ages x and x+n,https://www.who.int/data/gho/indicator-metadata-registry/imr-details/29,,,,PUBLISHED,Published,,2015.0,2015,,AFR,2015,2015,Africa,,NGA,Nigeria,,AGE50-54,50-54 years,,MLE,Male,,,,,,,,0.017,0.01666,,,,,
3646,LIFE_0000000031,lx - number of people left alive at age x,https://www.who.int/data/gho/indicator-metadata-registry/imr-details/31,,,,PUBLISHED,Published,,2015.0,2015,,AFR,2015,2015,Africa,,NGA,Nigeria,,AGE50-54,50-54 years,,MLE,Male,,,,,,,,65847.59,65847.59000,,,,,
3647,LIFE_0000000029,nMx - age-specific death rate between ages x and x+n,https://www.who.int/data/gho/indicator-metadata-registry/imr-details/29,,,,PUBLISHED,Published,,2015.0,2015,,AFR,2015,2015,Africa,,NGA,Nigeria,,AGE55-59,55-59 years,,MLE,Male,,,,,,,,0.022,0.02164,,,,,
3648,LIFE_0000000031,lx - number of people left alive at age x,https://www.who.int/data/gho/indicator-metadata-registry/imr-details/31,,,,PUBLISHED,Published,,2015.0,2015,,AFR,2015,2015,Africa,,NGA,Nigeria,,AGE55-59,55-59 years,,MLE,Male,,,,,,,,60574.43,60574.43000,,,,,
3649,LIFE_0000000031,lx - number of people left alive at age x,https://www.who.int/data/gho/indicator-metadata-registry/imr-details/31,,,,PUBLISHED,Published,,2015.0,2015,,AFR,2015,2015,Africa,,NGA,Nigeria,,AGE60-64,60-64 years,,MLE,Male,,,,,,,,54343.09,54343.09000,,,,,
3650,LIFE_0000000033,nLx - person-years lived between ages x and x+n,https://www.who.int/data/gho/indicator-metadata-registry/imr-details/33,,,,PUBLISHED,Published,,2015.0,2015,,AFR,2015,2015,Africa,,NGA,Nigeria,,AGE60-64,60-64 years,,MLE,Male,,,,,,,,251611.4,251611.40000,,,,,
3651,LIFE_0000000033,nLx - person-years lived between ages x and x+n,https://www.who.int/data/gho/indicator-metadata-registry/imr-details/33,,,,PUBLISHED,Published,,2015.0,2015,,AFR,2015,2015,Africa,,NGA,Nigeria,,AGE65-69,65-69 years,,MLE,Male,,,,,,,,204722.7,204722.70000,,,,,
3652,LIFE_0000000035,ex - expectation of life at age x,https://www.who.int/data/gho/indicator-metadata-registry/imr-details/35,,,,PUBLISHED,Published,,2015.0,2015,,AFR,2015,2015,Africa,,NGA,Nigeria,,AGE65-69,65-69 years,,MLE,Male,,,,,,,,10.6,10.61705,,,,,
3653,LIFE_0000000033,nLx - person-years lived between ages x and x+n,https://www.who.int/data/gho/indicator-metadata-registry/imr-details/33,,,,PUBLISHED,Published,,2015.0,2015,,AFR,2015,2015,Africa,,NGA,Nigeria,,AGE70-74,70-74 years,,MLE,Male,,,,,,,,147969.1,147969.10000,,,,,
3654,LIFE_0000000035,ex - expectation of life at age x,https://www.who.int/data/gho/indicator-metadata-registry/imr-details/35,,,,PUBLISHED,Published,,2015.0,2015,,AFR,2015,2015,Africa,,NGA,Nigeria,,AGE70-74,70-74 years,,MLE,Male,,,,,,,,8,7.95637,,,,,
3655,LIFE_0000000030,nqx - probability of dying between ages x and x+n,https://www.who.int/data/gho/indicator-metadata-registry/imr-details/30,,,,PUBLISHED,Published,,2015.0,2015,,AFR,2015,2015,Africa,,NGA,Nigeria,,AGE75-79,75-79 years,,MLE,Male,,,,,,,,0.498,0.49790,,,,,
3656,LIFE_0000000035,ex - expectation of life at age x,https://www.who.int/data/gho/indicator-metadata-registry/imr-details/35,,,,PUBLISHED,Published,,2015.0,2015,,AFR,2015,2015,Africa,,NGA,Nigeria,,AGE75-79,75-79 years,,MLE,Male,,,,,,,,5.8,5.76873,,,,,
3657,LIFE_0000000030,nqx - probability of dying between ages x and x+n,https://www.who.int/data/gho/indicator-metadata-registry/imr-details/30,,,,PUBLISHED,Published,,2015.0,2015,,AFR,2015,2015,Africa,,NGA,Nigeria,,AGE80-84,80-84 years,,MLE,Male,,,,,,,,0.673,0.67264,,,,,
3658,LIFE_0000000030,nqx - probability of dying between ages x and x+n,https://www.who.int/data/gho/indicator-metadata-registry/imr-details/30,,,,PUBLISHED,Published,,2015.0,2015,,AFR,2015,2015,Africa,,NGA,Nigeria,,AGE85PLUS,85+ years,,MLE,Male,,,,,,,,1,1.00000,,,,,
3659,LIFE_0000000032,ndx - number of people dying between ages x and x+n,https://www.who.int/data/gho/indicator-metadata-registry/imr-details/32,,,,PUBLISHED,Published,,2015.0,2015,,AFR,2015,2015,Africa,,NGA,Nigeria,,AGE85PLUS,85+ years,,MLE,Male,,,,,,,,3852.976,3852.97600,,,,,
3660,LIFE_0000000030,nqx - probability of dying between ages x and x+n,https://www.who.int/data/gho/indicator-metadata-registry/imr-details/30,,,,PUBLISHED,Published,,2015.0,2015,,AFR,2015,2015,Africa,,NGA,Nigeria,,AGELT1,<1 year,,FMLE,Female,,,,,,,,0.064,0.06435,,,,,
3661,LIFE_0000000032,ndx - number of people dying between ages x and x+n,https://www.who.int/data/gho/indicator-metadata-registry/imr-details/32,,,,PUBLISHED,Published,,2015.0,2015,,AFR,2015,2015,Africa,,NGA,Nigeria,,AGELT1,<1 year,,FMLE,Female,,,,,,,,6435.242,6435.24200,,,,,
3662,LIFE_0000000034,Tx - person-years lived above age x,https://www.who.int/data/gho/indicator-metadata-registry/imr-details/34,,,,PUBLISHED,Published,,2015.0,2015,,AFR,2015,2015,Africa,,NGA,Nigeria,,AGELT1,<1 year,,FMLE,Female,,,,,,,,5531094,5531094.00000,,,,,
3663,LIFE_0000000032,ndx - number of people dying between ages x and x+n,https://www.who.int/data/gho/indicator-metadata-registry/imr-details/32,,,,PUBLISHED,Published,,2015.0,2015,,AFR,2015,2015,Africa,,NGA,Nigeria,,AGE1-4,1-4 years,,FMLE,Female,,,,,,,,4025.583,4025.58300,,,,,
3664,LIFE_0000000034,Tx - person-years lived above age x,https://www.who.int/data/gho/indicator-metadata-registry/imr-details/34,,,,PUBLISHED,Published,,2015.0,2015,,AFR,2015,2015,Africa,,NGA,Nigeria,,AGE1-4,1-4 years,,FMLE,Female,,,,,,,,5435925,5435925.00000,,,,,
3665,LIFE_0000000034,Tx - person-years lived above age x,https://www.who.int/data/gho/indicator-metadata-registry/imr-details/34,,,,PUBLISHED,Published,,2015.0,2015,,AFR,2015,2015,Africa,,NGA,Nigeria,,AGE5-9,5-9 years,,FMLE,Female,,,,,,,,5072068,5072068.00000,,,,,
3666,LIFE_0000000029,nMx - age-specific death rate between ages x and x+n,https://www.who.int/data/gho/indicator-metadata-registry/imr-details/29,,,,PUBLISHED,Published,,2015.0,2015,,AFR,2015,2015,Africa,,NGA,Nigeria,,AGE10-14,10-14 years,,FMLE,Female,,,,,,,,0.002,0.00175,,,,,
3667,LIFE_0000000034,Tx - person-years lived above age x,https://www.who.int/data/gho/indicator-metadata-registry/imr-details/34,,,,PUBLISHED,Published,,2015.0,2015,,AFR,2015,2015,Africa,,NGA,Nigeria,,AGE10-14,10-14 years,,FMLE,Female,,,,,,,,4628256,4628256.00000,,,,,
3668,LIFE_0000000029,nMx - age-specific death rate between ages x and x+n,https://www.who.int/data/gho/indicator-metadata-registry/imr-details/29,,,,PUBLISHED,Published,,2015.0,2015,,AFR,2015,2015,Africa,,NGA,Nigeria,,AGE15-19,15-19  years,,FMLE,Female,,,,,,,,0.004,0.00417,,,,,
3669,LIFE_0000000031,lx - number of people left alive at age x,https://www.who.int/data/gho/indicator-metadata-registry/imr-details/31,,,,PUBLISHED,Published,,2015.0,2015,,AFR,2015,2015,Africa,,NGA,Nigeria,,AGE15-19,15-19  years,,FMLE,Female,,,,,,,,87220.36,87220.36000,,,,,
3670,LIFE_0000000029,nMx - age-specific death rate between ages x and x+n,https://www.who.int/data/gho/indicator-metadata-registry/imr-details/29,,,,PUBLISHED,Published,,2015.0,2015,,AFR,2015,2015,Africa,,NGA,Nigeria,,AGE20-24,20-24 years,,FMLE,Female,,,,,,,,0.005,0.00539,,,,,
3671,LIFE_0000000031,lx - number of people left alive at age x,https://www.who.int/data/gho/indicator-metadata-registry/imr-details/31,,,,PUBLISHED,Published,,2015.0,2015,,AFR,2015,2015,Africa,,NGA,Nigeria,,AGE20-24,20-24 years,,FMLE,Female,,,,,,,,85419.47,85419.47000,,,,,
3672,LIFE_0000000031,lx - number of people left alive at age x,https://www.who.int/data/gho/indicator-metadata-registry/imr-details/31,,,,PUBLISHED,Published,,2015.0,2015,,AFR,2015,2015,Africa,,NGA,Nigeria,,AGE25-29,25-29 years,,FMLE,Female,,,,,,,,83147.76,83147.76000,,,,,
3673,LIFE_0000000033,nLx - person-years lived between ages x and x+n,https://www.who.int/data/gho/indicator-metadata-registry/imr-details/33,,,,PUBLISHED,Published,,2015.0,2015,,AFR,2015,2015,Africa,,NGA,Nigeria,,AGE25-29,25-29 years,,FMLE,Female,,,,,,,,409128.6,409128.60000,,,,,
3674,LIFE_0000000033,nLx - person-years lived between ages x and x+n,https://www.who.int/data/gho/indicator-metadata-registry/imr-details/33,,,,PUBLISHED,Published,,2015.0,2015,,AFR,2015,2015,Africa,,NGA,Nigeria,,AGE30-34,30-34 years,,FMLE,Female,,,,,,,,395152.1,395152.10000,,,,,
3675,LIFE_0000000035,ex - expectation of life at age x,https://www.who.int/data/gho/indicator-metadata-registry/imr-details/35,,,,PUBLISHED,Published,,2015.0,2015,,AFR,2015,2015,Africa,,NGA,Nigeria,,AGE30-34,30-34 years,,FMLE,Female,,,,,,,,36.4,36.37382,,,,,
3676,LIFE_0000000033,nLx - person-years lived between ages x and x+n,https://www.who.int/data/gho/indicator-metadata-registry/imr-details/33,,,,PUBLISHED,Published,,2015.0,2015,,AFR,2015,2015,Africa,,NGA,Nigeria,,AGE35-39,35-39 years,,FMLE,Female,,,,,,,,379213.9,379213.90000,,,,,
3677,LIFE_0000000035,ex - expectation of life at age x,https://www.who.int/data/gho/indicator-metadata-registry/imr-details/35,,,,PUBLISHED,Published,,2015.0,2015,,AFR,2015,2015,Africa,,NGA,Nigeria,,AGE35-39,35-39 years,,FMLE,Female,,,,,,,,32.7,32.65250,,,,,
3678,LIFE_0000000035,ex - expectation of life at age x,https://www.who.int/data/gho/indicator-metadata-registry/imr-details/35,,,,PUBLISHED,Published,,2015.0,2015,,AFR,2015,2015,Africa,,NGA,Nigeria,,AGE40-44,40-44 years,,FMLE,Female,,,,,,,,29.1,29.05697,,,,,
3679,LIFE_0000000030,nqx - probability of dying between ages x and x+n,https://www.who.int/data/gho/indicator-metadata-registry/imr-details/30,,,,PUBLISHED,Published,,2015.0,2015,,AFR,2015,2015,Africa,,NGA,Nigeria,,AGE45-49,45-49 years,,FMLE,Female,,,,,,,,0.049,0.04911,,,,,
3680,LIFE_0000000030,nqx - probability of dying between ages x and x+n,https://www.who.int/data/gho/indicator-metadata-registry/imr-details/30,,,,PUBLISHED,Published,,2015.0,2015,,AFR,2015,2015,Africa,,NGA,Nigeria,,AGE50-54,50-54 years,,FMLE,Female,,,,,,,,0.061,0.06096,,,,,
3681,LIFE_0000000032,ndx - number of people dying between ages x and x+n,https://www.who.int/data/gho/indicator-metadata-registry/imr-details/32,,,,PUBLISHED,Published,,2015.0,2015,,AFR,2015,2015,Africa,,NGA,Nigeria,,AGE50-54,50-54 years,,FMLE,Female,,,,,,,,4091.836,4091.83600,,,,,
3682,LIFE_0000000030,nqx - probability of dying between ages x and x+n,https://www.who.int/data/gho/indicator-metadata-registry/imr-details/30,,,,PUBLISHED,Published,,2015.0,2015,,AFR,2015,2015,Africa,,NGA,Nigeria,,AGE55-59,55-59 years,,FMLE,Female,,,,,,,,0.08,0.07983,,,,,
3683,LIFE_0000000032,ndx - number of people dying between ages x and x+n,https://www.who.int/data/gho/indicator-metadata-registry/imr-details/32,,,,PUBLISHED,Published,,2015.0,2015,,AFR,2015,2015,Africa,,NGA,Nigeria,,AGE55-59,55-59 years,,FMLE,Female,,,,,,,,5032.083,5032.08300,,,,,
3684,LIFE_0000000032,ndx - number of people dying between ages x and x+n,https://www.who.int/data/gho/indicator-metadata-registry/imr-details/32,,,,PUBLISHED,Published,,2015.0,2015,,AFR,2015,2015,Africa,,NGA,Nigeria,,AGE60-64,60-64 years,,FMLE,Female,,,,,,,,7935.477,7935.47700,,,,,
3685,LIFE_0000000034,Tx - person-years lived above age x,https://www.who.int/data/gho/indicator-metadata-registry/imr-details/34,,,,PUBLISHED,Published,,2015.0,2015,,AFR,2015,2015,Africa,,NGA,Nigeria,,AGE60-64,60-64 years,,FMLE,Female,,,,,,,,817941.3,817941.30000,,,,,
3686,LIFE_0000000034,Tx - person-years lived above age x,https://www.who.int/data/gho/indicator-metadata-registry/imr-details/34,,,,PUBLISHED,Published,,2015.0,2015,,AFR,2015,2015,Africa,,NGA,Nigeria,,AGE65-69,65-69 years,,FMLE,Female,,,,,,,,546647.9,546647.90000,,,,,
3687,LIFE_0000000029,nMx - age-specific death rate between ages x and x+n,https://www.who.int/data/gho/indicator-metadata-registry/imr-details/29,,,,PUBLISHED,Published,,2015.0,2015,,AFR,2015,2015,Africa,,NGA,Nigeria,,AGE70-74,70-74 years,,FMLE,Female,,,,,,,,0.079,0.07879,,,,,
3688,LIFE_0000000034,Tx - person-years lived above age x,https://www.who.int/data/gho/indicator-metadata-registry/imr-details/34,,,,PUBLISHED,Published,,2015.0,2015,,AFR,2015,2015,Africa,,NGA,Nigeria,,AGE70-74,70-74 years,,FMLE,Female,,,,,,,,321553.8,321553.80000,,,,,
3689,LIFE_0000000029,nMx - age-specific death rate between ages x and x+n,https://www.who.int/data/gho/indicator-metadata-registry/imr-details/29,,,,PUBLISHED,Published,,2015.0,2015,,AFR,2015,2015,Africa,,NGA,Nigeria,,AGE75-79,75-79 years,,FMLE,Female,,,,,,,,0.13,0.12961,,,,,
3690,LIFE_0000000029,nMx - age-specific death rate between ages x and x+n,https://www.who.int/data/gho/indicator-metadata-registry/imr-details/29,,,,PUBLISHED,Published,,2015.0,2015,,AFR,2015,2015,Africa,,NGA,Nigeria,,AGE80-84,80-84 years,,FMLE,Female,,,,,,,,0.21,0.21013,,,,,
3691,LIFE_0000000031,lx - number of people left alive at age x,https://www.who.int/data/gho/indicator-metadata-registry/imr-details/31,,,,PUBLISHED,Published,,2015.0,2015,,AFR,2015,2015,Africa,,NGA,Nigeria,,AGE80-84,80-84 years,,FMLE,Female,,,,,,,,13595.47,13595.47000,,,,,
3692,LIFE_0000000031,lx - number of people left alive at age x,https://www.who.int/data/gho/indicator-metadata-registry/imr-details/31,,,,PUBLISHED,Published,,2015.0,2015,,AFR,2015,2015,Africa,,NGA,Nigeria,,AGE85PLUS,85+ years,,FMLE,Female,,,,,,,,4545.396,4545.39600,,,,,
3693,LIFE_0000000033,nLx - person-years lived between ages x and x+n,https://www.who.int/data/gho/indicator-metadata-registry/imr-details/33,,,,PUBLISHED,Published,,2015.0,2015,,AFR,2015,2015,Africa,,NGA,Nigeria,,AGE85PLUS,85+ years,,FMLE,Female,,,,,,,,13587.5,13587.50000,,,,,
3694,LIFE_0000000031,lx - number of people left alive at age x,https://www.who.int/data/gho/indicator-metadata-registry/imr-details/31,,,,PUBLISHED,Published,,2016.0,2016,,AFR,2016,2016,Africa,,NGA,Nigeria,,AGELT1,<1 year,,MLE,Male,,,,,,,,100000,100000.00000,,,,,
3695,LIFE_0000000033,nLx - person-years lived between ages x and x+n,https://www.who.int/data/gho/indicator-metadata-registry/imr-details/33,,,,PUBLISHED,Published,,2016.0,2016,,AFR,2016,2016,Africa,,NGA,Nigeria,,AGELT1,<1 year,,MLE,Male,,,,,,,,94614.66,94614.66000,,,,,
3696,LIFE_0000000033,nLx - person-years lived between ages x and x+n,https://www.who.int/data/gho/indicator-metadata-registry/imr-details/33,,,,PUBLISHED,Published,,2016.0,2016,,AFR,2016,2016,Africa,,NGA,Nigeria,,AGE1-4,1-4 years,,MLE,Male,,,,,,,,362187.4,362187.40000,,,,,
3697,LIFE_0000000035,ex - expectation of life at age x,https://www.who.int/data/gho/indicator-metadata-registry/imr-details/35,,,,PUBLISHED,Published,,2016.0,2016,,AFR,2016,2016,Africa,,NGA,Nigeria,,AGE1-4,1-4 years,,MLE,Male,,,,,,,,57.9,57.85616,,,,,
3698,LIFE_0000000035,ex - expectation of life at age x,https://www.who.int/data/gho/indicator-metadata-registry/imr-details/35,,,,PUBLISHED,Published,,2016.0,2016,,AFR,2016,2016,Africa,,NGA,Nigeria,,AGE5-9,5-9 years,,MLE,Male,,,,,,,,56.2,56.15404,,,,,
3699,LIFE_0000000030,nqx - probability of dying between ages x and x+n,https://www.who.int/data/gho/indicator-metadata-registry/imr-details/30,,,,PUBLISHED,Published,,2016.0,2016,,AFR,2016,2016,Africa,,NGA,Nigeria,,AGE10-14,10-14 years,,MLE,Male,,,,,,,,0.007,0.00678,,,,,
3700,LIFE_0000000035,ex - expectation of life at age x,https://www.who.int/data/gho/indicator-metadata-registry/imr-details/35,,,,PUBLISHED,Published,,2016.0,2016,,AFR,2016,2016,Africa,,NGA,Nigeria,,AGE10-14,10-14 years,,MLE,Male,,,,,,,,51.9,51.85493,,,,,
3701,LIFE_0000000030,nqx - probability of dying between ages x and x+n,https://www.who.int/data/gho/indicator-metadata-registry/imr-details/30,,,,PUBLISHED,Published,,2016.0,2016,,AFR,2016,2016,Africa,,NGA,Nigeria,,AGE15-19,15-19  years,,MLE,Male,,,,,,,,0.017,0.01662,,,,,
3702,LIFE_0000000030,nqx - probability of dying between ages x and x+n,https://www.who.int/data/gho/indicator-metadata-registry/imr-details/30,,,,PUBLISHED,Published,,2016.0,2016,,AFR,2016,2016,Africa,,NGA,Nigeria,,AGE20-24,20-24 years,,MLE,Male,,,,,,,,0.025,0.02501,,,,,
3703,LIFE_0000000032,ndx - number of people dying between ages x and x+n,https://www.who.int/data/gho/indicator-metadata-registry/imr-details/32,,,,PUBLISHED,Published,,2016.0,2016,,AFR,2016,2016,Africa,,NGA,Nigeria,,AGE20-24,20-24 years,,MLE,Male,,,,,,,,2152.158,2152.15800,,,,,
3704,LIFE_0000000032,ndx - number of people dying between ages x and x+n,https://www.who.int/data/gho/indicator-metadata-registry/imr-details/32,,,,PUBLISHED,Published,,2016.0,2016,,AFR,2016,2016,Africa,,NGA,Nigeria,,AGE25-29,25-29 years,,MLE,Male,,,,,,,,2353.965,2353.96500,,,,,
3705,LIFE_0000000034,Tx - person-years lived above age x,https://www.who.int/data/gho/indicator-metadata-registry/imr-details/34,,,,PUBLISHED,Published,,2016.0,2016,,AFR,2016,2016,Africa,,NGA,Nigeria,,AGE25-29,25-29 years,,MLE,Male,,,,,,,,3269939,3269939.00000,,,,,
3706,LIFE_0000000032,ndx - number of people dying between ages x and x+n,https://www.who.int/data/gho/indicator-metadata-registry/imr-details/32,,,,PUBLISHED,Published,,2016.0,2016,,AFR,2016,2016,Africa,,NGA,Nigeria,,AGE30-34,30-34 years,,MLE,Male,,,,,,,,2854.276,2854.27600,,,,,
3707,LIFE_0000000034,Tx - person-years lived above age x,https://www.who.int/data/gho/indicator-metadata-registry/imr-details/34,,,,PUBLISHED,Published,,2016.0,2016,,AFR,2016,2016,Africa,,NGA,Nigeria,,AGE30-34,30-34 years,,MLE,Male,,,,,,,,2856370,2856370.00000,,,,,
3708,LIFE_0000000034,Tx - person-years lived above age x,https://www.who.int/data/gho/indicator-metadata-registry/imr-details/34,,,,PUBLISHED,Published,,2016.0,2016,,AFR,2016,2016,Africa,,NGA,Nigeria,,AGE35-39,35-39 years,,MLE,Male,,,,,,,,2455804,2455804.00000,,,,,
3709,LIFE_0000000029,nMx - age-specific death rate between ages x and x+n,https://www.who.int/data/gho/indicator-metadata-registry/imr-details/29,,,,PUBLISHED,Published,,2016.0,2016,,AFR,2016,2016,Africa,,NGA,Nigeria,,AGE40-44,40-44 years,,MLE,Male,,,,,,,,0.011,0.01127,,,,,
3710,LIFE_0000000029,nMx - age-specific death rate between ages x and x+n,https://www.who.int/data/gho/indicator-metadata-registry/imr-details/29,,,,PUBLISHED,Published,,2016.0,2016,,AFR,2016,2016,Africa,,NGA,Nigeria,,AGE45-49,45-49 years,,MLE,Male,,,,,,,,0.013,0.01306,,,,,
3711,LIFE_0000000031,lx - number of people left alive at age x,https://www.who.int/data/gho/indicator-metadata-registry/imr-details/31,,,,PUBLISHED,Published,,2016.0,2016,,AFR,2016,2016,Africa,,NGA,Nigeria,,AGE45-49,45-49 years,,MLE,Male,,,,,,,,70980.3,70980.30000,,,,,
3712,LIFE_0000000029,nMx - age-specific death rate between ages x and x+n,https://www.who.int/data/gho/indicator-metadata-registry/imr-details/29,,,,PUBLISHED,Published,,2016.0,2016,,AFR,2016,2016,Africa,,NGA,Nigeria,,AGE50-54,50-54 years,,MLE,Male,,,,,,,,0.017,0.01653,,,,,
3713,LIFE_0000000031,lx - number of people left alive at age x,https://www.who.int/data/gho/indicator-metadata-registry/imr-details/31,,,,PUBLISHED,Published,,2016.0,2016,,AFR,2016,2016,Africa,,NGA,Nigeria,,AGE50-54,50-54 years,,MLE,Male,,,,,,,,66487.29,66487.29000,,,,,
3714,LIFE_0000000033,nLx - person-years lived between ages x and x+n,https://www.who.int/data/gho/indicator-metadata-registry/imr-details/33,,,,PUBLISHED,Published,,2016.0,2016,,AFR,2016,2016,Africa,,NGA,Nigeria,,AGE50-54,50-54 years,,MLE,Male,,,,,,,,319714.9,319714.90000,,,,,
3715,LIFE_0000000031,lx - number of people left alive at age x,https://www.who.int/data/gho/indicator-metadata-registry/imr-details/31,,,,PUBLISHED,Published,,2016.0,2016,,AFR,2016,2016,Africa,,NGA,Nigeria,,AGE55-59,55-59 years,,MLE,Male,,,,,,,,61201.56,61201.56000,,,,,
3716,LIFE_0000000033,nLx - person-years lived between ages x and x+n,https://www.who.int/data/gho/indicator-metadata-registry/imr-details/33,,,,PUBLISHED,Published,,2016.0,2016,,AFR,2016,2016,Africa,,NGA,Nigeria,,AGE55-59,55-59 years,,MLE,Male,,,,,,,,291021.7,291021.70000,,,,,
3717,LIFE_0000000033,nLx - person-years lived between ages x and x+n,https://www.who.int/data/gho/indicator-metadata-registry/imr-details/33,,,,PUBLISHED,Published,,2016.0,2016,,AFR,2016,2016,Africa,,NGA,Nigeria,,AGE60-64,60-64 years,,MLE,Male,,,,,,,,254583.2,254583.20000,,,,,
3718,LIFE_0000000035,ex - expectation of life at age x,https://www.who.int/data/gho/indicator-metadata-registry/imr-details/35,,,,PUBLISHED,Published,,2016.0,2016,,AFR,2016,2016,Africa,,NGA,Nigeria,,AGE60-64,60-64 years,,MLE,Male,,,,,,,,13.7,13.67036,,,,,
3719,LIFE_0000000033,nLx - person-years lived between ages x and x+n,https://www.who.int/data/gho/indicator-metadata-registry/imr-details/33,,,,PUBLISHED,Published,,2016.0,2016,,AFR,2016,2016,Africa,,NGA,Nigeria,,AGE65-69,65-69 years,,MLE,Male,,,,,,,,207593.3,207593.30000,,,,,
3720,LIFE_0000000035,ex - expectation of life at age x,https://www.who.int/data/gho/indicator-metadata-registry/imr-details/35,,,,PUBLISHED,Published,,2016.0,2016,,AFR,2016,2016,Africa,,NGA,Nigeria,,AGE65-69,65-69 years,,MLE,Male,,,,,,,,10.7,10.66536,,,,,
3721,LIFE_0000000030,nqx - probability of dying between ages x and x+n,https://www.who.int/data/gho/indicator-metadata-registry/imr-details/30,,,,PUBLISHED,Published,,2016.0,2016,,AFR,2016,2016,Africa,,NGA,Nigeria,,AGE70-74,70-74 years,,MLE,Male,,,,,,,,0.339,0.33913,,,,,
3722,LIFE_0000000035,ex - expectation of life at age x,https://www.who.int/data/gho/indicator-metadata-registry/imr-details/35,,,,PUBLISHED,Published,,2016.0,2016,,AFR,2016,2016,Africa,,NGA,Nigeria,,AGE70-74,70-74 years,,MLE,Male,,,,,,,,8,7.99145,,,,,
3723,LIFE_0000000030,nqx - probability of dying between ages x and x+n,https://www.who.int/data/gho/indicator-metadata-registry/imr-details/30,,,,PUBLISHED,Published,,2016.0,2016,,AFR,2016,2016,Africa,,NGA,Nigeria,,AGE75-79,75-79 years,,MLE,Male,,,,,,,,0.496,0.49565,,,,,
3724,LIFE_0000000030,nqx - probability of dying between ages x and x+n,https://www.who.int/data/gho/indicator-metadata-registry/imr-details/30,,,,PUBLISHED,Published,,2016.0,2016,,AFR,2016,2016,Africa,,NGA,Nigeria,,AGE80-84,80-84 years,,MLE,Male,,,,,,,,0.671,0.67086,,,,,
3725,LIFE_0000000032,ndx - number of people dying between ages x and x+n,https://www.who.int/data/gho/indicator-metadata-registry/imr-details/32,,,,PUBLISHED,Published,,2016.0,2016,,AFR,2016,2016,Africa,,NGA,Nigeria,,AGE80-84,80-84 years,,MLE,Male,,,,,,,,8081.688,8081.68800,,,,,
3726,LIFE_0000000030,nqx - probability of dying between ages x and x+n,https://www.who.int/data/gho/indicator-metadata-registry/imr-details/30,,,,PUBLISHED,Published,,2016.0,2016,,AFR,2016,2016,Africa,,NGA,Nigeria,,AGE85PLUS,85+ years,,MLE,Male,,,,,,,,1,1.00000,,,,,
3727,LIFE_0000000032,ndx - number of people dying between ages x and x+n,https://www.who.int/data/gho/indicator-metadata-registry/imr-details/32,,,,PUBLISHED,Published,,2016.0,2016,,AFR,2016,2016,Africa,,NGA,Nigeria,,AGE85PLUS,85+ years,,MLE,Male,,,,,,,,3965.038,3965.03800,,,,,
3728,LIFE_0000000034,Tx - person-years lived above age x,https://www.who.int/data/gho/indicator-metadata-registry/imr-details/34,,,,PUBLISHED,Published,,2016.0,2016,,AFR,2016,2016,Africa,,NGA,Nigeria,,AGE85PLUS,85+ years,,MLE,Male,,,,,,,,11475.9,11475.90000,,,,,
3729,LIFE_0000000032,ndx - number of people dying between ages x and x+n,https://www.who.int/data/gho/indicator-metadata-registry/imr-details/32,,,,PUBLISHED,Published,,2016.0,2016,,AFR,2016,2016,Africa,,NGA,Nigeria,,AGELT1,<1 year,,FMLE,Female,,,,,,,,6243.298,6243.29800,,,,,
3730,LIFE_0000000034,Tx - person-years lived above age x,https://www.who.int/data/gho/indicator-metadata-registry/imr-details/34,,,,PUBLISHED,Published,,2016.0,2016,,AFR,2016,2016,Africa,,NGA,Nigeria,,AGELT1,<1 year,,FMLE,Female,,,,,,,,5571206,5571206.00000,,,,,
3731,LIFE_0000000034,Tx - person-years lived above age x,https://www.who.int/data/gho/indicator-metadata-registry/imr-details/34,,,,PUBLISHED,Published,,2016.0,2016,,AFR,2016,2016,Africa,,NGA,Nigeria,,AGE1-4,1-4 years,,FMLE,Female,,,,,,,,5475938,5475938.00000,,,,,
3732,LIFE_0000000029,nMx - age-specific death rate between ages x and x+n,https://www.who.int/data/gho/indicator-metadata-registry/imr-details/29,,,,PUBLISHED,Published,,2016.0,2016,,AFR,2016,2016,Africa,,NGA,Nigeria,,AGE5-9,5-9 years,,FMLE,Female,,,,,,,,0.003,0.00334,,,,,
3733,LIFE_0000000029,nMx - age-specific death rate between ages x and x+n,https://www.who.int/data/gho/indicator-metadata-registry/imr-details/29,,,,PUBLISHED,Published,,2016.0,2016,,AFR,2016,2016,Africa,,NGA,Nigeria,,AGE10-14,10-14 years,,FMLE,Female,,,,,,,,0.002,0.00171,,,,,
3734,LIFE_0000000031,lx - number of people left alive at age x,https://www.who.int/data/gho/indicator-metadata-registry/imr-details/31,,,,PUBLISHED,Published,,2016.0,2016,,AFR,2016,2016,Africa,,NGA,Nigeria,,AGE10-14,10-14 years,,FMLE,Female,,,,,,,,88428.21,88428.21000,,,,,
3735,LIFE_0000000029,nMx - age-specific death rate between ages x and x+n,https://www.who.int/data/gho/indicator-metadata-registry/imr-details/29,,,,PUBLISHED,Published,,2016.0,2016,,AFR,2016,2016,Africa,,NGA,Nigeria,,AGE15-19,15-19  years,,FMLE,Female,,,,,,,,0.004,0.00414,,,,,
3736,LIFE_0000000031,lx - number of people left alive at age x,https://www.who.int/data/gho/indicator-metadata-registry/imr-details/31,,,,PUBLISHED,Published,,2016.0,2016,,AFR,2016,2016,Africa,,NGA,Nigeria,,AGE15-19,15-19  years,,FMLE,Female,,,,,,,,87675.61,87675.61000,,,,,
3737,LIFE_0000000031,lx - number of people left alive at age x,https://www.who.int/data/gho/indicator-metadata-registry/imr-details/31,,,,PUBLISHED,Published,,2016.0,2016,,AFR,2016,2016,Africa,,NGA,Nigeria,,AGE20-24,20-24 years,,FMLE,Female,,,,,,,,85876.62,85876.62000,,,,,
3738,LIFE_0000000033,nLx - person-years lived between ages x and x+n,https://www.who.int/data/gho/indicator-metadata-registry/imr-details/33,,,,PUBLISHED,Published,,2016.0,2016,,AFR,2016,2016,Africa,,NGA,Nigeria,,AGE20-24,20-24 years,,FMLE,Female,,,,,,,,423850.1,423850.10000,,,,,
3739,LIFE_0000000033,nLx - person-years lived between ages x and x+n,https://www.who.int/data/gho/indicator-metadata-registry/imr-details/33,,,,PUBLISHED,Published,,2016.0,2016,,AFR,2016,2016,Africa,,NGA,Nigeria,,AGE25-29,25-29 years,,FMLE,Female,,,,,,,,411482.8,411482.80000,,,,,
3740,LIFE_0000000035,ex - expectation of life at age x,https://www.who.int/data/gho/indicator-metadata-registry/imr-details/35,,,,PUBLISHED,Published,,2016.0,2016,,AFR,2016,2016,Africa,,NGA,Nigeria,,AGE25-29,25-29 years,,FMLE,Female,,,,,,,,40.3,40.26690,,,,,
3741,LIFE_0000000033,nLx - person-years lived between ages x and x+n,https://www.who.int/data/gho/indicator-metadata-registry/imr-details/33,,,,PUBLISHED,Published,,2016.0,2016,,AFR,2016,2016,Africa,,NGA,Nigeria,,AGE30-34,30-34 years,,FMLE,Female,,,,,,,,397645.9,397645.90000,,,,,
3742,LIFE_0000000035,ex - expectation of life at age x,https://www.who.int/data/gho/indicator-metadata-registry/imr-details/35,,,,PUBLISHED,Published,,2016.0,2016,,AFR,2016,2016,Africa,,NGA,Nigeria,,AGE30-34,30-34 years,,FMLE,Female,,,,,,,,36.5,36.49846,,,,,
3743,LIFE_0000000035,ex - expectation of life at age x,https://www.who.int/data/gho/indicator-metadata-registry/imr-details/35,,,,PUBLISHED,Published,,2016.0,2016,,AFR,2016,2016,Africa,,NGA,Nigeria,,AGE35-39,35-39 years,,FMLE,Female,,,,,,,,32.8,32.75607,,,,,
3744,LIFE_0000000030,nqx - probability of dying between ages x and x+n,https://www.who.int/data/gho/indicator-metadata-registry/imr-details/30,,,,PUBLISHED,Published,,2016.0,2016,,AFR,2016,2016,Africa,,NGA,Nigeria,,AGE40-44,40-44 years,,FMLE,Female,,,,,,,,0.047,0.04692,,,,,
3745,LIFE_0000000030,nqx - probability of dying between ages x and x+n,https://www.who.int/data/gho/indicator-metadata-registry/imr-details/30,,,,PUBLISHED,Published,,2016.0,2016,,AFR,2016,2016,Africa,,NGA,Nigeria,,AGE45-49,45-49 years,,FMLE,Female,,,,,,,,0.049,0.04918,,,,,
3746,LIFE_0000000032,ndx - number of people dying between ages x and x+n,https://www.who.int/data/gho/indicator-metadata-registry/imr-details/32,,,,PUBLISHED,Published,,2016.0,2016,,AFR,2016,2016,Africa,,NGA,Nigeria,,AGE45-49,45-49 years,,FMLE,Female,,,,,,,,3499.797,3499.79700,,,,,
3747,LIFE_0000000030,nqx - probability of dying between ages x and x+n,https://www.who.int/data/gho/indicator-metadata-registry/imr-details/30,,,,PUBLISHED,Published,,2016.0,2016,,AFR,2016,2016,Africa,,NGA,Nigeria,,AGE50-54,50-54 years,,FMLE,Female,,,,,,,,0.061,0.06075,,,,,
3748,LIFE_0000000032,ndx - number of people dying between ages x and x+n,https://www.who.int/data/gho/indicator-metadata-registry/imr-details/32,,,,PUBLISHED,Published,,2016.0,2016,,AFR,2016,2016,Africa,,NGA,Nigeria,,AGE50-54,50-54 years,,FMLE,Female,,,,,,,,4110.169,4110.16900,,,,,
3749,LIFE_0000000032,ndx - number of people dying between ages x and x+n,https://www.who.int/data/gho/indicator-metadata-registry/imr-details/32,,,,PUBLISHED,Published,,2016.0,2016,,AFR,2016,2016,Africa,,NGA,Nigeria,,AGE55-59,55-59 years,,FMLE,Female,,,,,,,,5053.899,5053.89900,,,,,
3750,LIFE_0000000034,Tx - person-years lived above age x,https://www.who.int/data/gho/indicator-metadata-registry/imr-details/34,,,,PUBLISHED,Published,,2016.0,2016,,AFR,2016,2016,Africa,,NGA,Nigeria,,AGE55-59,55-59 years,,FMLE,Female,,,,,,,,1135337,1135337.00000,,,,,
3751,LIFE_0000000034,Tx - person-years lived above age x,https://www.who.int/data/gho/indicator-metadata-registry/imr-details/34,,,,PUBLISHED,Published,,2016.0,2016,,AFR,2016,2016,Africa,,NGA,Nigeria,,AGE60-64,60-64 years,,FMLE,Female,,,,,,,,829516.8,829516.80000,,,,,
3752,LIFE_0000000029,nMx - age-specific death rate between ages x and x+n,https://www.who.int/data/gho/indicator-metadata-registry/imr-details/29,,,,PUBLISHED,Published,,2016.0,2016,,AFR,2016,2016,Africa,,NGA,Nigeria,,AGE65-69,65-69 years,,FMLE,Female,,,,,,,,0.046,0.04629,,,,,
3753,LIFE_0000000034,Tx - person-years lived above age x,https://www.who.int/data/gho/indicator-metadata-registry/imr-details/34,,,,PUBLISHED,Published,,2016.0,2016,,AFR,2016,2016,Africa,,NGA,Nigeria,,AGE65-69,65-69 years,,FMLE,Female,,,,,,,,555657.8,555657.80000,,,,,
3754,LIFE_0000000029,nMx - age-specific death rate between ages x and x+n,https://www.who.int/data/gho/indicator-metadata-registry/imr-details/29,,,,PUBLISHED,Published,,2016.0,2016,,AFR,2016,2016,Africa,,NGA,Nigeria,,AGE70-74,70-74 years,,FMLE,Female,,,,,,,,0.078,0.07791,,,,,
3755,LIFE_0000000029,nMx - age-specific death rate between ages x and x+n,https://www.who.int/data/gho/indicator-metadata-registry/imr-details/29,,,,PUBLISHED,Published,,2016.0,2016,,AFR,2016,2016,Africa,,NGA,Nigeria,,AGE75-79,75-79 years,,FMLE,Female,,,,,,,,0.128,0.12844,,,,,
3756,LIFE_0000000031,lx - number of people left alive at age x,https://www.who.int/data/gho/indicator-metadata-registry/imr-details/31,,,,PUBLISHED,Published,,2016.0,2016,,AFR,2016,2016,Africa,,NGA,Nigeria,,AGE75-79,75-79 years,,FMLE,Female,,,,,,,,26949.56,26949.56000,,,,,
3757,LIFE_0000000031,lx - number of people left alive at age x,https://www.who.int/data/gho/indicator-metadata-registry/imr-details/31,,,,PUBLISHED,Published,,2016.0,2016,,AFR,2016,2016,Africa,,NGA,Nigeria,,AGE80-84,80-84 years,,FMLE,Female,,,,,,,,13927.54,13927.54000,,,,,
3758,LIFE_0000000033,nLx - person-years lived between ages x and x+n,https://www.who.int/data/gho/indicator-metadata-registry/imr-details/33,,,,PUBLISHED,Published,,2016.0,2016,,AFR,2016,2016,Africa,,NGA,Nigeria,,AGE80-84,80-84 years,,FMLE,Female,,,,,,,,44254.91,44254.91000,,,,,
3759,LIFE_0000000031,lx - number of people left alive at age x,https://www.who.int/data/gho/indicator-metadata-registry/imr-details/31,,,,PUBLISHED,Published,,2016.0,2016,,AFR,2016,2016,Africa,,NGA,Nigeria,,AGE85PLUS,85+ years,,FMLE,Female,,,,,,,,4691.833,4691.83300,,,,,
3760,LIFE_0000000033,nLx - person-years lived between ages x and x+n,https://www.who.int/data/gho/indicator-metadata-registry/imr-details/33,,,,PUBLISHED,Published,,2016.0,2016,,AFR,2016,2016,Africa,,NGA,Nigeria,,AGE85PLUS,85+ years,,FMLE,Female,,,,,,,,14077.39,14077.39000,,,,,
3761,WHOSIS_000004,Adult mortality rate (probability of dying between 15 and 60 years per 1000 population),https://www.who.int/data/gho/indicator-metadata-registry/imr-details/64,,,,PUBLISHED,Published,,2000.0,2000,,AFR,2000,2000,Africa,,NGA,Nigeria,,,,,MLE,Male,,,,,,,,427,426.64500,,,,,
3762,WHOSIS_000004,Adult mortality rate (probability of dying between 15 and 60 years per 1000 population),https://www.who.int/data/gho/indicator-metadata-registry/imr-details/64,,,,PUBLISHED,Published,,2000.0,2000,,AFR,2000,2000,Africa,,NGA,Nigeria,,,,,BTSX,Both sexes,,,,,,,,407,407.49890,,,,,
3763,WHOSIS_000004,Adult mortality rate (probability of dying between 15 and 60 years per 1000 population),https://www.who.int/data/gho/indicator-metadata-registry/imr-details/64,,,,PUBLISHED,Published,,2001.0,2001,,AFR,2001,2001,Africa,,NGA,Nigeria,,,,,FMLE,Female,,,,,,,,393,392.73690,,,,,
3764,WHOSIS_000004,Adult mortality rate (probability of dying between 15 and 60 years per 1000 population),https://www.who.int/data/gho/indicator-metadata-registry/imr-details/64,,,,PUBLISHED,Published,,2003.0,2003,,AFR,2003,2003,Africa,,NGA,Nigeria,,,,,MLE,Male,,,,,,,,432,432.47270,,,,,
3765,WHOSIS_000004,Adult mortality rate (probability of dying between 15 and 60 years per 1000 population),https://www.who.int/data/gho/indicator-metadata-registry/imr-details/64,,,,PUBLISHED,Published,,2003.0,2003,,AFR,2003,2003,Africa,,NGA,Nigeria,,,,,BTSX,Both sexes,,,,,,,,415,415.06090,,,,,
3766,WHOSIS_000004,Adult mortality rate (probability of dying between 15 and 60 years per 1000 population),https://www.who.int/data/gho/indicator-metadata-registry/imr-details/64,,,,PUBLISHED,Published,,2006.0,2006,,AFR,2006,2006,Africa,,NGA,Nigeria,,,,,MLE,Male,,,,,,,,411,410.96580,,,,,
3767,WHOSIS_000004,Adult mortality rate (probability of dying between 15 and 60 years per 1000 population),https://www.who.int/data/gho/indicator-metadata-registry/imr-details/64,,,,PUBLISHED,Published,,2006.0,2006,,AFR,2006,2006,Africa,,NGA,Nigeria,,,,,BTSX,Both sexes,,,,,,,,395,394.86330,,,,,
3768,WHOSIS_000004,Adult mortality rate (probability of dying between 15 and 60 years per 1000 population),https://www.who.int/data/gho/indicator-metadata-registry/imr-details/64,,,,PUBLISHED,Published,,2008.0,2008,,AFR,2008,2008,Africa,,NGA,Nigeria,,,,,FMLE,Female,,,,,,,,371,370.71770,,,,,
3769,WHOSIS_000004,Adult mortality rate (probability of dying between 15 and 60 years per 1000 population),https://www.who.int/data/gho/indicator-metadata-registry/imr-details/64,,,,PUBLISHED,Published,,2009.0,2009,,AFR,2009,2009,Africa,,NGA,Nigeria,,,,,MLE,Male,,,,,,,,396,395.58790,,,,,
3770,WHOSIS_000004,Adult mortality rate (probability of dying between 15 and 60 years per 1000 population),https://www.who.int/data/gho/indicator-metadata-registry/imr-details/64,,,,PUBLISHED,Published,,2009.0,2009,,AFR,2009,2009,Africa,,NGA,Nigeria,,,,,BTSX,Both sexes,,,,,,,,380,380.42620,,,,,
3771,WHOSIS_000004,Adult mortality rate (probability of dying between 15 and 60 years per 1000 population),https://www.who.int/data/gho/indicator-metadata-registry/imr-details/64,,,,PUBLISHED,Published,,2011.0,2011,,AFR,2011,2011,Africa,,NGA,Nigeria,,,,,FMLE,Female,,,,,,,,362,362.41570,,,,,
3772,WHOSIS_000004,Adult mortality rate (probability of dying between 15 and 60 years per 1000 population),https://www.who.int/data/gho/indicator-metadata-registry/imr-details/64,,,,PUBLISHED,Published,,2012.0,2012,,AFR,2012,2012,Africa,,NGA,Nigeria,,,,,MLE,Male,,,,,,,,388,387.71220,,,,,
3773,WHOSIS_000004,Adult mortality rate (probability of dying between 15 and 60 years per 1000 population),https://www.who.int/data/gho/indicator-metadata-registry/imr-details/64,,,,PUBLISHED,Published,,2014.0,2014,,AFR,2014,2014,Africa,,NGA,Nigeria,,,,,FMLE,Female,,,,,,,,339,339.49110,,,,,
3774,WHOSIS_000004,Adult mortality rate (probability of dying between 15 and 60 years per 1000 population),https://www.who.int/data/gho/indicator-metadata-registry/imr-details/64,,,,PUBLISHED,Published,,2015.0,2015,,AFR,2015,2015,Africa,,NGA,Nigeria,,,,,MLE,Male,,,,,,,,376,375.76530,,,,,
3775,WHS2_131,Age-standardized NCD mortality rate  (per 100 000 population),https://www.who.int/data/gho/indicator-metadata-registry/imr-details/78,,,,PUBLISHED,Published,,2000.0,2000,,AFR,2000,2000,Africa,,NGA,Nigeria,,,,,FMLE,Female,,GHE060,Noncommunicable diseases,,,,,911.1,911.10390,,,,,
3776,WHS2_131,Age-standardized NCD mortality rate  (per 100 000 population),https://www.who.int/data/gho/indicator-metadata-registry/imr-details/78,,,,PUBLISHED,Published,,2015.0,2015,,AFR,2015,2015,Africa,,NGA,Nigeria,,,,,BTSX,Both sexes,,GHE060,Noncommunicable diseases,,,,,813.5,813.50710,,,,,
3777,WHS2_131,Age-standardized NCD mortality rate  (per 100 000 population),https://www.who.int/data/gho/indicator-metadata-registry/imr-details/78,,,,PUBLISHED,Published,,2016.0,2016,,AFR,2016,2016,Africa,,NGA,Nigeria,,,,,FMLE,Female,,GHE060,Noncommunicable diseases,,,,,830.6,830.62240,,,,,
3778,MORT_100,Number of deaths,https://www.who.int/data/gho/indicator-metadata-registry/imr-details/3365,,,,PUBLISHED,Published,,2000.0,2000,,AFR,2000,2000,Africa,,NGA,Nigeria,,MONTHS1-59,1-59 months,,,,,,,,CH2,HIV/AIDSHIV/AIDS,,21711,21710.70000,,,,,
3779,MORT_300,Distribution of causes of death among children aged < 5 years (%),https://www.who.int/data/gho/indicator-metadata-registry/imr-details/89,,,,PUBLISHED,Published,,2000.0,2000,,AFR,2000,2000,Africa,,NGA,Nigeria,,MONTHS1-59,1-59 months,,,,,,,,CH2,HIV/AIDSHIV/AIDS,,0,0.02786,,,,,
3780,MORT_200,Deaths per 1 000 live births,https://www.who.int/data/gho/indicator-metadata-registry/imr-details/3366,,,,PUBLISHED,Published,,2000.0,2000,,AFR,2000,2000,Africa,,NGA,Nigeria,,DAYS0-27,0-27 days,,,,,,,,CH3,Diarrhoeal diseasesDiarrhoeal diseases,,0.5,0.53959,,,,,
3781,MORT_100,Number of deaths,https://www.who.int/data/gho/indicator-metadata-registry/imr-details/3365,,,,PUBLISHED,Published,,2000.0,2000,,AFR,2000,2000,Africa,,NGA,Nigeria,,MONTHS1-59,1-59 months,,,,,,,,CH3,Diarrhoeal diseasesDiarrhoeal diseases,,127265,127264.60000,,,,,
3782,MORT_200,Deaths per 1 000 live births,https://www.who.int/data/gho/indicator-metadata-registry/imr-details/3366,,,,PUBLISHED,Published,,2000.0,2000,,AFR,2000,2000,Africa,,NGA,Nigeria,,DAYS0-27,0-27 days,,,,,,,,CH5,TetanusTetanus,,3.4,3.44535,,,,,
3783,MORT_100,Number of deaths,https://www.who.int/data/gho/indicator-metadata-registry/imr-details/3365,,,,PUBLISHED,Published,,2000.0,2000,,AFR,2000,2000,Africa,,NGA,Nigeria,,MONTHS1-59,1-59 months,,,,,,,,CH5,TetanusTetanus,,124,124.43780,,,,,
3784,MORT_200,Deaths per 1 000 live births,https://www.who.int/data/gho/indicator-metadata-registry/imr-details/3366,,,,PUBLISHED,Published,,2000.0,2000,,AFR,2000,2000,Africa,,NGA,Nigeria,,DAYS0-27,0-27 days,,,,,,,,CH6,MeaslesMeasles,,0,0.00000,,,,,
3785,MORT_100,Number of deaths,https://www.who.int/data/gho/indicator-metadata-registry/imr-details/3365,,,,PUBLISHED,Published,,2000.0,2000,,AFR,2000,2000,Africa,,NGA,Nigeria,,MONTHS1-59,1-59 months,,,,,,,,CH6,MeaslesMeasles,,155928,155927.50000,,,,,
3786,MORT_300,Distribution of causes of death among children aged < 5 years (%),https://www.who.int/data/gho/indicator-metadata-registry/imr-details/89,,,,PUBLISHED,Published,,2000.0,2000,,AFR,2000,2000,Africa,,NGA,Nigeria,,YEARS0-4,0-4 years,,,,,,,,CH6,MeaslesMeasles,,0.2,0.15091,,,,,
3787,MORT_200,Deaths per 1 000 live births,https://www.who.int/data/gho/indicator-metadata-registry/imr-details/3366,,,,PUBLISHED,Published,,2000.0,2000,,AFR,2000,2000,Africa,,NGA,Nigeria,,DAYS0-27,0-27 days,,,,,,,,CH7,Meningitis/encephalitisMeningitis/encephalitis,,0.7,0.69567,,,,,
3788,MORT_100,Number of deaths,https://www.who.int/data/gho/indicator-metadata-registry/imr-details/3365,,,,PUBLISHED,Published,,2000.0,2000,,AFR,2000,2000,Africa,,NGA,Nigeria,,MONTHS1-59,1-59 months,,,,,,,,CH7,Meningitis/encephalitisMeningitis/encephalitis,,21818,21817.75000,,,,,
3789,MORT_300,Distribution of causes of death among children aged < 5 years (%),https://www.who.int/data/gho/indicator-metadata-registry/imr-details/89,,,,PUBLISHED,Published,,2000.0,2000,,AFR,2000,2000,Africa,,NGA,Nigeria,,YEARS0-4,0-4 years,,,,,,,,CH7,Meningitis/encephalitisMeningitis/encephalitis,,0,0.02468,,,,,
3790,MORT_200,Deaths per 1 000 live births,https://www.who.int/data/gho/indicator-metadata-registry/imr-details/3366,,,,PUBLISHED,Published,,2000.0,2000,,AFR,2000,2000,Africa,,NGA,Nigeria,,DAYS0-27,0-27 days,,,,,,,,CH8,MalariaMalaria,,0,0.00000,,,,,
3791,MORT_300,Distribution of causes of death among children aged < 5 years (%),https://www.who.int/data/gho/indicator-metadata-registry/imr-details/89,,,,PUBLISHED,Published,,2000.0,2000,,AFR,2000,2000,Africa,,NGA,Nigeria,,YEARS0-4,0-4 years,,,,,,,,CH8,MalariaMalaria,,0.2,0.18266,,,,,
3792,MORT_200,Deaths per 1 000 live births,https://www.who.int/data/gho/indicator-metadata-registry/imr-details/3366,,,,PUBLISHED,Published,,2000.0,2000,,AFR,2000,2000,Africa,,NGA,Nigeria,,DAYS0-27,0-27 days,,,,,,,,CH9,Acute lower respiratory infectionsAcute lower respiratory infections,,3.7,3.71064,,,,,
3793,MORT_100,Number of deaths,https://www.who.int/data/gho/indicator-metadata-registry/imr-details/3365,,,,PUBLISHED,Published,,2000.0,2000,,AFR,2000,2000,Africa,,NGA,Nigeria,,YEARS0-4,0-4 years,,,,,,,,CH9,Acute lower respiratory infectionsAcute lower respiratory infections,,150595,150594.70000,,,,,
3794,MORT_300,Distribution of causes of death among children aged < 5 years (%),https://www.who.int/data/gho/indicator-metadata-registry/imr-details/89,,,,PUBLISHED,Published,,2000.0,2000,,AFR,2000,2000,Africa,,NGA,Nigeria,,YEARS0-4,0-4 years,,,,,,,,CH9,Acute lower respiratory infectionsAcute lower respiratory infections,,0.1,0.14575,,,,,
3795,MORT_200,Deaths per 1 000 live births,https://www.who.int/data/gho/indicator-metadata-registry/imr-details/3366,,,,PUBLISHED,Published,,2000.0,2000,,AFR,2000,2000,Africa,,NGA,Nigeria,,DAYS0-27,0-27 days,,,,,,,,CH10,PrematurityPrematurity,,13.7,13.68351,,,,,
3796,LIFE_0000000031,lx - number of people left alive at age x,https://www.who.int/data/gho/indicator-metadata-registry/imr-details/31,,,,PUBLISHED,Published,,2011.0,2011,,AFR,2011,2011,Africa,,NGA,Nigeria,,AGE45-49,45-49 years,,MLE,Male,,,,,,,,67867.11,67867.11000,,,,,
3797,LIFE_0000000033,nLx - person-years lived between ages x and x+n,https://www.who.int/data/gho/indicator-metadata-registry/imr-details/33,,,,PUBLISHED,Published,,2011.0,2011,,AFR,2011,2011,Africa,,NGA,Nigeria,,AGE45-49,45-49 years,,MLE,Male,,,,,,,,328215.6,328215.60000,,,,,
3798,LIFE_0000000031,lx - number of people left alive at age x,https://www.who.int/data/gho/indicator-metadata-registry/imr-details/31,,,,PUBLISHED,Published,,2011.0,2011,,AFR,2011,2011,Africa,,NGA,Nigeria,,AGE50-54,50-54 years,,MLE,Male,,,,,,,,63281.76,63281.76000,,,,,
3799,LIFE_0000000033,nLx - person-years lived between ages x and x+n,https://www.who.int/data/gho/indicator-metadata-registry/imr-details/33,,,,PUBLISHED,Published,,2011.0,2011,,AFR,2011,2011,Africa,,NGA,Nigeria,,AGE50-54,50-54 years,,MLE,Male,,,,,,,,303634.3,303634.30000,,,,,
3800,LIFE_0000000033,nLx - person-years lived between ages x and x+n,https://www.who.int/data/gho/indicator-metadata-registry/imr-details/33,,,,PUBLISHED,Published,,2011.0,2011,,AFR,2011,2011,Africa,,NGA,Nigeria,,AGE55-59,55-59 years,,MLE,Male,,,,,,,,275133.1,275133.10000,,,,,
3801,LIFE_0000000035,ex - expectation of life at age x,https://www.who.int/data/gho/indicator-metadata-registry/imr-details/35,,,,PUBLISHED,Published,,2011.0,2011,,AFR,2011,2011,Africa,,NGA,Nigeria,,AGE55-59,55-59 years,,MLE,Male,,,,,,,,16.7,16.68745,,,,,
3802,LIFE_0000000033,nLx - person-years lived between ages x and x+n,https://www.who.int/data/gho/indicator-metadata-registry/imr-details/33,,,,PUBLISHED,Published,,2011.0,2011,,AFR,2011,2011,Africa,,NGA,Nigeria,,AGE60-64,60-64 years,,MLE,Male,,,,,,,,239013,239013.00000,,,,,
3803,LIFE_0000000035,ex - expectation of life at age x,https://www.who.int/data/gho/indicator-metadata-registry/imr-details/35,,,,PUBLISHED,Published,,2011.0,2011,,AFR,2011,2011,Africa,,NGA,Nigeria,,AGE60-64,60-64 years,,MLE,Male,,,,,,,,13.4,13.36091,,,,,
3804,LIFE_0000000030,nqx - probability of dying between ages x and x+n,https://www.who.int/data/gho/indicator-metadata-registry/imr-details/30,,,,PUBLISHED,Published,,2011.0,2011,,AFR,2011,2011,Africa,,NGA,Nigeria,,AGE65-69,65-69 years,,MLE,Male,,,,,,,,0.234,0.23368,,,,,
3805,LIFE_0000000035,ex - expectation of life at age x,https://www.who.int/data/gho/indicator-metadata-registry/imr-details/35,,,,PUBLISHED,Published,,2011.0,2011,,AFR,2011,2011,Africa,,NGA,Nigeria,,AGE65-69,65-69 years,,MLE,Male,,,,,,,,10.4,10.43185,,,,,
3806,LIFE_0000000030,nqx - probability of dying between ages x and x+n,https://www.who.int/data/gho/indicator-metadata-registry/imr-details/30,,,,PUBLISHED,Published,,2011.0,2011,,AFR,2011,2011,Africa,,NGA,Nigeria,,AGE70-74,70-74 years,,MLE,Male,,,,,,,,0.35,0.35030,,,,,
3807,LIFE_0000000030,nqx - probability of dying between ages x and x+n,https://www.who.int/data/gho/indicator-metadata-registry/imr-details/30,,,,PUBLISHED,Published,,2011.0,2011,,AFR,2011,2011,Africa,,NGA,Nigeria,,AGE75-79,75-79 years,,MLE,Male,,,,,,,,0.506,0.50590,,,,,
3808,LIFE_0000000032,ndx - number of people dying between ages x and x+n,https://www.who.int/data/gho/indicator-metadata-registry/imr-details/32,,,,PUBLISHED,Published,,2011.0,2011,,AFR,2011,2011,Africa,,NGA,Nigeria,,AGE75-79,75-79 years,,MLE,Male,,,,,,,,10946.45,10946.45000,,,,,
3809,LIFE_0000000030,nqx - probability of dying between ages x and x+n,https://www.who.int/data/gho/indicator-metadata-registry/imr-details/30,,,,PUBLISHED,Published,,2011.0,2011,,AFR,2011,2011,Africa,,NGA,Nigeria,,AGE80-84,80-84 years,,MLE,Male,,,,,,,,0.678,0.67821,,,,,
3810,LIFE_0000000032,ndx - number of people dying between ages x and x+n,https://www.who.int/data/gho/indicator-metadata-registry/imr-details/32,,,,PUBLISHED,Published,,2011.0,2011,,AFR,2011,2011,Africa,,NGA,Nigeria,,AGE80-84,80-84 years,,MLE,Male,,,,,,,,7250.676,7250.67600,,,,,
3811,LIFE_0000000034,Tx - person-years lived above age x,https://www.who.int/data/gho/indicator-metadata-registry/imr-details/34,,,,PUBLISHED,Published,,2011.0,2011,,AFR,2011,2011,Africa,,NGA,Nigeria,,AGE80-84,80-84 years,,MLE,Male,,,,,,,,43235.72,43235.72000,,,,,
3812,LIFE_0000000032,ndx - number of people dying between ages x and x+n,https://www.who.int/data/gho/indicator-metadata-registry/imr-details/32,,,,PUBLISHED,Published,,2011.0,2011,,AFR,2011,2011,Africa,,NGA,Nigeria,,AGE85PLUS,85+ years,,MLE,Male,,,,,,,,3440.304,3440.30400,,,,,
3813,LIFE_0000000034,Tx - person-years lived above age x,https://www.who.int/data/gho/indicator-metadata-registry/imr-details/34,,,,PUBLISHED,Published,,2011.0,2011,,AFR,2011,2011,Africa,,NGA,Nigeria,,AGE85PLUS,85+ years,,MLE,Male,,,,,,,,9864.229,9864.22900,,,,,
3814,LIFE_0000000034,Tx - person-years lived above age x,https://www.who.int/data/gho/indicator-metadata-registry/imr-details/34,,,,PUBLISHED,Published,,2011.0,2011,,AFR,2011,2011,Africa,,NGA,Nigeria,,AGELT1,<1 year,,FMLE,Female,,,,,,,,5303621,5303621.00000,,,,,
3815,LIFE_0000000029,nMx - age-specific death rate between ages x and x+n,https://www.who.int/data/gho/indicator-metadata-registry/imr-details/29,,,,PUBLISHED,Published,,2011.0,2011,,AFR,2011,2011,Africa,,NGA,Nigeria,,AGE1-4,1-4 years,,FMLE,Female,,,,,,,,0.013,0.01328,,,,,
3816,LIFE_0000000029,nMx - age-specific death rate between ages x and x+n,https://www.who.int/data/gho/indicator-metadata-registry/imr-details/29,,,,PUBLISHED,Published,,2011.0,2011,,AFR,2011,2011,Africa,,NGA,Nigeria,,AGE5-9,5-9 years,,FMLE,Female,,,,,,,,0.004,0.00408,,,,,
3817,LIFE_0000000031,lx - number of people left alive at age x,https://www.who.int/data/gho/indicator-metadata-registry/imr-details/31,,,,PUBLISHED,Published,,2011.0,2011,,AFR,2011,2011,Africa,,NGA,Nigeria,,AGE5-9,5-9 years,,FMLE,Female,,,,,,,,87827.11,87827.11000,,,,,
3818,LIFE_0000000029,nMx - age-specific death rate between ages x and x+n,https://www.who.int/data/gho/indicator-metadata-registry/imr-details/29,,,,PUBLISHED,Published,,2011.0,2011,,AFR,2011,2011,Africa,,NGA,Nigeria,,AGE10-14,10-14 years,,FMLE,Female,,,,,,,,0.002,0.00195,,,,,
3819,LIFE_0000000031,lx - number of people left alive at age x,https://www.who.int/data/gho/indicator-metadata-registry/imr-details/31,,,,PUBLISHED,Published,,2011.0,2011,,AFR,2011,2011,Africa,,NGA,Nigeria,,AGE10-14,10-14 years,,FMLE,Female,,,,,,,,86054.76,86054.76000,,,,,
3820,LIFE_0000000031,lx - number of people left alive at age x,https://www.who.int/data/gho/indicator-metadata-registry/imr-details/31,,,,PUBLISHED,Published,,2011.0,2011,,AFR,2011,2011,Africa,,NGA,Nigeria,,AGE15-19,15-19  years,,FMLE,Female,,,,,,,,85221.3,85221.30000,,,,,
3821,LIFE_0000000033,nLx - person-years lived between ages x and x+n,https://www.who.int/data/gho/indicator-metadata-registry/imr-details/33,,,,PUBLISHED,Published,,2011.0,2011,,AFR,2011,2011,Africa,,NGA,Nigeria,,AGE15-19,15-19  years,,FMLE,Female,,,,,,,,421840.7,421840.70000,,,,,
3822,LIFE_0000000033,nLx - person-years lived between ages x and x+n,https://www.who.int/data/gho/indicator-metadata-registry/imr-details/33,,,,PUBLISHED,Published,,2011.0,2011,,AFR,2011,2011,Africa,,NGA,Nigeria,,AGE20-24,20-24 years,,FMLE,Female,,,,,,,,411510.8,411510.80000,,,,,
3823,LIFE_0000000035,ex - expectation of life at age x,https://www.who.int/data/gho/indicator-metadata-registry/imr-details/35,,,,PUBLISHED,Published,,2011.0,2011,,AFR,2011,2011,Africa,,NGA,Nigeria,,AGE20-24,20-24 years,,FMLE,Female,,,,,,,,42.7,42.74830,,,,,
3824,LIFE_0000000033,nLx - person-years lived between ages x and x+n,https://www.who.int/data/gho/indicator-metadata-registry/imr-details/33,,,,PUBLISHED,Published,,2011.0,2011,,AFR,2011,2011,Africa,,NGA,Nigeria,,AGE25-29,25-29 years,,FMLE,Female,,,,,,,,398258.6,398258.60000,,,,,
3825,LIFE_0000000035,ex - expectation of life at age x,https://www.who.int/data/gho/indicator-metadata-registry/imr-details/35,,,,PUBLISHED,Published,,2011.0,2011,,AFR,2011,2011,Africa,,NGA,Nigeria,,AGE25-29,25-29 years,,FMLE,Female,,,,,,,,38.9,38.88536,,,,,
3826,LIFE_0000000035,ex - expectation of life at age x,https://www.who.int/data/gho/indicator-metadata-registry/imr-details/35,,,,PUBLISHED,Published,,2011.0,2011,,AFR,2011,2011,Africa,,NGA,Nigeria,,AGE30-34,30-34 years,,FMLE,Female,,,,,,,,35.3,35.26723,,,,,
3827,LIFE_0000000030,nqx - probability of dying between ages x and x+n,https://www.who.int/data/gho/indicator-metadata-registry/imr-details/30,,,,PUBLISHED,Published,,2011.0,2011,,AFR,2011,2011,Africa,,NGA,Nigeria,,AGE35-39,35-39 years,,FMLE,Female,,,,,,,,0.054,0.05395,,,,,
3828,LIFE_0000000030,nqx - probability of dying between ages x and x+n,https://www.who.int/data/gho/indicator-metadata-registry/imr-details/30,,,,PUBLISHED,Published,,2011.0,2011,,AFR,2011,2011,Africa,,NGA,Nigeria,,AGE40-44,40-44 years,,FMLE,Female,,,,,,,,0.053,0.05263,,,,,
3829,LIFE_0000000032,ndx - number of people dying between ages x and x+n,https://www.who.int/data/gho/indicator-metadata-registry/imr-details/32,,,,PUBLISHED,Published,,2011.0,2011,,AFR,2011,2011,Africa,,NGA,Nigeria,,AGE40-44,40-44 years,,FMLE,Female,,,,,,,,3717.747,3717.74700,,,,,
3830,LIFE_0000000030,nqx - probability of dying between ages x and x+n,https://www.who.int/data/gho/indicator-metadata-registry/imr-details/30,,,,PUBLISHED,Published,,2011.0,2011,,AFR,2011,2011,Africa,,NGA,Nigeria,,AGE45-49,45-49 years,,FMLE,Female,,,,,,,,0.053,0.05331,,,,,
3831,LIFE_0000000032,ndx - number of people dying between ages x and x+n,https://www.who.int/data/gho/indicator-metadata-registry/imr-details/32,,,,PUBLISHED,Published,,2011.0,2011,,AFR,2011,2011,Africa,,NGA,Nigeria,,AGE45-49,45-49 years,,FMLE,Female,,,,,,,,3568.044,3568.04400,,,,,
3832,LIFE_0000000032,ndx - number of people dying between ages x and x+n,https://www.who.int/data/gho/indicator-metadata-registry/imr-details/32,,,,PUBLISHED,Published,,2011.0,2011,,AFR,2011,2011,Africa,,NGA,Nigeria,,AGE50-54,50-54 years,,FMLE,Female,,,,,,,,4105.191,4105.19100,,,,,
3833,LIFE_0000000034,Tx - person-years lived above age x,https://www.who.int/data/gho/indicator-metadata-registry/imr-details/34,,,,PUBLISHED,Published,,2011.0,2011,,AFR,2011,2011,Africa,,NGA,Nigeria,,AGE50-54,50-54 years,,FMLE,Female,,,,,,,,1341127,1341127.00000,,,,,
3834,LIFE_0000000034,Tx - person-years lived above age x,https://www.who.int/data/gho/indicator-metadata-registry/imr-details/34,,,,PUBLISHED,Published,,2011.0,2011,,AFR,2011,2011,Africa,,NGA,Nigeria,,AGE55-59,55-59 years,,FMLE,Female,,,,,,,,1034174,1034174.00000,,,,,
3835,LIFE_0000000029,nMx - age-specific death rate between ages x and x+n,https://www.who.int/data/gho/indicator-metadata-registry/imr-details/29,,,,PUBLISHED,Published,,2011.0,2011,,AFR,2011,2011,Africa,,NGA,Nigeria,,AGE60-64,60-64 years,,FMLE,Female,,,,,,,,0.031,0.03101,,,,,
3836,LIFE_0000000034,Tx - person-years lived above age x,https://www.who.int/data/gho/indicator-metadata-registry/imr-details/34,,,,PUBLISHED,Published,,2011.0,2011,,AFR,2011,2011,Africa,,NGA,Nigeria,,AGE60-64,60-64 years,,FMLE,Female,,,,,,,,749541.4,749541.40000,,,,,
3837,LIFE_0000000029,nMx - age-specific death rate between ages x and x+n,https://www.who.int/data/gho/indicator-metadata-registry/imr-details/29,,,,PUBLISHED,Published,,2011.0,2011,,AFR,2011,2011,Africa,,NGA,Nigeria,,AGE65-69,65-69 years,,FMLE,Female,,,,,,,,0.049,0.04928,,,,,
3838,LIFE_0000000029,nMx - age-specific death rate between ages x and x+n,https://www.who.int/data/gho/indicator-metadata-registry/imr-details/29,,,,PUBLISHED,Published,,2011.0,2011,,AFR,2011,2011,Africa,,NGA,Nigeria,,AGE70-74,70-74 years,,FMLE,Female,,,,,,,,0.082,0.08211,,,,,
3839,LIFE_0000000031,lx - number of people left alive at age x,https://www.who.int/data/gho/indicator-metadata-registry/imr-details/31,,,,PUBLISHED,Published,,2011.0,2011,,AFR,2011,2011,Africa,,NGA,Nigeria,,AGE70-74,70-74 years,,FMLE,Female,,,,,,,,36242.41,36242.41000,,,,,
3840,LIFE_0000000031,lx - number of people left alive at age x,https://www.who.int/data/gho/indicator-metadata-registry/imr-details/31,,,,PUBLISHED,Published,,2011.0,2011,,AFR,2011,2011,Africa,,NGA,Nigeria,,AGE75-79,75-79 years,,FMLE,Female,,,,,,,,23865.85,23865.85000,,,,,
3841,LIFE_0000000033,nLx - person-years lived between ages x and x+n,https://www.who.int/data/gho/indicator-metadata-registry/imr-details/33,,,,PUBLISHED,Published,,2011.0,2011,,AFR,2011,2011,Africa,,NGA,Nigeria,,AGE75-79,75-79 years,,FMLE,Female,,,,,,,,88714.3,88714.30000,,,,,
3842,LIFE_0000000031,lx - number of people left alive at age x,https://www.who.int/data/gho/indicator-metadata-registry/imr-details/31,,,,PUBLISHED,Published,,2011.0,2011,,AFR,2011,2011,Africa,,NGA,Nigeria,,AGE80-84,80-84 years,,FMLE,Female,,,,,,,,11990.6,11990.60000,,,,,
3843,LIFE_0000000033,nLx - person-years lived between ages x and x+n,https://www.who.int/data/gho/indicator-metadata-registry/imr-details/33,,,,PUBLISHED,Published,,2011.0,2011,,AFR,2011,2011,Africa,,NGA,Nigeria,,AGE80-84,80-84 years,,FMLE,Female,,,,,,,,37584.86,37584.86000,,,,,
3844,LIFE_0000000033,nLx - person-years lived between ages x and x+n,https://www.who.int/data/gho/indicator-metadata-registry/imr-details/33,,,,PUBLISHED,Published,,2011.0,2011,,AFR,2011,2011,Africa,,NGA,Nigeria,,AGE85PLUS,85+ years,,FMLE,Female,,,,,,,,11535.49,11535.49000,,,,,
3845,LIFE_0000000035,ex - expectation of life at age x,https://www.who.int/data/gho/indicator-metadata-registry/imr-details/35,,,,PUBLISHED,Published,,2011.0,2011,,AFR,2011,2011,Africa,,NGA,Nigeria,,AGE85PLUS,85+ years,,FMLE,Female,,,,,,,,3,2.95334,,,,,
3846,LIFE_0000000035,ex - expectation of life at age x,https://www.who.int/data/gho/indicator-metadata-registry/imr-details/35,,,,PUBLISHED,Published,,2012.0,2012,,AFR,2012,2012,Africa,,NGA,Nigeria,,AGELT1,<1 year,,MLE,Male,,,,,,,,53,52.96281,,,,,
3847,LIFE_0000000030,nqx - probability of dying between ages x and x+n,https://www.who.int/data/gho/indicator-metadata-registry/imr-details/30,,,,PUBLISHED,Published,,2012.0,2012,,AFR,2012,2012,Africa,,NGA,Nigeria,,AGE1-4,1-4 years,,MLE,Male,,,,,,,,0.047,0.04680,,,,,
3848,LIFE_0000000035,ex - expectation of life at age x,https://www.who.int/data/gho/indicator-metadata-registry/imr-details/35,,,,PUBLISHED,Published,,2012.0,2012,,AFR,2012,2012,Africa,,NGA,Nigeria,,AGE1-4,1-4 years,,MLE,Male,,,,,,,,56.6,56.63859,,,,,
3849,LIFE_0000000030,nqx - probability of dying between ages x and x+n,https://www.who.int/data/gho/indicator-metadata-registry/imr-details/30,,,,PUBLISHED,Published,,2012.0,2012,,AFR,2012,2012,Africa,,NGA,Nigeria,,AGE5-9,5-9 years,,MLE,Male,,,,,,,,0.015,0.01496,,,,,
3850,LIFE_0000000030,nqx - probability of dying between ages x and x+n,https://www.who.int/data/gho/indicator-metadata-registry/imr-details/30,,,,PUBLISHED,Published,,2012.0,2012,,AFR,2012,2012,Africa,,NGA,Nigeria,,AGE10-14,10-14 years,,MLE,Male,,,,,,,,0.007,0.00736,,,,,
3851,LIFE_0000000032,ndx - number of people dying between ages x and x+n,https://www.who.int/data/gho/indicator-metadata-registry/imr-details/32,,,,PUBLISHED,Published,,2012.0,2012,,AFR,2012,2012,Africa,,NGA,Nigeria,,AGE10-14,10-14 years,,MLE,Male,,,,,,,,634.979,634.97880,,,,,
3852,LIFE_0000000032,ndx - number of people dying between ages x and x+n,https://www.who.int/data/gho/indicator-metadata-registry/imr-details/32,,,,PUBLISHED,Published,,2012.0,2012,,AFR,2012,2012,Africa,,NGA,Nigeria,,AGE15-19,15-19  years,,MLE,Male,,,,,,,,1417.49,1417.49000,,,,,
3853,LIFE_0000000034,Tx - person-years lived above age x,https://www.who.int/data/gho/indicator-metadata-registry/imr-details/34,,,,PUBLISHED,Published,,2012.0,2012,,AFR,2012,2012,Africa,,NGA,Nigeria,,AGE15-19,15-19  years,,MLE,Male,,,,,,,,3981834,3981834.00000,,,,,
3854,LIFE_0000000032,ndx - number of people dying between ages x and x+n,https://www.who.int/data/gho/indicator-metadata-registry/imr-details/32,,,,PUBLISHED,Published,,2012.0,2012,,AFR,2012,2012,Africa,,NGA,Nigeria,,AGE20-24,20-24 years,,MLE,Male,,,,,,,,2099.726,2099.72600,,,,,
3855,LIFE_0000000034,Tx - person-years lived above age x,https://www.who.int/data/gho/indicator-metadata-registry/imr-details/34,,,,PUBLISHED,Published,,2012.0,2012,,AFR,2012,2012,Africa,,NGA,Nigeria,,AGE20-24,20-24 years,,MLE,Male,,,,,,,,3557207,3557207.00000,,,,,
3856,LIFE_0000000034,Tx - person-years lived above age x,https://www.who.int/data/gho/indicator-metadata-registry/imr-details/34,,,,PUBLISHED,Published,,2012.0,2012,,AFR,2012,2012,Africa,,NGA,Nigeria,,AGE25-29,25-29 years,,MLE,Male,,,,,,,,3141462,3141462.00000,,,,,
3857,LIFE_0000000029,nMx - age-specific death rate between ages x and x+n,https://www.who.int/data/gho/indicator-metadata-registry/imr-details/29,,,,PUBLISHED,Published,,2012.0,2012,,AFR,2012,2012,Africa,,NGA,Nigeria,,AGE30-34,30-34 years,,MLE,Male,,,,,,,,0.008,0.00781,,,,,
3858,LIFE_0000000029,nMx - age-specific death rate between ages x and x+n,https://www.who.int/data/gho/indicator-metadata-registry/imr-details/29,,,,PUBLISHED,Published,,2012.0,2012,,AFR,2012,2012,Africa,,NGA,Nigeria,,AGE35-39,35-39 years,,MLE,Male,,,,,,,,0.01,0.01027,,,,,
3859,LIFE_0000000031,lx - number of people left alive at age x,https://www.who.int/data/gho/indicator-metadata-registry/imr-details/31,,,,PUBLISHED,Published,,2012.0,2012,,AFR,2012,2012,Africa,,NGA,Nigeria,,AGE35-39,35-39 years,,MLE,Male,,,,,,,,76599.16,76599.16000,,,,,
3860,LIFE_0000000029,nMx - age-specific death rate between ages x and x+n,https://www.who.int/data/gho/indicator-metadata-registry/imr-details/29,,,,PUBLISHED,Published,,2012.0,2012,,AFR,2012,2012,Africa,,NGA,Nigeria,,AGE40-44,40-44 years,,MLE,Male,,,,,,,,0.012,0.01202,,,,,
3861,LIFE_0000000031,lx - number of people left alive at age x,https://www.who.int/data/gho/indicator-metadata-registry/imr-details/31,,,,PUBLISHED,Published,,2012.0,2012,,AFR,2012,2012,Africa,,NGA,Nigeria,,AGE40-44,40-44 years,,MLE,Male,,,,,,,,72763.43,72763.43000,,,,,
3862,LIFE_0000000033,nLx - person-years lived between ages x and x+n,https://www.who.int/data/gho/indicator-metadata-registry/imr-details/33,,,,PUBLISHED,Published,,2012.0,2012,,AFR,2012,2012,Africa,,NGA,Nigeria,,AGE40-44,40-44 years,,MLE,Male,,,,,,,,353463.5,353463.50000,,,,,
3863,LIFE_0000000031,lx - number of people left alive at age x,https://www.who.int/data/gho/indicator-metadata-registry/imr-details/31,,,,PUBLISHED,Published,,2012.0,2012,,AFR,2012,2012,Africa,,NGA,Nigeria,,AGE45-49,45-49 years,,MLE,Male,,,,,,,,68516.22,68516.22000,,,,,
3864,LIFE_0000000033,nLx - person-years lived between ages x and x+n,https://www.who.int/data/gho/indicator-metadata-registry/imr-details/33,,,,PUBLISHED,Published,,2012.0,2012,,AFR,2012,2012,Africa,,NGA,Nigeria,,AGE45-49,45-49 years,,MLE,Male,,,,,,,,331438.3,331438.30000,,,,,
3865,LIFE_0000000033,nLx - person-years lived between ages x and x+n,https://www.who.int/data/gho/indicator-metadata-registry/imr-details/33,,,,PUBLISHED,Published,,2012.0,2012,,AFR,2012,2012,Africa,,NGA,Nigeria,,AGE50-54,50-54 years,,MLE,Male,,,,,,,,306799.9,306799.90000,,,,,
3866,LIFE_0000000035,ex - expectation of life at age x,https://www.who.int/data/gho/indicator-metadata-registry/imr-details/35,,,,PUBLISHED,Published,,2012.0,2012,,AFR,2012,2012,Africa,,NGA,Nigeria,,AGE50-54,50-54 years,,MLE,Male,,,,,,,,20.1,20.14808,,,,,
3867,LIFE_0000000033,nLx - person-years lived between ages x and x+n,https://www.who.int/data/gho/indicator-metadata-registry/imr-details/33,,,,PUBLISHED,Published,,2012.0,2012,,AFR,2012,2012,Africa,,NGA,Nigeria,,AGE55-59,55-59 years,,MLE,Male,,,,,,,,278190.9,278190.90000,,,,,
3868,LIFE_0000000035,ex - expectation of life at age x,https://www.who.int/data/gho/indicator-metadata-registry/imr-details/35,,,,PUBLISHED,Published,,2012.0,2012,,AFR,2012,2012,Africa,,NGA,Nigeria,,AGE55-59,55-59 years,,MLE,Male,,,,,,,,16.7,16.74138,,,,,
3869,LIFE_0000000030,nqx - probability of dying between ages x and x+n,https://www.who.int/data/gho/indicator-metadata-registry/imr-details/30,,,,PUBLISHED,Published,,2012.0,2012,,AFR,2012,2012,Africa,,NGA,Nigeria,,AGE60-64,60-64 years,,MLE,Male,,,,,,,,0.16,0.15996,,,,,
3870,LIFE_0000000035,ex - expectation of life at age x,https://www.who.int/data/gho/indicator-metadata-registry/imr-details/35,,,,PUBLISHED,Published,,2012.0,2012,,AFR,2012,2012,Africa,,NGA,Nigeria,,AGE60-64,60-64 years,,MLE,Male,,,,,,,,13.4,13.41034,,,,,
3871,LIFE_0000000030,nqx - probability of dying between ages x and x+n,https://www.who.int/data/gho/indicator-metadata-registry/imr-details/30,,,,PUBLISHED,Published,,2012.0,2012,,AFR,2012,2012,Africa,,NGA,Nigeria,,AGE65-69,65-69 years,,MLE,Male,,,,,,,,0.232,0.23201,,,,,
3872,LIFE_0000000030,nqx - probability of dying between ages x and x+n,https://www.who.int/data/gho/indicator-metadata-registry/imr-details/30,,,,PUBLISHED,Published,,2012.0,2012,,AFR,2012,2012,Africa,,NGA,Nigeria,,AGE70-74,70-74 years,,MLE,Male,,,,,,,,0.349,0.34852,,,,,
3873,LIFE_0000000032,ndx - number of people dying between ages x and x+n,https://www.who.int/data/gho/indicator-metadata-registry/imr-details/32,,,,PUBLISHED,Published,,2012.0,2012,,AFR,2012,2012,Africa,,NGA,Nigeria,,AGE70-74,70-74 years,,MLE,Male,,,,,,,,11785.24,11785.24000,,,,,
3874,LIFE_0000000032,ndx - number of people dying between ages x and x+n,https://www.who.int/data/gho/indicator-metadata-registry/imr-details/32,,,,PUBLISHED,Published,,2012.0,2012,,AFR,2012,2012,Africa,,NGA,Nigeria,,AGE75-79,75-79 years,,MLE,Male,,,,,,,,11109.98,11109.98000,,,,,
3875,LIFE_0000000034,Tx - person-years lived above age x,https://www.who.int/data/gho/indicator-metadata-registry/imr-details/34,,,,PUBLISHED,Published,,2012.0,2012,,AFR,2012,2012,Africa,,NGA,Nigeria,,AGE75-79,75-79 years,,MLE,Male,,,,,,,,125665.1,125665.10000,,,,,
3876,LIFE_0000000032,ndx - number of people dying between ages x and x+n,https://www.who.int/data/gho/indicator-metadata-registry/imr-details/32,,,,PUBLISHED,Published,,2012.0,2012,,AFR,2012,2012,Africa,,NGA,Nigeria,,AGE80-84,80-84 years,,MLE,Male,,,,,,,,7393.606,7393.60600,,,,,
3877,LIFE_0000000034,Tx - person-years lived above age x,https://www.who.int/data/gho/indicator-metadata-registry/imr-details/34,,,,PUBLISHED,Published,,2012.0,2012,,AFR,2012,2012,Africa,,NGA,Nigeria,,AGE80-84,80-84 years,,MLE,Male,,,,,,,,44259.77,44259.77000,,,,,
3878,LIFE_0000000034,Tx - person-years lived above age x,https://www.who.int/data/gho/indicator-metadata-registry/imr-details/34,,,,PUBLISHED,Published,,2012.0,2012,,AFR,2012,2012,Africa,,NGA,Nigeria,,AGE85PLUS,85+ years,,MLE,Male,,,,,,,,10122.88,10122.88000,,,,,
3879,LIFE_0000000029,nMx - age-specific death rate between ages x and x+n,https://www.who.int/data/gho/indicator-metadata-registry/imr-details/29,,,,PUBLISHED,Published,,2012.0,2012,,AFR,2012,2012,Africa,,NGA,Nigeria,,AGELT1,<1 year,,FMLE,Female,,,,,,,,0.075,0.07533,,,,,
3880,LIFE_0000000029,nMx - age-specific death rate between ages x and x+n,https://www.who.int/data/gho/indicator-metadata-registry/imr-details/29,,,,PUBLISHED,Published,,2012.0,2012,,AFR,2012,2012,Africa,,NGA,Nigeria,,AGE1-4,1-4 years,,FMLE,Female,,,,,,,,0.013,0.01268,,,,,
3881,LIFE_0000000031,lx - number of people left alive at age x,https://www.who.int/data/gho/indicator-metadata-registry/imr-details/31,,,,PUBLISHED,Published,,2012.0,2012,,AFR,2012,2012,Africa,,NGA,Nigeria,,AGE1-4,1-4 years,,FMLE,Female,,,,,,,,92859.19,92859.19000,,,,,
3882,LIFE_0000000029,nMx - age-specific death rate between ages x and x+n,https://www.who.int/data/gho/indicator-metadata-registry/imr-details/29,,,,PUBLISHED,Published,,2012.0,2012,,AFR,2012,2012,Africa,,NGA,Nigeria,,AGE5-9,5-9 years,,FMLE,Female,,,,,,,,0.004,0.00393,,,,,
3883,LIFE_0000000031,lx - number of people left alive at age x,https://www.who.int/data/gho/indicator-metadata-registry/imr-details/31,,,,PUBLISHED,Published,,2012.0,2012,,AFR,2012,2012,Africa,,NGA,Nigeria,,AGE5-9,5-9 years,,FMLE,Female,,,,,,,,88300.44,88300.44000,,,,,
3884,LIFE_0000000031,lx - number of people left alive at age x,https://www.who.int/data/gho/indicator-metadata-registry/imr-details/31,,,,PUBLISHED,Published,,2012.0,2012,,AFR,2012,2012,Africa,,NGA,Nigeria,,AGE10-14,10-14 years,,FMLE,Female,,,,,,,,86583.05,86583.05000,,,,,
3885,LIFE_0000000033,nLx - person-years lived between ages x and x+n,https://www.who.int/data/gho/indicator-metadata-registry/imr-details/33,,,,PUBLISHED,Published,,2012.0,2012,,AFR,2012,2012,Africa,,NGA,Nigeria,,AGE10-14,10-14 years,,FMLE,Female,,,,,,,,430871.7,430871.70000,,,,,
3886,LIFE_0000000033,nLx - person-years lived between ages x and x+n,https://www.who.int/data/gho/indicator-metadata-registry/imr-details/33,,,,PUBLISHED,Published,,2012.0,2012,,AFR,2012,2012,Africa,,NGA,Nigeria,,AGE15-19,15-19  years,,FMLE,Female,,,,,,,,424548.9,424548.90000,,,,,
3887,LIFE_0000000035,ex - expectation of life at age x,https://www.who.int/data/gho/indicator-metadata-registry/imr-details/35,,,,PUBLISHED,Published,,2012.0,2012,,AFR,2012,2012,Africa,,NGA,Nigeria,,AGE15-19,15-19  years,,FMLE,Female,,,,,,,,47,46.98145,,,,,
3888,LIFE_0000000033,nLx - person-years lived between ages x and x+n,https://www.who.int/data/gho/indicator-metadata-registry/imr-details/33,,,,PUBLISHED,Published,,2012.0,2012,,AFR,2012,2012,Africa,,NGA,Nigeria,,AGE20-24,20-24 years,,FMLE,Female,,,,,,,,414205.7,414205.70000,,,,,
3889,LIFE_0000000035,ex - expectation of life at age x,https://www.who.int/data/gho/indicator-metadata-registry/imr-details/35,,,,PUBLISHED,Published,,2012.0,2012,,AFR,2012,2012,Africa,,NGA,Nigeria,,AGE20-24,20-24 years,,FMLE,Female,,,,,,,,42.9,42.93394,,,,,
3890,LIFE_0000000035,ex - expectation of life at age x,https://www.who.int/data/gho/indicator-metadata-registry/imr-details/35,,,,PUBLISHED,Published,,2012.0,2012,,AFR,2012,2012,Africa,,NGA,Nigeria,,AGE25-29,25-29 years,,FMLE,Female,,,,,,,,39.1,39.06779,,,,,
3891,LIFE_0000000030,nqx - probability of dying between ages x and x+n,https://www.who.int/data/gho/indicator-metadata-registry/imr-details/30,,,,PUBLISHED,Published,,2012.0,2012,,AFR,2012,2012,Africa,,NGA,Nigeria,,AGE30-34,30-34 years,,FMLE,Female,,,,,,,,0.043,0.04317,,,,,
3892,LIFE_0000000030,nqx - probability of dying between ages x and x+n,https://www.who.int/data/gho/indicator-metadata-registry/imr-details/30,,,,PUBLISHED,Published,,2012.0,2012,,AFR,2012,2012,Africa,,NGA,Nigeria,,AGE35-39,35-39 years,,FMLE,Female,,,,,,,,0.053,0.05272,,,,,
3893,LIFE_0000000032,ndx - number of people dying between ages x and x+n,https://www.who.int/data/gho/indicator-metadata-registry/imr-details/32,,,,PUBLISHED,Published,,2012.0,2012,,AFR,2012,2012,Africa,,NGA,Nigeria,,AGE35-39,35-39 years,,FMLE,Female,,,,,,,,3973.343,3973.34300,,,,,
3894,LIFE_0000000030,nqx - probability of dying between ages x and x+n,https://www.who.int/data/gho/indicator-metadata-registry/imr-details/30,,,,PUBLISHED,Published,,2012.0,2012,,AFR,2012,2012,Africa,,NGA,Nigeria,,AGE40-44,40-44 years,,FMLE,Female,,,,,,,,0.052,0.05246,,,,,
3895,LIFE_0000000032,ndx - number of people dying between ages x and x+n,https://www.who.int/data/gho/indicator-metadata-registry/imr-details/32,,,,PUBLISHED,Published,,2012.0,2012,,AFR,2012,2012,Africa,,NGA,Nigeria,,AGE40-44,40-44 years,,FMLE,Female,,,,,,,,3744.648,3744.64800,,,,,
3896,LIFE_0000000032,ndx - number of people dying between ages x and x+n,https://www.who.int/data/gho/indicator-metadata-registry/imr-details/32,,,,PUBLISHED,Published,,2012.0,2012,,AFR,2012,2012,Africa,,NGA,Nigeria,,AGE45-49,45-49 years,,FMLE,Female,,,,,,,,3586.618,3586.61800,,,,,
3897,LIFE_0000000034,Tx - person-years lived above age x,https://www.who.int/data/gho/indicator-metadata-registry/imr-details/34,,,,PUBLISHED,Published,,2012.0,2012,,AFR,2012,2012,Africa,,NGA,Nigeria,,AGE45-49,45-49 years,,FMLE,Female,,,,,,,,1689655,1689655.00000,,,,,
3898,LIFE_0000000034,Tx - person-years lived above age x,https://www.who.int/data/gho/indicator-metadata-registry/imr-details/34,,,,PUBLISHED,Published,,2012.0,2012,,AFR,2012,2012,Africa,,NGA,Nigeria,,AGE50-54,50-54 years,,FMLE,Female,,,,,,,,1360192,1360192.00000,,,,,
3899,LIFE_0000000029,nMx - age-specific death rate between ages x and x+n,https://www.who.int/data/gho/indicator-metadata-registry/imr-details/29,,,,PUBLISHED,Published,,2012.0,2012,,AFR,2012,2012,Africa,,NGA,Nigeria,,AGE55-59,55-59 years,,FMLE,Female,,,,,,,,0.017,0.01719,,,,,
3900,LIFE_0000000034,Tx - person-years lived above age x,https://www.who.int/data/gho/indicator-metadata-registry/imr-details/34,,,,PUBLISHED,Published,,2012.0,2012,,AFR,2012,2012,Africa,,NGA,Nigeria,,AGE55-59,55-59 years,,FMLE,Female,,,,,,,,1049799,1049799.00000,,,,,
3901,LIFE_0000000029,nMx - age-specific death rate between ages x and x+n,https://www.who.int/data/gho/indicator-metadata-registry/imr-details/29,,,,PUBLISHED,Published,,2012.0,2012,,AFR,2012,2012,Africa,,NGA,Nigeria,,AGE60-64,60-64 years,,FMLE,Female,,,,,,,,0.031,0.03067,,,,,
3902,LIFE_0000000029,nMx - age-specific death rate between ages x and x+n,https://www.who.int/data/gho/indicator-metadata-registry/imr-details/29,,,,PUBLISHED,Published,,2012.0,2012,,AFR,2012,2012,Africa,,NGA,Nigeria,,AGE65-69,65-69 years,,FMLE,Female,,,,,,,,0.049,0.04879,,,,,
3903,LIFE_0000000031,lx - number of people left alive at age x,https://www.who.int/data/gho/indicator-metadata-registry/imr-details/31,,,,PUBLISHED,Published,,2012.0,2012,,AFR,2012,2012,Africa,,NGA,Nigeria,,AGE65-69,65-69 years,,FMLE,Female,,,,,,,,47121.65,47121.65000,,,,,
3904,LIFE_0000000031,lx - number of people left alive at age x,https://www.who.int/data/gho/indicator-metadata-registry/imr-details/31,,,,PUBLISHED,Published,,2012.0,2012,,AFR,2012,2012,Africa,,NGA,Nigeria,,AGE70-74,70-74 years,,FMLE,Female,,,,,,,,36830.39,36830.39000,,,,,
3905,LIFE_0000000033,nLx - person-years lived between ages x and x+n,https://www.who.int/data/gho/indicator-metadata-registry/imr-details/33,,,,PUBLISHED,Published,,2012.0,2012,,AFR,2012,2012,Africa,,NGA,Nigeria,,AGE70-74,70-74 years,,FMLE,Female,,,,,,,,153422.1,153422.10000,,,,,
3906,LIFE_0000000031,lx - number of people left alive at age x,https://www.who.int/data/gho/indicator-metadata-registry/imr-details/31,,,,PUBLISHED,Published,,2012.0,2012,,AFR,2012,2012,Africa,,NGA,Nigeria,,AGE75-79,75-79 years,,FMLE,Female,,,,,,,,24339.5,24339.50000,,,,,
3907,LIFE_0000000033,nLx - person-years lived between ages x and x+n,https://www.who.int/data/gho/indicator-metadata-registry/imr-details/33,,,,PUBLISHED,Published,,2012.0,2012,,AFR,2012,2012,Africa,,NGA,Nigeria,,AGE75-79,75-79 years,,FMLE,Female,,,,,,,,90653.98,90653.98000,,,,,
3908,LIFE_0000000033,nLx - person-years lived between ages x and x+n,https://www.who.int/data/gho/indicator-metadata-registry/imr-details/33,,,,PUBLISHED,Published,,2012.0,2012,,AFR,2012,2012,Africa,,NGA,Nigeria,,AGE80-84,80-84 years,,FMLE,Female,,,,,,,,38589.7,38589.70000,,,,,
3909,LIFE_0000000035,ex - expectation of life at age x,https://www.who.int/data/gho/indicator-metadata-registry/imr-details/35,,,,PUBLISHED,Published,,2012.0,2012,,AFR,2012,2012,Africa,,NGA,Nigeria,,AGE80-84,80-84 years,,FMLE,Female,,,,,,,,4.1,4.11066,,,,,
3910,LIFE_0000000035,ex - expectation of life at age x,https://www.who.int/data/gho/indicator-metadata-registry/imr-details/35,,,,PUBLISHED,Published,,2012.0,2012,,AFR,2012,2012,Africa,,NGA,Nigeria,,AGE85PLUS,85+ years,,FMLE,Female,,,,,,,,3,2.96007,,,,,
3911,LIFE_0000000030,nqx - probability of dying between ages x and x+n,https://www.who.int/data/gho/indicator-metadata-registry/imr-details/30,,,,PUBLISHED,Published,,2013.0,2013,,AFR,2013,2013,Africa,,NGA,Nigeria,,AGELT1,<1 year,,MLE,Male,,,,,,,,0.079,0.07855,,,,,
3912,LIFE_0000000035,ex - expectation of life at age x,https://www.who.int/data/gho/indicator-metadata-registry/imr-details/35,,,,PUBLISHED,Published,,2013.0,2013,,AFR,2013,2013,Africa,,NGA,Nigeria,,AGELT1,<1 year,,MLE,Male,,,,,,,,53.4,53.40731,,,,,
3913,LIFE_0000000030,nqx - probability of dying between ages x and x+n,https://www.who.int/data/gho/indicator-metadata-registry/imr-details/30,,,,PUBLISHED,Published,,2013.0,2013,,AFR,2013,2013,Africa,,NGA,Nigeria,,AGE1-4,1-4 years,,MLE,Male,,,,,,,,0.045,0.04461,,,,,
3914,LIFE_0000000030,nqx - probability of dying between ages x and x+n,https://www.who.int/data/gho/indicator-metadata-registry/imr-details/30,,,,PUBLISHED,Published,,2013.0,2013,,AFR,2013,2013,Africa,,NGA,Nigeria,,AGE5-9,5-9 years,,MLE,Male,,,,,,,,0.014,0.01442,,,,,
3915,LIFE_0000000032,ndx - number of people dying between ages x and x+n,https://www.who.int/data/gho/indicator-metadata-registry/imr-details/32,,,,PUBLISHED,Published,,2013.0,2013,,AFR,2013,2013,Africa,,NGA,Nigeria,,AGE5-9,5-9 years,,MLE,Male,,,,,,,,1269.289,1269.28900,,,,,
3916,LIFE_0000000032,ndx - number of people dying between ages x and x+n,https://www.who.int/data/gho/indicator-metadata-registry/imr-details/32,,,,PUBLISHED,Published,,2013.0,2013,,AFR,2013,2013,Africa,,NGA,Nigeria,,AGE10-14,10-14 years,,MLE,Male,,,,,,,,624.465,624.46530,,,,,
3917,LIFE_0000000034,Tx - person-years lived above age x,https://www.who.int/data/gho/indicator-metadata-registry/imr-details/34,,,,PUBLISHED,Published,,2013.0,2013,,AFR,2013,2013,Africa,,NGA,Nigeria,,AGE10-14,10-14 years,,MLE,Male,,,,,,,,4451522,4451522.00000,,,,,
3918,LIFE_0000000032,ndx - number of people dying between ages x and x+n,https://www.who.int/data/gho/indicator-metadata-registry/imr-details/32,,,,PUBLISHED,Published,,2013.0,2013,,AFR,2013,2013,Africa,,NGA,Nigeria,,AGE15-19,15-19  years,,MLE,Male,,,,,,,,1429.681,1429.68100,,,,,
3919,LIFE_0000000034,Tx - person-years lived above age x,https://www.who.int/data/gho/indicator-metadata-registry/imr-details/34,,,,PUBLISHED,Published,,2013.0,2013,,AFR,2013,2013,Africa,,NGA,Nigeria,,AGE15-19,15-19  years,,MLE,Male,,,,,,,,4019259,4019259.00000,,,,,
3920,LIFE_0000000029,nMx - age-specific death rate between ages x and x+n,https://www.who.int/data/gho/indicator-metadata-registry/imr-details/29,,,,PUBLISHED,Published,,2013.0,2013,,AFR,2013,2013,Africa,,NGA,Nigeria,,AGE20-24,20-24 years,,MLE,Male,,,,,,,,0.005,0.00505,,,,,
3921,LIFE_0000000034,Tx - person-years lived above age x,https://www.who.int/data/gho/indicator-metadata-registry/imr-details/34,,,,PUBLISHED,Published,,2013.0,2013,,AFR,2013,2013,Africa,,NGA,Nigeria,,AGE20-24,20-24 years,,MLE,Male,,,,,,,,3591983,3591983.00000,,,,,
3922,LIFE_0000000029,nMx - age-specific death rate between ages x and x+n,https://www.who.int/data/gho/indicator-metadata-registry/imr-details/29,,,,PUBLISHED,Published,,2013.0,2013,,AFR,2013,2013,Africa,,NGA,Nigeria,,AGE25-29,25-29 years,,MLE,Male,,,,,,,,0.006,0.00593,,,,,
3923,LIFE_0000000029,nMx - age-specific death rate between ages x and x+n,https://www.who.int/data/gho/indicator-metadata-registry/imr-details/29,,,,PUBLISHED,Published,,2013.0,2013,,AFR,2013,2013,Africa,,NGA,Nigeria,,AGE30-34,30-34 years,,MLE,Male,,,,,,,,0.008,0.00766,,,,,
3924,LIFE_0000000031,lx - number of people left alive at age x,https://www.who.int/data/gho/indicator-metadata-registry/imr-details/31,,,,PUBLISHED,Published,,2013.0,2013,,AFR,2013,2013,Africa,,NGA,Nigeria,,AGE30-34,30-34 years,,MLE,Male,,,,,,,,80187.16,80187.16000,,,,,
3925,LIFE_0000000029,nMx - age-specific death rate between ages x and x+n,https://www.who.int/data/gho/indicator-metadata-registry/imr-details/29,,,,PUBLISHED,Published,,2013.0,2013,,AFR,2013,2013,Africa,,NGA,Nigeria,,AGE35-39,35-39 years,,MLE,Male,,,,,,,,0.01,0.01006,,,,,
3926,LIFE_0000000031,lx - number of people left alive at age x,https://www.who.int/data/gho/indicator-metadata-registry/imr-details/31,,,,PUBLISHED,Published,,2013.0,2013,,AFR,2013,2013,Africa,,NGA,Nigeria,,AGE35-39,35-39 years,,MLE,Male,,,,,,,,77174.54,77174.54000,,,,,
3927,LIFE_0000000033,nLx - person-years lived between ages x and x+n,https://www.who.int/data/gho/indicator-metadata-registry/imr-details/33,,,,PUBLISHED,Published,,2013.0,2013,,AFR,2013,2013,Africa,,NGA,Nigeria,,AGE35-39,35-39 years,,MLE,Male,,,,,,,,376586.8,376586.80000,,,,,
3928,LIFE_0000000031,lx - number of people left alive at age x,https://www.who.int/data/gho/indicator-metadata-registry/imr-details/31,,,,PUBLISHED,Published,,2013.0,2013,,AFR,2013,2013,Africa,,NGA,Nigeria,,AGE40-44,40-44 years,,MLE,Male,,,,,,,,73387.95,73387.95000,,,,,
3929,LIFE_0000000033,nLx - person-years lived between ages x and x+n,https://www.who.int/data/gho/indicator-metadata-registry/imr-details/33,,,,PUBLISHED,Published,,2013.0,2013,,AFR,2013,2013,Africa,,NGA,Nigeria,,AGE40-44,40-44 years,,MLE,Male,,,,,,,,356598.5,356598.50000,,,,,
3930,LIFE_0000000033,nLx - person-years lived between ages x and x+n,https://www.who.int/data/gho/indicator-metadata-registry/imr-details/33,,,,PUBLISHED,Published,,2013.0,2013,,AFR,2013,2013,Africa,,NGA,Nigeria,,AGE45-49,45-49 years,,MLE,Male,,,,,,,,334596.6,334596.60000,,,,,
3931,LIFE_0000000035,ex - expectation of life at age x,https://www.who.int/data/gho/indicator-metadata-registry/imr-details/35,,,,PUBLISHED,Published,,2013.0,2013,,AFR,2013,2013,Africa,,NGA,Nigeria,,AGE45-49,45-49 years,,MLE,Male,,,,,,,,23.7,23.71781,,,,,
3932,LIFE_0000000033,nLx - person-years lived between ages x and x+n,https://www.who.int/data/gho/indicator-metadata-registry/imr-details/33,,,,PUBLISHED,Published,,2013.0,2013,,AFR,2013,2013,Africa,,NGA,Nigeria,,AGE50-54,50-54 years,,MLE,Male,,,,,,,,309964.3,309964.30000,,,,,
3933,LIFE_0000000035,ex - expectation of life at age x,https://www.who.int/data/gho/indicator-metadata-registry/imr-details/35,,,,PUBLISHED,Published,,2013.0,2013,,AFR,2013,2013,Africa,,NGA,Nigeria,,AGE50-54,50-54 years,,MLE,Male,,,,,,,,20.2,20.22160,,,,,
3934,LIFE_0000000030,nqx - probability of dying between ages x and x+n,https://www.who.int/data/gho/indicator-metadata-registry/imr-details/30,,,,PUBLISHED,Published,,2013.0,2013,,AFR,2013,2013,Africa,,NGA,Nigeria,,AGE55-59,55-59 years,,MLE,Male,,,,,,,,0.105,0.10492,,,,,
3935,LIFE_0000000035,ex - expectation of life at age x,https://www.who.int/data/gho/indicator-metadata-registry/imr-details/35,,,,PUBLISHED,Published,,2013.0,2013,,AFR,2013,2013,Africa,,NGA,Nigeria,,AGE55-59,55-59 years,,MLE,Male,,,,,,,,16.8,16.80502,,,,,
3936,LIFE_0000000030,nqx - probability of dying between ages x and x+n,https://www.who.int/data/gho/indicator-metadata-registry/imr-details/30,,,,PUBLISHED,Published,,2013.0,2013,,AFR,2013,2013,Africa,,NGA,Nigeria,,AGE60-64,60-64 years,,MLE,Male,,,,,,,,0.158,0.15831,,,,,
3937,LIFE_0000000030,nqx - probability of dying between ages x and x+n,https://www.who.int/data/gho/indicator-metadata-registry/imr-details/30,,,,PUBLISHED,Published,,2013.0,2013,,AFR,2013,2013,Africa,,NGA,Nigeria,,AGE65-69,65-69 years,,MLE,Male,,,,,,,,0.23,0.23006,,,,,
3938,LIFE_0000000032,ndx - number of people dying between ages x and x+n,https://www.who.int/data/gho/indicator-metadata-registry/imr-details/32,,,,PUBLISHED,Published,,2013.0,2013,,AFR,2013,2013,Africa,,NGA,Nigeria,,AGE65-69,65-69 years,,MLE,Male,,,,,,,,10266.64,10266.64000,,,,,
3939,LIFE_0000000032,ndx - number of people dying between ages x and x+n,https://www.who.int/data/gho/indicator-metadata-registry/imr-details/32,,,,PUBLISHED,Published,,2013.0,2013,,AFR,2013,2013,Africa,,NGA,Nigeria,,AGE70-74,70-74 years,,MLE,Male,,,,,,,,11901.12,11901.12000,,,,,
3940,LIFE_0000000034,Tx - person-years lived above age x,https://www.who.int/data/gho/indicator-metadata-registry/imr-details/34,,,,PUBLISHED,Published,,2013.0,2013,,AFR,2013,2013,Africa,,NGA,Nigeria,,AGE70-74,70-74 years,,MLE,Male,,,,,,,,270924.5,270924.50000,,,,,
3941,LIFE_0000000032,ndx - number of people dying between ages x and x+n,https://www.who.int/data/gho/indicator-metadata-registry/imr-details/32,,,,PUBLISHED,Published,,2013.0,2013,,AFR,2013,2013,Africa,,NGA,Nigeria,,AGE75-79,75-79 years,,MLE,Male,,,,,,,,11282.79,11282.79000,,,,,
3942,LIFE_0000000034,Tx - person-years lived above age x,https://www.who.int/data/gho/indicator-metadata-registry/imr-details/34,,,,PUBLISHED,Published,,2013.0,2013,,AFR,2013,2013,Africa,,NGA,Nigeria,,AGE75-79,75-79 years,,MLE,Male,,,,,,,,128556.4,128556.40000,,,,,
3943,LIFE_0000000034,Tx - person-years lived above age x,https://www.who.int/data/gho/indicator-metadata-registry/imr-details/34,,,,PUBLISHED,Published,,2013.0,2013,,AFR,2013,2013,Africa,,NGA,Nigeria,,AGE80-84,80-84 years,,MLE,Male,,,,,,,,45424.66,45424.66000,,,,,
3944,LIFE_0000000029,nMx - age-specific death rate between ages x and x+n,https://www.who.int/data/gho/indicator-metadata-registry/imr-details/29,,,,PUBLISHED,Published,,2013.0,2013,,AFR,2013,2013,Africa,,NGA,Nigeria,,AGE85PLUS,85+ years,,MLE,Male,,,,,,,,0.348,0.34768,,,,,
3945,LIFE_0000000029,nMx - age-specific death rate between ages x and x+n,https://www.who.int/data/gho/indicator-metadata-registry/imr-details/29,,,,PUBLISHED,Published,,2013.0,2013,,AFR,2013,2013,Africa,,NGA,Nigeria,,AGELT1,<1 year,,FMLE,Female,,,,,,,,0.073,0.07251,,,,,
3946,LIFE_0000000031,lx - number of people left alive at age x,https://www.who.int/data/gho/indicator-metadata-registry/imr-details/31,,,,PUBLISHED,Published,,2013.0,2013,,AFR,2013,2013,Africa,,NGA,Nigeria,,AGELT1,<1 year,,FMLE,Female,,,,,,,,100000,100000.00000,,,,,
3947,LIFE_0000000029,nMx - age-specific death rate between ages x and x+n,https://www.who.int/data/gho/indicator-metadata-registry/imr-details/29,,,,PUBLISHED,Published,,2013.0,2013,,AFR,2013,2013,Africa,,NGA,Nigeria,,AGE1-4,1-4 years,,FMLE,Female,,,,,,,,0.012,0.01206,,,,,
3948,LIFE_0000000031,lx - number of people left alive at age x,https://www.who.int/data/gho/indicator-metadata-registry/imr-details/31,,,,PUBLISHED,Published,,2013.0,2013,,AFR,2013,2013,Africa,,NGA,Nigeria,,AGE1-4,1-4 years,,FMLE,Female,,,,,,,,93116.52,93116.52000,,,,,
3949,LIFE_0000000031,lx - number of people left alive at age x,https://www.who.int/data/gho/indicator-metadata-registry/imr-details/31,,,,PUBLISHED,Published,,2013.0,2013,,AFR,2013,2013,Africa,,NGA,Nigeria,,AGE5-9,5-9 years,,FMLE,Female,,,,,,,,88759.27,88759.27000,,,,,
3950,LIFE_0000000033,nLx - person-years lived between ages x and x+n,https://www.who.int/data/gho/indicator-metadata-registry/imr-details/33,,,,PUBLISHED,Published,,2013.0,2013,,AFR,2013,2013,Africa,,NGA,Nigeria,,AGE5-9,5-9 years,,FMLE,Female,,,,,,,,439644.4,439644.40000,,,,,
3951,LIFE_0000000033,nLx - person-years lived between ages x and x+n,https://www.who.int/data/gho/indicator-metadata-registry/imr-details/33,,,,PUBLISHED,Published,,2013.0,2013,,AFR,2013,2013,Africa,,NGA,Nigeria,,AGE10-14,10-14 years,,FMLE,Female,,,,,,,,433491.6,433491.60000,,,,,
3952,LIFE_0000000035,ex - expectation of life at age x,https://www.who.int/data/gho/indicator-metadata-registry/imr-details/35,,,,PUBLISHED,Published,,2013.0,2013,,AFR,2013,2013,Africa,,NGA,Nigeria,,AGE10-14,10-14 years,,FMLE,Female,,,,,,,,51.9,51.94767,,,,,
3953,LIFE_0000000033,nLx - person-years lived between ages x and x+n,https://www.who.int/data/gho/indicator-metadata-registry/imr-details/33,,,,PUBLISHED,Published,,2013.0,2013,,AFR,2013,2013,Africa,,NGA,Nigeria,,AGE15-19,15-19  years,,FMLE,Female,,,,,,,,427224.7,427224.70000,,,,,
3954,LIFE_0000000035,ex - expectation of life at age x,https://www.who.int/data/gho/indicator-metadata-registry/imr-details/35,,,,PUBLISHED,Published,,2013.0,2013,,AFR,2013,2013,Africa,,NGA,Nigeria,,AGE15-19,15-19  years,,FMLE,Female,,,,,,,,47.4,47.40628,,,,,
3955,LIFE_0000000035,ex - expectation of life at age x,https://www.who.int/data/gho/indicator-metadata-registry/imr-details/35,,,,PUBLISHED,Published,,2013.0,2013,,AFR,2013,2013,Africa,,NGA,Nigeria,,AGE20-24,20-24 years,,FMLE,Female,,,,,,,,43.4,43.35939,,,,,
3956,LIFE_0000000030,nqx - probability of dying between ages x and x+n,https://www.who.int/data/gho/indicator-metadata-registry/imr-details/30,,,,PUBLISHED,Published,,2013.0,2013,,AFR,2013,2013,Africa,,NGA,Nigeria,,AGE25-29,25-29 years,,FMLE,Female,,,,,,,,0.034,0.03404,,,,,
3957,LIFE_0000000030,nqx - probability of dying between ages x and x+n,https://www.who.int/data/gho/indicator-metadata-registry/imr-details/30,,,,PUBLISHED,Published,,2013.0,2013,,AFR,2013,2013,Africa,,NGA,Nigeria,,AGE30-34,30-34 years,,FMLE,Female,,,,,,,,0.04,0.04033,,,,,
3958,LIFE_0000000032,ndx - number of people dying between ages x and x+n,https://www.who.int/data/gho/indicator-metadata-registry/imr-details/32,,,,PUBLISHED,Published,,2013.0,2013,,AFR,2013,2013,Africa,,NGA,Nigeria,,AGE30-34,30-34 years,,FMLE,Female,,,,,,,,3202.914,3202.91400,,,,,
3959,LIFE_0000000030,nqx - probability of dying between ages x and x+n,https://www.who.int/data/gho/indicator-metadata-registry/imr-details/30,,,,PUBLISHED,Published,,2013.0,2013,,AFR,2013,2013,Africa,,NGA,Nigeria,,AGE35-39,35-39 years,,FMLE,Female,,,,,,,,0.049,0.04936,,,,,
3960,LIFE_0000000032,ndx - number of people dying between ages x and x+n,https://www.who.int/data/gho/indicator-metadata-registry/imr-details/32,,,,PUBLISHED,Published,,2013.0,2013,,AFR,2013,2013,Africa,,NGA,Nigeria,,AGE35-39,35-39 years,,FMLE,Female,,,,,,,,3761.701,3761.70100,,,,,
3961,LIFE_0000000032,ndx - number of people dying between ages x and x+n,https://www.who.int/data/gho/indicator-metadata-registry/imr-details/32,,,,PUBLISHED,Published,,2013.0,2013,,AFR,2013,2013,Africa,,NGA,Nigeria,,AGE40-44,40-44 years,,FMLE,Female,,,,,,,,3645.308,3645.30800,,,,,
3962,LIFE_0000000034,Tx - person-years lived above age x,https://www.who.int/data/gho/indicator-metadata-registry/imr-details/34,,,,PUBLISHED,Published,,2013.0,2013,,AFR,2013,2013,Africa,,NGA,Nigeria,,AGE40-44,40-44 years,,FMLE,Female,,,,,,,,2082031,2082031.00000,,,,,
3963,LIFE_0000000034,Tx - person-years lived above age x,https://www.who.int/data/gho/indicator-metadata-registry/imr-details/34,,,,PUBLISHED,Published,,2013.0,2013,,AFR,2013,2013,Africa,,NGA,Nigeria,,AGE45-49,45-49 years,,FMLE,Female,,,,,,,,1728837,1728837.00000,,,,,
3964,LIFE_0000000029,nMx - age-specific death rate between ages x and x+n,https://www.who.int/data/gho/indicator-metadata-registry/imr-details/29,,,,PUBLISHED,Published,,2013.0,2013,,AFR,2013,2013,Africa,,NGA,Nigeria,,AGE50-54,50-54 years,,FMLE,Female,,,,,,,,0.013,0.01298,,,,,
3965,LIFE_0000000034,Tx - person-years lived above age x,https://www.who.int/data/gho/indicator-metadata-registry/imr-details/34,,,,PUBLISHED,Published,,2013.0,2013,,AFR,2013,2013,Africa,,NGA,Nigeria,,AGE50-54,50-54 years,,FMLE,Female,,,,,,,,1393444,1393444.00000,,,,,
3966,LIFE_0000000029,nMx - age-specific death rate between ages x and x+n,https://www.who.int/data/gho/indicator-metadata-registry/imr-details/29,,,,PUBLISHED,Published,,2013.0,2013,,AFR,2013,2013,Africa,,NGA,Nigeria,,AGE55-59,55-59 years,,FMLE,Female,,,,,,,,0.017,0.01695,,,,,
3967,LIFE_0000000029,nMx - age-specific death rate between ages x and x+n,https://www.who.int/data/gho/indicator-metadata-registry/imr-details/29,,,,PUBLISHED,Published,,2013.0,2013,,AFR,2013,2013,Africa,,NGA,Nigeria,,AGE60-64,60-64 years,,FMLE,Female,,,,,,,,0.03,0.03018,,,,,
3968,LIFE_0000000031,lx - number of people left alive at age x,https://www.who.int/data/gho/indicator-metadata-registry/imr-details/31,,,,PUBLISHED,Published,,2013.0,2013,,AFR,2013,2013,Africa,,NGA,Nigeria,,AGE60-64,60-64 years,,FMLE,Female,,,,,,,,56175.58,56175.58000,,,,,
3969,LIFE_0000000031,lx - number of people left alive at age x,https://www.who.int/data/gho/indicator-metadata-registry/imr-details/31,,,,PUBLISHED,Published,,2013.0,2013,,AFR,2013,2013,Africa,,NGA,Nigeria,,AGE65-69,65-69 years,,FMLE,Female,,,,,,,,48263.86,48263.86000,,,,,
3970,LIFE_0000000033,nLx - person-years lived between ages x and x+n,https://www.who.int/data/gho/indicator-metadata-registry/imr-details/33,,,,PUBLISHED,Published,,2013.0,2013,,AFR,2013,2013,Africa,,NGA,Nigeria,,AGE65-69,65-69 years,,FMLE,Female,,,,,,,,216362,216362.00000,,,,,
3971,LIFE_0000000031,lx - number of people left alive at age x,https://www.who.int/data/gho/indicator-metadata-registry/imr-details/31,,,,PUBLISHED,Published,,2013.0,2013,,AFR,2013,2013,Africa,,NGA,Nigeria,,AGE70-74,70-74 years,,FMLE,Female,,,,,,,,37846.12,37846.12000,,,,,
3972,LIFE_0000000033,nLx - person-years lived between ages x and x+n,https://www.who.int/data/gho/indicator-metadata-registry/imr-details/33,,,,PUBLISHED,Published,,2013.0,2013,,AFR,2013,2013,Africa,,NGA,Nigeria,,AGE70-74,70-74 years,,FMLE,Female,,,,,,,,157958.5,157958.50000,,,,,
3973,LIFE_0000000033,nLx - person-years lived between ages x and x+n,https://www.who.int/data/gho/indicator-metadata-registry/imr-details/33,,,,PUBLISHED,Published,,2013.0,2013,,AFR,2013,2013,Africa,,NGA,Nigeria,,AGE75-79,75-79 years,,FMLE,Female,,,,,,,,93791.55,93791.55000,,,,,
3974,LIFE_0000000035,ex - expectation of life at age x,https://www.who.int/data/gho/indicator-metadata-registry/imr-details/35,,,,PUBLISHED,Published,,2013.0,2013,,AFR,2013,2013,Africa,,NGA,Nigeria,,AGE75-79,75-79 years,,FMLE,Female,,,,,,,,5.8,5.82911,,,,,
3975,LIFE_0000000035,ex - expectation of life at age x,https://www.who.int/data/gho/indicator-metadata-registry/imr-details/35,,,,PUBLISHED,Published,,2013.0,2013,,AFR,2013,2013,Africa,,NGA,Nigeria,,AGE80-84,80-84 years,,FMLE,Female,,,,,,,,4.1,4.12878,,,,,
3976,LIFE_0000000030,nqx - probability of dying between ages x and x+n,https://www.who.int/data/gho/indicator-metadata-registry/imr-details/30,,,,PUBLISHED,Published,,2013.0,2013,,AFR,2013,2013,Africa,,NGA,Nigeria,,AGE85PLUS,85+ years,,FMLE,Female,,,,,,,,1,1.00000,,,,,
3977,LIFE_0000000035,ex - expectation of life at age x,https://www.who.int/data/gho/indicator-metadata-registry/imr-details/35,,,,PUBLISHED,Published,,2013.0,2013,,AFR,2013,2013,Africa,,NGA,Nigeria,,AGE85PLUS,85+ years,,FMLE,Female,,,,,,,,3,2.96932,,,,,
3978,LIFE_0000000030,nqx - probability of dying between ages x and x+n,https://www.who.int/data/gho/indicator-metadata-registry/imr-details/30,,,,PUBLISHED,Published,,2014.0,2014,,AFR,2014,2014,Africa,,NGA,Nigeria,,AGELT1,<1 year,,MLE,Male,,,,,,,,0.076,0.07580,,,,,
3979,LIFE_0000000032,ndx - number of people dying between ages x and x+n,https://www.who.int/data/gho/indicator-metadata-registry/imr-details/32,,,,PUBLISHED,Published,,2014.0,2014,,AFR,2014,2014,Africa,,NGA,Nigeria,,AGELT1,<1 year,,MLE,Male,,,,,,,,7579.824,7579.82400,,,,,
3980,LIFE_0000000030,nqx - probability of dying between ages x and x+n,https://www.who.int/data/gho/indicator-metadata-registry/imr-details/30,,,,PUBLISHED,Published,,2014.0,2014,,AFR,2014,2014,Africa,,NGA,Nigeria,,AGE1-4,1-4 years,,MLE,Male,,,,,,,,0.043,0.04274,,,,,
3981,LIFE_0000000032,ndx - number of people dying between ages x and x+n,https://www.who.int/data/gho/indicator-metadata-registry/imr-details/32,,,,PUBLISHED,Published,,2014.0,2014,,AFR,2014,2014,Africa,,NGA,Nigeria,,AGE1-4,1-4 years,,MLE,Male,,,,,,,,3950.368,3950.36800,,,,,
3982,LIFE_0000000032,ndx - number of people dying between ages x and x+n,https://www.who.int/data/gho/indicator-metadata-registry/imr-details/32,,,,PUBLISHED,Published,,2014.0,2014,,AFR,2014,2014,Africa,,NGA,Nigeria,,AGE5-9,5-9 years,,MLE,Male,,,,,,,,1235.117,1235.11700,,,,,
3983,LIFE_0000000034,Tx - person-years lived above age x,https://www.who.int/data/gho/indicator-metadata-registry/imr-details/34,,,,PUBLISHED,Published,,2014.0,2014,,AFR,2014,2014,Africa,,NGA,Nigeria,,AGE5-9,5-9 years,,MLE,Male,,,,,,,,4923831,4923831.00000,,,,,
3984,LIFE_0000000032,ndx - number of people dying between ages x and x+n,https://www.who.int/data/gho/indicator-metadata-registry/imr-details/32,,,,PUBLISHED,Published,,2014.0,2014,,AFR,2014,2014,Africa,,NGA,Nigeria,,AGE10-14,10-14 years,,MLE,Male,,,,,,,,627.669,627.66940,,,,,
3985,LIFE_0000000034,Tx - person-years lived above age x,https://www.who.int/data/gho/indicator-metadata-registry/imr-details/34,,,,PUBLISHED,Published,,2014.0,2014,,AFR,2014,2014,Africa,,NGA,Nigeria,,AGE10-14,10-14 years,,MLE,Male,,,,,,,,4484570,4484570.00000,,,,,
3986,LIFE_0000000029,nMx - age-specific death rate between ages x and x+n,https://www.who.int/data/gho/indicator-metadata-registry/imr-details/29,,,,PUBLISHED,Published,,2014.0,2014,,AFR,2014,2014,Africa,,NGA,Nigeria,,AGE15-19,15-19  years,,MLE,Male,,,,,,,,0.003,0.00340,,,,,
3987,LIFE_0000000034,Tx - person-years lived above age x,https://www.who.int/data/gho/indicator-metadata-registry/imr-details/34,,,,PUBLISHED,Published,,2014.0,2014,,AFR,2014,2014,Africa,,NGA,Nigeria,,AGE15-19,15-19  years,,MLE,Male,,,,,,,,4049965,4049965.00000,,,,,
3988,LIFE_0000000029,nMx - age-specific death rate between ages x and x+n,https://www.who.int/data/gho/indicator-metadata-registry/imr-details/29,,,,PUBLISHED,Published,,2014.0,2014,,AFR,2014,2014,Africa,,NGA,Nigeria,,AGE20-24,20-24 years,,MLE,Male,,,,,,,,0.005,0.00516,,,,,
3989,LIFE_0000000029,nMx - age-specific death rate between ages x and x+n,https://www.who.int/data/gho/indicator-metadata-registry/imr-details/29,,,,PUBLISHED,Published,,2014.0,2014,,AFR,2014,2014,Africa,,NGA,Nigeria,,AGE25-29,25-29 years,,MLE,Male,,,,,,,,0.006,0.00595,,,,,
3990,LIFE_0000000031,lx - number of people left alive at age x,https://www.who.int/data/gho/indicator-metadata-registry/imr-details/31,,,,PUBLISHED,Published,,2014.0,2014,,AFR,2014,2014,Africa,,NGA,Nigeria,,AGE25-29,25-29 years,,MLE,Male,,,,,,,,82975.34,82975.34000,,,,,
3991,LIFE_0000000029,nMx - age-specific death rate between ages x and x+n,https://www.who.int/data/gho/indicator-metadata-registry/imr-details/29,,,,PUBLISHED,Published,,2014.0,2014,,AFR,2014,2014,Africa,,NGA,Nigeria,,AGE30-34,30-34 years,,MLE,Male,,,,,,,,0.008,0.00757,,,,,
3992,LIFE_0000000031,lx - number of people left alive at age x,https://www.who.int/data/gho/indicator-metadata-registry/imr-details/31,,,,PUBLISHED,Published,,2014.0,2014,,AFR,2014,2014,Africa,,NGA,Nigeria,,AGE30-34,30-34 years,,MLE,Male,,,,,,,,80544.45,80544.45000,,,,,
3993,LIFE_0000000033,nLx - person-years lived between ages x and x+n,https://www.who.int/data/gho/indicator-metadata-registry/imr-details/33,,,,PUBLISHED,Published,,2014.0,2014,,AFR,2014,2014,Africa,,NGA,Nigeria,,AGE30-34,30-34 years,,MLE,Male,,,,,,,,395298.8,395298.80000,,,,,
3994,LIFE_0000000031,lx - number of people left alive at age x,https://www.who.int/data/gho/indicator-metadata-registry/imr-details/31,,,,PUBLISHED,Published,,2014.0,2014,,AFR,2014,2014,Africa,,NGA,Nigeria,,AGE35-39,35-39 years,,MLE,Male,,,,,,,,77551.73,77551.73000,,,,,
3995,LIFE_0000000033,nLx - person-years lived between ages x and x+n,https://www.who.int/data/gho/indicator-metadata-registry/imr-details/33,,,,PUBLISHED,Published,,2014.0,2014,,AFR,2014,2014,Africa,,NGA,Nigeria,,AGE35-39,35-39 years,,MLE,Male,,,,,,,,378609.5,378609.50000,,,,,
3996,LIFE_0000000033,nLx - person-years lived between ages x and x+n,https://www.who.int/data/gho/indicator-metadata-registry/imr-details/33,,,,PUBLISHED,Published,,2014.0,2014,,AFR,2014,2014,Africa,,NGA,Nigeria,,AGE40-44,40-44 years,,MLE,Male,,,,,,,,358844.6,358844.60000,,,,,
3997,LIFE_0000000035,ex - expectation of life at age x,https://www.who.int/data/gho/indicator-metadata-registry/imr-details/35,,,,PUBLISHED,Published,,2014.0,2014,,AFR,2014,2014,Africa,,NGA,Nigeria,,AGE40-44,40-44 years,,MLE,Male,,,,,,,,27.3,27.32704,,,,,
3998,LIFE_0000000035,ex - expectation of life at age x,https://www.who.int/data/gho/indicator-metadata-registry/imr-details/35,,,,PUBLISHED,Published,,2014.0,2014,,AFR,2014,2014,Africa,,NGA,Nigeria,,AGE45-49,45-49 years,,MLE,Male,,,,,,,,23.8,23.82432,,,,,
3999,LIFE_0000000030,nqx - probability of dying between ages x and x+n,https://www.who.int/data/gho/indicator-metadata-registry/imr-details/30,,,,PUBLISHED,Published,,2014.0,2014,,AFR,2014,2014,Africa,,NGA,Nigeria,,AGE50-54,50-54 years,,MLE,Male,,,,,,,,0.081,0.08138,,,,,
4000,LIFE_0000000035,ex - expectation of life at age x,https://www.who.int/data/gho/indicator-metadata-registry/imr-details/35,,,,PUBLISHED,Published,,2014.0,2014,,AFR,2014,2014,Africa,,NGA,Nigeria,,AGE50-54,50-54 years,,MLE,Male,,,,,,,,20.3,20.31080,,,,,
4001,LIFE_0000000030,nqx - probability of dying between ages x and x+n,https://www.who.int/data/gho/indicator-metadata-registry/imr-details/30,,,,PUBLISHED,Published,,2014.0,2014,,AFR,2014,2014,Africa,,NGA,Nigeria,,AGE55-59,55-59 years,,MLE,Male,,,,,,,,0.104,0.10397,,,,,
4002,LIFE_0000000030,nqx - probability of dying between ages x and x+n,https://www.who.int/data/gho/indicator-metadata-registry/imr-details/30,,,,PUBLISHED,Published,,2014.0,2014,,AFR,2014,2014,Africa,,NGA,Nigeria,,AGE60-64,60-64 years,,MLE,Male,,,,,,,,0.156,0.15641,,,,,
4003,LIFE_0000000032,ndx - number of people dying between ages x and x+n,https://www.who.int/data/gho/indicator-metadata-registry/imr-details/32,,,,PUBLISHED,Published,,2014.0,2014,,AFR,2014,2014,Africa,,NGA,Nigeria,,AGE60-64,60-64 years,,MLE,Male,,,,,,,,8376.164,8376.16400,,,,,
4004,LIFE_0000000032,ndx - number of people dying between ages x and x+n,https://www.who.int/data/gho/indicator-metadata-registry/imr-details/32,,,,PUBLISHED,Published,,2014.0,2014,,AFR,2014,2014,Africa,,NGA,Nigeria,,AGE65-69,65-69 years,,MLE,Male,,,,,,,,10292.83,10292.83000,,,,,
4005,LIFE_0000000034,Tx - person-years lived above age x,https://www.who.int/data/gho/indicator-metadata-registry/imr-details/34,,,,PUBLISHED,Published,,2014.0,2014,,AFR,2014,2014,Africa,,NGA,Nigeria,,AGE65-69,65-69 years,,MLE,Male,,,,,,,,477254.3,477254.30000,,,,,
4006,LIFE_0000000032,ndx - number of people dying between ages x and x+n,https://www.who.int/data/gho/indicator-metadata-registry/imr-details/32,,,,PUBLISHED,Published,,2014.0,2014,,AFR,2014,2014,Africa,,NGA,Nigeria,,AGE70-74,70-74 years,,MLE,Male,,,,,,,,11998.59,11998.59000,,,,,
4007,LIFE_0000000034,Tx - person-years lived above age x,https://www.who.int/data/gho/indicator-metadata-registry/imr-details/34,,,,PUBLISHED,Published,,2014.0,2014,,AFR,2014,2014,Africa,,NGA,Nigeria,,AGE70-74,70-74 years,,MLE,Male,,,,,,,,276276.8,276276.80000,,,,,
4008,LIFE_0000000034,Tx - person-years lived above age x,https://www.who.int/data/gho/indicator-metadata-registry/imr-details/34,,,,PUBLISHED,Published,,2014.0,2014,,AFR,2014,2014,Africa,,NGA,Nigeria,,AGE75-79,75-79 years,,MLE,Male,,,,,,,,131501.3,131501.30000,,,,,
4009,LIFE_0000000029,nMx - age-specific death rate between ages x and x+n,https://www.who.int/data/gho/indicator-metadata-registry/imr-details/29,,,,PUBLISHED,Published,,2014.0,2014,,AFR,2014,2014,Africa,,NGA,Nigeria,,AGE80-84,80-84 years,,MLE,Male,,,,,,,,0.215,0.21486,,,,,
4010,LIFE_0000000029,nMx - age-specific death rate between ages x and x+n,https://www.who.int/data/gho/indicator-metadata-registry/imr-details/29,,,,PUBLISHED,Published,,2014.0,2014,,AFR,2014,2014,Africa,,NGA,Nigeria,,AGE85PLUS,85+ years,,MLE,Male,,,,,,,,0.347,0.34703,,,,,
4011,LIFE_0000000031,lx - number of people left alive at age x,https://www.who.int/data/gho/indicator-metadata-registry/imr-details/31,,,,PUBLISHED,Published,,2014.0,2014,,AFR,2014,2014,Africa,,NGA,Nigeria,,AGE85PLUS,85+ years,,MLE,Male,,,,,,,,3727.07,3727.07000,,,,,
4012,LIFE_0000000029,nMx - age-specific death rate between ages x and x+n,https://www.who.int/data/gho/indicator-metadata-registry/imr-details/29,,,,PUBLISHED,Published,,2014.0,2014,,AFR,2014,2014,Africa,,NGA,Nigeria,,AGELT1,<1 year,,FMLE,Female,,,,,,,,0.07,0.06982,,,,,
4013,LIFE_0000000031,lx - number of people left alive at age x,https://www.who.int/data/gho/indicator-metadata-registry/imr-details/31,,,,PUBLISHED,Published,,2014.0,2014,,AFR,2014,2014,Africa,,NGA,Nigeria,,AGELT1,<1 year,,FMLE,Female,,,,,,,,100000,100000.00000,,,,,
4014,LIFE_0000000031,lx - number of people left alive at age x,https://www.who.int/data/gho/indicator-metadata-registry/imr-details/31,,,,PUBLISHED,Published,,2014.0,2014,,AFR,2014,2014,Africa,,NGA,Nigeria,,AGE1-4,1-4 years,,FMLE,Female,,,,,,,,93362.66,93362.66000,,,,,
4015,LIFE_0000000033,nLx - person-years lived between ages x and x+n,https://www.who.int/data/gho/indicator-metadata-registry/imr-details/33,,,,PUBLISHED,Published,,2014.0,2014,,AFR,2014,2014,Africa,,NGA,Nigeria,,AGE1-4,1-4 years,,FMLE,Female,,,,,,,,362604.1,362604.10000,,,,,
4016,LIFE_0000000033,nLx - person-years lived between ages x and x+n,https://www.who.int/data/gho/indicator-metadata-registry/imr-details/33,,,,PUBLISHED,Published,,2014.0,2014,,AFR,2014,2014,Africa,,NGA,Nigeria,,AGE5-9,5-9 years,,FMLE,Female,,,,,,,,441841.4,441841.40000,,,,,
4017,LIFE_0000000035,ex - expectation of life at age x,https://www.who.int/data/gho/indicator-metadata-registry/imr-details/35,,,,PUBLISHED,Published,,2014.0,2014,,AFR,2014,2014,Africa,,NGA,Nigeria,,AGE5-9,5-9 years,,FMLE,Female,,,,,,,,56.4,56.37583,,,,,
4018,LIFE_0000000033,nLx - person-years lived between ages x and x+n,https://www.who.int/data/gho/indicator-metadata-registry/imr-details/33,,,,PUBLISHED,Published,,2014.0,2014,,AFR,2014,2014,Africa,,NGA,Nigeria,,AGE10-14,10-14 years,,FMLE,Female,,,,,,,,435856.3,435856.30000,,,,,
4019,LIFE_0000000035,ex - expectation of life at age x,https://www.who.int/data/gho/indicator-metadata-registry/imr-details/35,,,,PUBLISHED,Published,,2014.0,2014,,AFR,2014,2014,Africa,,NGA,Nigeria,,AGE10-14,10-14 years,,FMLE,Female,,,,,,,,52.4,52.36413,,,,,
4020,LIFE_0000000035,ex - expectation of life at age x,https://www.who.int/data/gho/indicator-metadata-registry/imr-details/35,,,,PUBLISHED,Published,,2014.0,2014,,AFR,2014,2014,Africa,,NGA,Nigeria,,AGE15-19,15-19  years,,FMLE,Female,,,,,,,,47.8,47.81678,,,,,
4021,LIFE_0000000030,nqx - probability of dying between ages x and x+n,https://www.who.int/data/gho/indicator-metadata-registry/imr-details/30,,,,PUBLISHED,Published,,2014.0,2014,,AFR,2014,2014,Africa,,NGA,Nigeria,,AGE20-24,20-24 years,,FMLE,Female,,,,,,,,0.027,0.02686,,,,,
4022,LIFE_0000000030,nqx - probability of dying between ages x and x+n,https://www.who.int/data/gho/indicator-metadata-registry/imr-details/30,,,,PUBLISHED,Published,,2014.0,2014,,AFR,2014,2014,Africa,,NGA,Nigeria,,AGE25-29,25-29 years,,FMLE,Female,,,,,,,,0.033,0.03266,,,,,
4023,LIFE_0000000032,ndx - number of people dying between ages x and x+n,https://www.who.int/data/gho/indicator-metadata-registry/imr-details/32,,,,PUBLISHED,Published,,2014.0,2014,,AFR,2014,2014,Africa,,NGA,Nigeria,,AGE25-29,25-29 years,,FMLE,Female,,,,,,,,2700.811,2700.81100,,,,,
4024,LIFE_0000000030,nqx - probability of dying between ages x and x+n,https://www.who.int/data/gho/indicator-metadata-registry/imr-details/30,,,,PUBLISHED,Published,,2014.0,2014,,AFR,2014,2014,Africa,,NGA,Nigeria,,AGE30-34,30-34 years,,FMLE,Female,,,,,,,,0.038,0.03764,,,,,
4025,LIFE_0000000032,ndx - number of people dying between ages x and x+n,https://www.who.int/data/gho/indicator-metadata-registry/imr-details/32,,,,PUBLISHED,Published,,2014.0,2014,,AFR,2014,2014,Africa,,NGA,Nigeria,,AGE30-34,30-34 years,,FMLE,Female,,,,,,,,3010.825,3010.82500,,,,,
4026,LIFE_0000000032,ndx - number of people dying between ages x and x+n,https://www.who.int/data/gho/indicator-metadata-registry/imr-details/32,,,,PUBLISHED,Published,,2014.0,2014,,AFR,2014,2014,Africa,,NGA,Nigeria,,AGE35-39,35-39 years,,FMLE,Female,,,,,,,,3538.944,3538.94400,,,,,
4027,LIFE_0000000034,Tx - person-years lived above age x,https://www.who.int/data/gho/indicator-metadata-registry/imr-details/34,,,,PUBLISHED,Published,,2014.0,2014,,AFR,2014,2014,Africa,,NGA,Nigeria,,AGE35-39,35-39 years,,FMLE,Female,,,,,,,,2501321,2501321.00000,,,,,
4028,LIFE_0000000034,Tx - person-years lived above age x,https://www.who.int/data/gho/indicator-metadata-registry/imr-details/34,,,,PUBLISHED,Published,,2014.0,2014,,AFR,2014,2014,Africa,,NGA,Nigeria,,AGE40-44,40-44 years,,FMLE,Female,,,,,,,,2125229,2125229.00000,,,,,
4029,LIFE_0000000029,nMx - age-specific death rate between ages x and x+n,https://www.who.int/data/gho/indicator-metadata-registry/imr-details/29,,,,PUBLISHED,Published,,2014.0,2014,,AFR,2014,2014,Africa,,NGA,Nigeria,,AGE45-49,45-49 years,,FMLE,Female,,,,,,,,0.01,0.01022,,,,,
4030,LIFE_0000000034,Tx - person-years lived above age x,https://www.who.int/data/gho/indicator-metadata-registry/imr-details/34,,,,PUBLISHED,Published,,2014.0,2014,,AFR,2014,2014,Africa,,NGA,Nigeria,,AGE45-49,45-49 years,,FMLE,Female,,,,,,,,1766806,1766806.00000,,,,,
4031,LIFE_0000000029,nMx - age-specific death rate between ages x and x+n,https://www.who.int/data/gho/indicator-metadata-registry/imr-details/29,,,,PUBLISHED,Published,,2014.0,2014,,AFR,2014,2014,Africa,,NGA,Nigeria,,AGE50-54,50-54 years,,FMLE,Female,,,,,,,,0.013,0.01269,,,,,
4032,LIFE_0000000029,nMx - age-specific death rate between ages x and x+n,https://www.who.int/data/gho/indicator-metadata-registry/imr-details/29,,,,PUBLISHED,Published,,2014.0,2014,,AFR,2014,2014,Africa,,NGA,Nigeria,,AGE55-59,55-59 years,,FMLE,Female,,,,,,,,0.017,0.01672,,,,,
4033,LIFE_0000000031,lx - number of people left alive at age x,https://www.who.int/data/gho/indicator-metadata-registry/imr-details/31,,,,PUBLISHED,Published,,2014.0,2014,,AFR,2014,2014,Africa,,NGA,Nigeria,,AGE55-59,55-59 years,,FMLE,Female,,,,,,,,62330.63,62330.63000,,,,,
4034,LIFE_0000000031,lx - number of people left alive at age x,https://www.who.int/data/gho/indicator-metadata-registry/imr-details/31,,,,PUBLISHED,Published,,2014.0,2014,,AFR,2014,2014,Africa,,NGA,Nigeria,,AGE60-64,60-64 years,,FMLE,Female,,,,,,,,57317.23,57317.23000,,,,,
4035,LIFE_0000000033,nLx - person-years lived between ages x and x+n,https://www.who.int/data/gho/indicator-metadata-registry/imr-details/33,,,,PUBLISHED,Published,,2014.0,2014,,AFR,2014,2014,Africa,,NGA,Nigeria,,AGE60-64,60-64 years,,FMLE,Female,,,,,,,,267823.2,267823.20000,,,,,
4036,LIFE_0000000031,lx - number of people left alive at age x,https://www.who.int/data/gho/indicator-metadata-registry/imr-details/31,,,,PUBLISHED,Published,,2014.0,2014,,AFR,2014,2014,Africa,,NGA,Nigeria,,AGE65-69,65-69 years,,FMLE,Female,,,,,,,,49366.89,49366.89000,,,,,
4037,LIFE_0000000033,nLx - person-years lived between ages x and x+n,https://www.who.int/data/gho/indicator-metadata-registry/imr-details/33,,,,PUBLISHED,Published,,2014.0,2014,,AFR,2014,2014,Africa,,NGA,Nigeria,,AGE65-69,65-69 years,,FMLE,Female,,,,,,,,221634.5,221634.50000,,,,,
4038,LIFE_0000000033,nLx - person-years lived between ages x and x+n,https://www.who.int/data/gho/indicator-metadata-registry/imr-details/33,,,,PUBLISHED,Published,,2014.0,2014,,AFR,2014,2014,Africa,,NGA,Nigeria,,AGE70-74,70-74 years,,FMLE,Female,,,,,,,,162427.5,162427.50000,,,,,
4039,LIFE_0000000035,ex - expectation of life at age x,https://www.who.int/data/gho/indicator-metadata-registry/imr-details/35,,,,PUBLISHED,Published,,2014.0,2014,,AFR,2014,2014,Africa,,NGA,Nigeria,,AGE70-74,70-74 years,,FMLE,Female,,,,,,,,8.1,8.08999,,,,,
4040,LIFE_0000000035,ex - expectation of life at age x,https://www.who.int/data/gho/indicator-metadata-registry/imr-details/35,,,,PUBLISHED,Published,,2014.0,2014,,AFR,2014,2014,Africa,,NGA,Nigeria,,AGE75-79,75-79 years,,FMLE,Female,,,,,,,,5.9,5.86054,,,,,
4041,LIFE_0000000030,nqx - probability of dying between ages x and x+n,https://www.who.int/data/gho/indicator-metadata-registry/imr-details/30,,,,PUBLISHED,Published,,2014.0,2014,,AFR,2014,2014,Africa,,NGA,Nigeria,,AGE80-84,80-84 years,,FMLE,Female,,,,,,,,0.668,0.66804,,,,,
4042,LIFE_0000000035,ex - expectation of life at age x,https://www.who.int/data/gho/indicator-metadata-registry/imr-details/35,,,,PUBLISHED,Published,,2014.0,2014,,AFR,2014,2014,Africa,,NGA,Nigeria,,AGE80-84,80-84 years,,FMLE,Female,,,,,,,,4.1,4.14772,,,,,
4043,LIFE_0000000030,nqx - probability of dying between ages x and x+n,https://www.who.int/data/gho/indicator-metadata-registry/imr-details/30,,,,PUBLISHED,Published,,2014.0,2014,,AFR,2014,2014,Africa,,NGA,Nigeria,,AGE85PLUS,85+ years,,FMLE,Female,,,,,,,,1,1.00000,,,,,
4044,LIFE_0000000032,ndx - number of people dying between ages x and x+n,https://www.who.int/data/gho/indicator-metadata-registry/imr-details/32,,,,PUBLISHED,Published,,2014.0,2014,,AFR,2014,2014,Africa,,NGA,Nigeria,,AGE85PLUS,85+ years,,FMLE,Female,,,,,,,,4389.696,4389.69600,,,,,
4045,LIFE_0000000030,nqx - probability of dying between ages x and x+n,https://www.who.int/data/gho/indicator-metadata-registry/imr-details/30,,,,PUBLISHED,Published,,2015.0,2015,,AFR,2015,2015,Africa,,NGA,Nigeria,,AGELT1,<1 year,,MLE,Male,,,,,,,,0.073,0.07343,,,,,
4046,LIFE_0000000032,ndx - number of people dying between ages x and x+n,https://www.who.int/data/gho/indicator-metadata-registry/imr-details/32,,,,PUBLISHED,Published,,2015.0,2015,,AFR,2015,2015,Africa,,NGA,Nigeria,,AGELT1,<1 year,,MLE,Male,,,,,,,,7342.792,7342.79200,,,,,
4047,LIFE_0000000032,ndx - number of people dying between ages x and x+n,https://www.who.int/data/gho/indicator-metadata-registry/imr-details/32,,,,PUBLISHED,Published,,2015.0,2015,,AFR,2015,2015,Africa,,NGA,Nigeria,,AGE1-4,1-4 years,,MLE,Male,,,,,,,,3797.286,3797.28600,,,,,
4048,LIFE_0000000034,Tx - person-years lived above age x,https://www.who.int/data/gho/indicator-metadata-registry/imr-details/34,,,,PUBLISHED,Published,,2015.0,2015,,AFR,2015,2015,Africa,,NGA,Nigeria,,AGE1-4,1-4 years,,MLE,Male,,,,,,,,5331719,5331719.00000,,,,,
4049,LIFE_0000000032,ndx - number of people dying between ages x and x+n,https://www.who.int/data/gho/indicator-metadata-registry/imr-details/32,,,,PUBLISHED,Published,,2015.0,2015,,AFR,2015,2015,Africa,,NGA,Nigeria,,AGE5-9,5-9 years,,MLE,Male,,,,,,,,1196.262,1196.26200,,,,,
4050,LIFE_0000000034,Tx - person-years lived above age x,https://www.who.int/data/gho/indicator-metadata-registry/imr-details/34,,,,PUBLISHED,Published,,2015.0,2015,,AFR,2015,2015,Africa,,NGA,Nigeria,,AGE5-9,5-9 years,,MLE,Male,,,,,,,,4970837,4970837.00000,,,,,
4051,LIFE_0000000029,nMx - age-specific death rate between ages x and x+n,https://www.who.int/data/gho/indicator-metadata-registry/imr-details/29,,,,PUBLISHED,Published,,2015.0,2015,,AFR,2015,2015,Africa,,NGA,Nigeria,,AGE10-14,10-14 years,,MLE,Male,,,,,,,,0.001,0.00139,,,,,
4052,LIFE_0000000034,Tx - person-years lived above age x,https://www.who.int/data/gho/indicator-metadata-registry/imr-details/34,,,,PUBLISHED,Published,,2015.0,2015,,AFR,2015,2015,Africa,,NGA,Nigeria,,AGE10-14,10-14 years,,MLE,Male,,,,,,,,4529528,4529528.00000,,,,,
4053,LIFE_0000000029,nMx - age-specific death rate between ages x and x+n,https://www.who.int/data/gho/indicator-metadata-registry/imr-details/29,,,,PUBLISHED,Published,,2015.0,2015,,AFR,2015,2015,Africa,,NGA,Nigeria,,AGE15-19,15-19  years,,MLE,Male,,,,,,,,0.003,0.00337,,,,,
4054,LIFE_0000000029,nMx - age-specific death rate between ages x and x+n,https://www.who.int/data/gho/indicator-metadata-registry/imr-details/29,,,,PUBLISHED,Published,,2015.0,2015,,AFR,2015,2015,Africa,,NGA,Nigeria,,AGE20-24,20-24 years,,MLE,Male,,,,,,,,0.005,0.00511,,,,,
4055,LIFE_0000000031,lx - number of people left alive at age x,https://www.who.int/data/gho/indicator-metadata-registry/imr-details/31,,,,PUBLISHED,Published,,2015.0,2015,,AFR,2015,2015,Africa,,NGA,Nigeria,,AGE20-24,20-24 years,,MLE,Male,,,,,,,,85599.81,85599.81000,,,,,
4056,LIFE_0000000031,lx - number of people left alive at age x,https://www.who.int/data/gho/indicator-metadata-registry/imr-details/31,,,,PUBLISHED,Published,,2015.0,2015,,AFR,2015,2015,Africa,,NGA,Nigeria,,AGE25-29,25-29 years,,MLE,Male,,,,,,,,83440.77,83440.77000,,,,,
4057,LIFE_0000000033,nLx - person-years lived between ages x and x+n,https://www.who.int/data/gho/indicator-metadata-registry/imr-details/33,,,,PUBLISHED,Published,,2015.0,2015,,AFR,2015,2015,Africa,,NGA,Nigeria,,AGE25-29,25-29 years,,MLE,Male,,,,,,,,411276.5,411276.50000,,,,,
4058,LIFE_0000000031,lx - number of people left alive at age x,https://www.who.int/data/gho/indicator-metadata-registry/imr-details/31,,,,PUBLISHED,Published,,2015.0,2015,,AFR,2015,2015,Africa,,NGA,Nigeria,,AGE30-34,30-34 years,,MLE,Male,,,,,,,,81055.14,81055.14000,,,,,
4059,LIFE_0000000033,nLx - person-years lived between ages x and x+n,https://www.who.int/data/gho/indicator-metadata-registry/imr-details/33,,,,PUBLISHED,Published,,2015.0,2015,,AFR,2015,2015,Africa,,NGA,Nigeria,,AGE30-34,30-34 years,,MLE,Male,,,,,,,,398046.6,398046.60000,,,,,
4060,LIFE_0000000033,nLx - person-years lived between ages x and x+n,https://www.who.int/data/gho/indicator-metadata-registry/imr-details/33,,,,PUBLISHED,Published,,2015.0,2015,,AFR,2015,2015,Africa,,NGA,Nigeria,,AGE35-39,35-39 years,,MLE,Male,,,,,,,,381776.9,381776.90000,,,,,
4061,LIFE_0000000035,ex - expectation of life at age x,https://www.who.int/data/gho/indicator-metadata-registry/imr-details/35,,,,PUBLISHED,Published,,2015.0,2015,,AFR,2015,2015,Africa,,NGA,Nigeria,,AGE35-39,35-39 years,,MLE,Male,,,,,,,,31.1,31.08420,,,,,
4062,LIFE_0000000035,ex - expectation of life at age x,https://www.who.int/data/gho/indicator-metadata-registry/imr-details/35,,,,PUBLISHED,Published,,2015.0,2015,,AFR,2015,2015,Africa,,NGA,Nigeria,,AGE40-44,40-44 years,,MLE,Male,,,,,,,,27.5,27.47818,,,,,
4063,LIFE_0000000030,nqx - probability of dying between ages x and x+n,https://www.who.int/data/gho/indicator-metadata-registry/imr-details/30,,,,PUBLISHED,Published,,2015.0,2015,,AFR,2015,2015,Africa,,NGA,Nigeria,,AGE45-49,45-49 years,,MLE,Male,,,,,,,,0.064,0.06379,,,,,
4064,LIFE_0000000035,ex - expectation of life at age x,https://www.who.int/data/gho/indicator-metadata-registry/imr-details/35,,,,PUBLISHED,Published,,2015.0,2015,,AFR,2015,2015,Africa,,NGA,Nigeria,,AGE45-49,45-49 years,,MLE,Male,,,,,,,,24,23.95459,,,,,
4065,LIFE_0000000030,nqx - probability of dying between ages x and x+n,https://www.who.int/data/gho/indicator-metadata-registry/imr-details/30,,,,PUBLISHED,Published,,2015.0,2015,,AFR,2015,2015,Africa,,NGA,Nigeria,,AGE50-54,50-54 years,,MLE,Male,,,,,,,,0.08,0.08008,,,,,
4066,LIFE_0000000030,nqx - probability of dying between ages x and x+n,https://www.who.int/data/gho/indicator-metadata-registry/imr-details/30,,,,PUBLISHED,Published,,2015.0,2015,,AFR,2015,2015,Africa,,NGA,Nigeria,,AGE55-59,55-59 years,,MLE,Male,,,,,,,,0.103,0.10287,,,,,
4067,LIFE_0000000032,ndx - number of people dying between ages x and x+n,https://www.who.int/data/gho/indicator-metadata-registry/imr-details/32,,,,PUBLISHED,Published,,2015.0,2015,,AFR,2015,2015,Africa,,NGA,Nigeria,,AGE55-59,55-59 years,,MLE,Male,,,,,,,,6231.333,6231.33300,,,,,
4068,LIFE_0000000032,ndx - number of people dying between ages x and x+n,https://www.who.int/data/gho/indicator-metadata-registry/imr-details/32,,,,PUBLISHED,Published,,2015.0,2015,,AFR,2015,2015,Africa,,NGA,Nigeria,,AGE60-64,60-64 years,,MLE,Male,,,,,,,,8387.076,8387.07600,,,,,
4069,LIFE_0000000034,Tx - person-years lived above age x,https://www.who.int/data/gho/indicator-metadata-registry/imr-details/34,,,,PUBLISHED,Published,,2015.0,2015,,AFR,2015,2015,Africa,,NGA,Nigeria,,AGE60-64,60-64 years,,MLE,Male,,,,,,,,739528.8,739528.80000,,,,,
4070,LIFE_0000000032,ndx - number of people dying between ages x and x+n,https://www.who.int/data/gho/indicator-metadata-registry/imr-details/32,,,,PUBLISHED,Published,,2015.0,2015,,AFR,2015,2015,Africa,,NGA,Nigeria,,AGE65-69,65-69 years,,MLE,Male,,,,,,,,10362.56,10362.56000,,,,,
4071,LIFE_0000000034,Tx - person-years lived above age x,https://www.who.int/data/gho/indicator-metadata-registry/imr-details/34,,,,PUBLISHED,Published,,2015.0,2015,,AFR,2015,2015,Africa,,NGA,Nigeria,,AGE65-69,65-69 years,,MLE,Male,,,,,,,,487917.3,487917.30000,,,,,
4072,LIFE_0000000034,Tx - person-years lived above age x,https://www.who.int/data/gho/indicator-metadata-registry/imr-details/34,,,,PUBLISHED,Published,,2015.0,2015,,AFR,2015,2015,Africa,,NGA,Nigeria,,AGE70-74,70-74 years,,MLE,Male,,,,,,,,283194.6,283194.60000,,,,,
4073,LIFE_0000000029,nMx - age-specific death rate between ages x and x+n,https://www.who.int/data/gho/indicator-metadata-registry/imr-details/29,,,,PUBLISHED,Published,,2015.0,2015,,AFR,2015,2015,Africa,,NGA,Nigeria,,AGE75-79,75-79 years,,MLE,Male,,,,,,,,0.134,0.13400,,,,,
4074,LIFE_0000000029,nMx - age-specific death rate between ages x and x+n,https://www.who.int/data/gho/indicator-metadata-registry/imr-details/29,,,,PUBLISHED,Published,,2015.0,2015,,AFR,2015,2015,Africa,,NGA,Nigeria,,AGE80-84,80-84 years,,MLE,Male,,,,,,,,0.214,0.21396,,,,,
4075,LIFE_0000000031,lx - number of people left alive at age x,https://www.who.int/data/gho/indicator-metadata-registry/imr-details/31,,,,PUBLISHED,Published,,2015.0,2015,,AFR,2015,2015,Africa,,NGA,Nigeria,,AGE80-84,80-84 years,,MLE,Male,,,,,,,,11769.75,11769.75000,,,,,
4076,LIFE_0000000029,nMx - age-specific death rate between ages x and x+n,https://www.who.int/data/gho/indicator-metadata-registry/imr-details/29,,,,PUBLISHED,Published,,2015.0,2015,,AFR,2015,2015,Africa,,NGA,Nigeria,,AGE85PLUS,85+ years,,MLE,Male,,,,,,,,0.346,0.34630,,,,,
4077,LIFE_0000000031,lx - number of people left alive at age x,https://www.who.int/data/gho/indicator-metadata-registry/imr-details/31,,,,PUBLISHED,Published,,2015.0,2015,,AFR,2015,2015,Africa,,NGA,Nigeria,,AGE85PLUS,85+ years,,MLE,Male,,,,,,,,3852.976,3852.97600,,,,,
4078,LIFE_0000000031,lx - number of people left alive at age x,https://www.who.int/data/gho/indicator-metadata-registry/imr-details/31,,,,PUBLISHED,Published,,2015.0,2015,,AFR,2015,2015,Africa,,NGA,Nigeria,,AGELT1,<1 year,,FMLE,Female,,,,,,,,100000,100000.00000,,,,,
4079,LIFE_0000000033,nLx - person-years lived between ages x and x+n,https://www.who.int/data/gho/indicator-metadata-registry/imr-details/33,,,,PUBLISHED,Published,,2015.0,2015,,AFR,2015,2015,Africa,,NGA,Nigeria,,AGELT1,<1 year,,FMLE,Female,,,,,,,,95169.22,95169.22000,,,,,
4080,LIFE_0000000033,nLx - person-years lived between ages x and x+n,https://www.who.int/data/gho/indicator-metadata-registry/imr-details/33,,,,PUBLISHED,Published,,2015.0,2015,,AFR,2015,2015,Africa,,NGA,Nigeria,,AGE1-4,1-4 years,,FMLE,Female,,,,,,,,363856.9,363856.90000,,,,,
4081,LIFE_0000000035,ex - expectation of life at age x,https://www.who.int/data/gho/indicator-metadata-registry/imr-details/35,,,,PUBLISHED,Published,,2015.0,2015,,AFR,2015,2015,Africa,,NGA,Nigeria,,AGE1-4,1-4 years,,FMLE,Female,,,,,,,,58.1,58.09799,,,,,
4082,LIFE_0000000033,nLx - person-years lived between ages x and x+n,https://www.who.int/data/gho/indicator-metadata-registry/imr-details/33,,,,PUBLISHED,Published,,2015.0,2015,,AFR,2015,2015,Africa,,NGA,Nigeria,,AGE5-9,5-9 years,,FMLE,Female,,,,,,,,443812.2,443812.20000,,,,,
4083,LIFE_0000000035,ex - expectation of life at age x,https://www.who.int/data/gho/indicator-metadata-registry/imr-details/35,,,,PUBLISHED,Published,,2015.0,2015,,AFR,2015,2015,Africa,,NGA,Nigeria,,AGE5-9,5-9 years,,FMLE,Female,,,,,,,,56.6,56.64635,,,,,
4084,LIFE_0000000035,ex - expectation of life at age x,https://www.who.int/data/gho/indicator-metadata-registry/imr-details/35,,,,PUBLISHED,Published,,2015.0,2015,,AFR,2015,2015,Africa,,NGA,Nigeria,,AGE10-14,10-14 years,,FMLE,Female,,,,,,,,52.6,52.60236,,,,,
4085,LIFE_0000000030,nqx - probability of dying between ages x and x+n,https://www.who.int/data/gho/indicator-metadata-registry/imr-details/30,,,,PUBLISHED,Published,,2015.0,2015,,AFR,2015,2015,Africa,,NGA,Nigeria,,AGE15-19,15-19  years,,FMLE,Female,,,,,,,,0.021,0.02065,,,,,
4086,LIFE_0000000030,nqx - probability of dying between ages x and x+n,https://www.who.int/data/gho/indicator-metadata-registry/imr-details/30,,,,PUBLISHED,Published,,2015.0,2015,,AFR,2015,2015,Africa,,NGA,Nigeria,,AGE20-24,20-24 years,,FMLE,Female,,,,,,,,0.027,0.02659,,,,,
4087,LIFE_0000000032,ndx - number of people dying between ages x and x+n,https://www.who.int/data/gho/indicator-metadata-registry/imr-details/32,,,,PUBLISHED,Published,,2015.0,2015,,AFR,2015,2015,Africa,,NGA,Nigeria,,AGE20-24,20-24 years,,FMLE,Female,,,,,,,,2271.71,2271.71000,,,,,
4088,LIFE_0000000030,nqx - probability of dying between ages x and x+n,https://www.who.int/data/gho/indicator-metadata-registry/imr-details/30,,,,PUBLISHED,Published,,2015.0,2015,,AFR,2015,2015,Africa,,NGA,Nigeria,,AGE25-29,25-29 years,,FMLE,Female,,,,,,,,0.032,0.03197,,,,,
4089,LIFE_0000000032,ndx - number of people dying between ages x and x+n,https://www.who.int/data/gho/indicator-metadata-registry/imr-details/32,,,,PUBLISHED,Published,,2015.0,2015,,AFR,2015,2015,Africa,,NGA,Nigeria,,AGE25-29,25-29 years,,FMLE,Female,,,,,,,,2657.821,2657.82100,,,,,
4090,LIFE_0000000032,ndx - number of people dying between ages x and x+n,https://www.who.int/data/gho/indicator-metadata-registry/imr-details/32,,,,PUBLISHED,Published,,2015.0,2015,,AFR,2015,2015,Africa,,NGA,Nigeria,,AGE30-34,30-34 years,,FMLE,Female,,,,,,,,2928.506,2928.50600,,,,,
4091,LIFE_0000000034,Tx - person-years lived above age x,https://www.who.int/data/gho/indicator-metadata-registry/imr-details/34,,,,PUBLISHED,Published,,2015.0,2015,,AFR,2015,2015,Africa,,NGA,Nigeria,,AGE30-34,30-34 years,,FMLE,Female,,,,,,,,2927726,2927726.00000,,,,,
4092,LIFE_0000000034,Tx - person-years lived above age x,https://www.who.int/data/gho/indicator-metadata-registry/imr-details/34,,,,PUBLISHED,Published,,2015.0,2015,,AFR,2015,2015,Africa,,NGA,Nigeria,,AGE35-39,35-39 years,,FMLE,Female,,,,,,,,2532574,2532574.00000,,,,,
4093,LIFE_0000000029,nMx - age-specific death rate between ages x and x+n,https://www.who.int/data/gho/indicator-metadata-registry/imr-details/29,,,,PUBLISHED,Published,,2015.0,2015,,AFR,2015,2015,Africa,,NGA,Nigeria,,AGE40-44,40-44 years,,FMLE,Female,,,,,,,,0.01,0.00972,,,,,
4094,LIFE_0000000034,Tx - person-years lived above age x,https://www.who.int/data/gho/indicator-metadata-registry/imr-details/34,,,,PUBLISHED,Published,,2015.0,2015,,AFR,2015,2015,Africa,,NGA,Nigeria,,AGE40-44,40-44 years,,FMLE,Female,,,,,,,,2153360,2153360.00000,,,,,
4095,LIFE_0000000029,nMx - age-specific death rate between ages x and x+n,https://www.who.int/data/gho/indicator-metadata-registry/imr-details/29,,,,PUBLISHED,Published,,2015.0,2015,,AFR,2015,2015,Africa,,NGA,Nigeria,,AGE45-49,45-49 years,,FMLE,Female,,,,,,,,0.01,0.01006,,,,,
4096,LIFE_0000000029,nMx - age-specific death rate between ages x and x+n,https://www.who.int/data/gho/indicator-metadata-registry/imr-details/29,,,,PUBLISHED,Published,,2015.0,2015,,AFR,2015,2015,Africa,,NGA,Nigeria,,AGE50-54,50-54 years,,FMLE,Female,,,,,,,,0.013,0.01256,,,,,
4097,LIFE_0000000031,lx - number of people left alive at age x,https://www.who.int/data/gho/indicator-metadata-registry/imr-details/31,,,,PUBLISHED,Published,,2015.0,2015,,AFR,2015,2015,Africa,,NGA,Nigeria,,AGE50-54,50-54 years,,FMLE,Female,,,,,,,,67125.87,67125.87000,,,,,
4098,LIFE_0000000031,lx - number of people left alive at age x,https://www.who.int/data/gho/indicator-metadata-registry/imr-details/31,,,,PUBLISHED,Published,,2015.0,2015,,AFR,2015,2015,Africa,,NGA,Nigeria,,AGE55-59,55-59 years,,FMLE,Female,,,,,,,,63034.03,63034.03000,,,,,
4099,LIFE_0000000033,nLx - person-years lived between ages x and x+n,https://www.who.int/data/gho/indicator-metadata-registry/imr-details/33,,,,PUBLISHED,Published,,2015.0,2015,,AFR,2015,2015,Africa,,NGA,Nigeria,,AGE55-59,55-59 years,,FMLE,Female,,,,,,,,303280.3,303280.30000,,,,,
4100,LIFE_0000000031,lx - number of people left alive at age x,https://www.who.int/data/gho/indicator-metadata-registry/imr-details/31,,,,PUBLISHED,Published,,2015.0,2015,,AFR,2015,2015,Africa,,NGA,Nigeria,,AGE60-64,60-64 years,,FMLE,Female,,,,,,,,58001.95,58001.95000,,,,,
4101,LIFE_0000000033,nLx - person-years lived between ages x and x+n,https://www.who.int/data/gho/indicator-metadata-registry/imr-details/33,,,,PUBLISHED,Published,,2015.0,2015,,AFR,2015,2015,Africa,,NGA,Nigeria,,AGE60-64,60-64 years,,FMLE,Female,,,,,,,,271293.3,271293.30000,,,,,
4102,LIFE_0000000035,ex - expectation of life at age x,https://www.who.int/data/gho/indicator-metadata-registry/imr-details/35,,,,PUBLISHED,Published,,2015.0,2015,,AFR,2015,2015,Africa,,NGA,Nigeria,,AGE60-64,60-64 years,,FMLE,Female,,,,,,,,14.1,14.10196,,,,,
4103,LIFE_0000000033,nLx - person-years lived between ages x and x+n,https://www.who.int/data/gho/indicator-metadata-registry/imr-details/33,,,,PUBLISHED,Published,,2015.0,2015,,AFR,2015,2015,Africa,,NGA,Nigeria,,AGE65-69,65-69 years,,FMLE,Female,,,,,,,,225094,225094.00000,,,,,
4104,LIFE_0000000035,ex - expectation of life at age x,https://www.who.int/data/gho/indicator-metadata-registry/imr-details/35,,,,PUBLISHED,Published,,2015.0,2015,,AFR,2015,2015,Africa,,NGA,Nigeria,,AGE65-69,65-69 years,,FMLE,Female,,,,,,,,10.9,10.91844,,,,,
4105,LIFE_0000000035,ex - expectation of life at age x,https://www.who.int/data/gho/indicator-metadata-registry/imr-details/35,,,,PUBLISHED,Published,,2015.0,2015,,AFR,2015,2015,Africa,,NGA,Nigeria,,AGE70-74,70-74 years,,FMLE,Female,,,,,,,,8.1,8.13771,,,,,
4106,LIFE_0000000030,nqx - probability of dying between ages x and x+n,https://www.who.int/data/gho/indicator-metadata-registry/imr-details/30,,,,PUBLISHED,Published,,2015.0,2015,,AFR,2015,2015,Africa,,NGA,Nigeria,,AGE75-79,75-79 years,,FMLE,Female,,,,,,,,0.486,0.48636,,,,,
4107,LIFE_0000000035,ex - expectation of life at age x,https://www.who.int/data/gho/indicator-metadata-registry/imr-details/35,,,,PUBLISHED,Published,,2015.0,2015,,AFR,2015,2015,Africa,,NGA,Nigeria,,AGE75-79,75-79 years,,FMLE,Female,,,,,,,,5.9,5.89284,,,,,
4108,LIFE_0000000030,nqx - probability of dying between ages x and x+n,https://www.who.int/data/gho/indicator-metadata-registry/imr-details/30,,,,PUBLISHED,Published,,2015.0,2015,,AFR,2015,2015,Africa,,NGA,Nigeria,,AGE80-84,80-84 years,,FMLE,Female,,,,,,,,0.666,0.66567,,,,,
4109,LIFE_0000000032,ndx - number of people dying between ages x and x+n,https://www.who.int/data/gho/indicator-metadata-registry/imr-details/32,,,,PUBLISHED,Published,,2015.0,2015,,AFR,2015,2015,Africa,,NGA,Nigeria,,AGE80-84,80-84 years,,FMLE,Female,,,,,,,,9050.073,9050.07300,,,,,
4110,LIFE_0000000030,nqx - probability of dying between ages x and x+n,https://www.who.int/data/gho/indicator-metadata-registry/imr-details/30,,,,PUBLISHED,Published,,2015.0,2015,,AFR,2015,2015,Africa,,NGA,Nigeria,,AGE85PLUS,85+ years,,FMLE,Female,,,,,,,,1,1.00000,,,,,
4111,LIFE_0000000032,ndx - number of people dying between ages x and x+n,https://www.who.int/data/gho/indicator-metadata-registry/imr-details/32,,,,PUBLISHED,Published,,2015.0,2015,,AFR,2015,2015,Africa,,NGA,Nigeria,,AGE85PLUS,85+ years,,FMLE,Female,,,,,,,,4545.396,4545.39600,,,,,
4112,LIFE_0000000032,ndx - number of people dying between ages x and x+n,https://www.who.int/data/gho/indicator-metadata-registry/imr-details/32,,,,PUBLISHED,Published,,2016.0,2016,,AFR,2016,2016,Africa,,NGA,Nigeria,,AGELT1,<1 year,,MLE,Male,,,,,,,,7128.072,7128.07200,,,,,
4113,LIFE_0000000034,Tx - person-years lived above age x,https://www.who.int/data/gho/indicator-metadata-registry/imr-details/34,,,,PUBLISHED,Published,,2016.0,2016,,AFR,2016,2016,Africa,,NGA,Nigeria,,AGELT1,<1 year,,MLE,Male,,,,,,,,5467828,5467828.00000,,,,,
4114,LIFE_0000000032,ndx - number of people dying between ages x and x+n,https://www.who.int/data/gho/indicator-metadata-registry/imr-details/32,,,,PUBLISHED,Published,,2016.0,2016,,AFR,2016,2016,Africa,,NGA,Nigeria,,AGE1-4,1-4 years,,MLE,Male,,,,,,,,3634.799,3634.79900,,,,,
4115,LIFE_0000000034,Tx - person-years lived above age x,https://www.who.int/data/gho/indicator-metadata-registry/imr-details/34,,,,PUBLISHED,Published,,2016.0,2016,,AFR,2016,2016,Africa,,NGA,Nigeria,,AGE1-4,1-4 years,,MLE,Male,,,,,,,,5373213,5373213.00000,,,,,
4116,LIFE_0000000029,nMx - age-specific death rate between ages x and x+n,https://www.who.int/data/gho/indicator-metadata-registry/imr-details/29,,,,PUBLISHED,Published,,2016.0,2016,,AFR,2016,2016,Africa,,NGA,Nigeria,,AGE5-9,5-9 years,,MLE,Male,,,,,,,,0.003,0.00260,,,,,
4117,LIFE_0000000034,Tx - person-years lived above age x,https://www.who.int/data/gho/indicator-metadata-registry/imr-details/34,,,,PUBLISHED,Published,,2016.0,2016,,AFR,2016,2016,Africa,,NGA,Nigeria,,AGE5-9,5-9 years,,MLE,Male,,,,,,,,5011026,5011026.00000,,,,,
4118,LIFE_0000000029,nMx - age-specific death rate between ages x and x+n,https://www.who.int/data/gho/indicator-metadata-registry/imr-details/29,,,,PUBLISHED,Published,,2016.0,2016,,AFR,2016,2016,Africa,,NGA,Nigeria,,AGE10-14,10-14 years,,MLE,Male,,,,,,,,0.001,0.00136,,,,,
4119,LIFE_0000000029,nMx - age-specific death rate between ages x and x+n,https://www.who.int/data/gho/indicator-metadata-registry/imr-details/29,,,,PUBLISHED,Published,,2016.0,2016,,AFR,2016,2016,Africa,,NGA,Nigeria,,AGE15-19,15-19  years,,MLE,Male,,,,,,,,0.003,0.00335,,,,,
4120,LIFE_0000000031,lx - number of people left alive at age x,https://www.who.int/data/gho/indicator-metadata-registry/imr-details/31,,,,PUBLISHED,Published,,2016.0,2016,,AFR,2016,2016,Africa,,NGA,Nigeria,,AGE15-19,15-19  years,,MLE,Male,,,,,,,,87489.52,87489.52000,,,,,
4121,LIFE_0000000031,lx - number of people left alive at age x,https://www.who.int/data/gho/indicator-metadata-registry/imr-details/31,,,,PUBLISHED,Published,,2016.0,2016,,AFR,2016,2016,Africa,,NGA,Nigeria,,AGE20-24,20-24 years,,MLE,Male,,,,,,,,86035.28,86035.28000,,,,,
4122,LIFE_0000000033,nLx - person-years lived between ages x and x+n,https://www.who.int/data/gho/indicator-metadata-registry/imr-details/33,,,,PUBLISHED,Published,,2016.0,2016,,AFR,2016,2016,Africa,,NGA,Nigeria,,AGE20-24,20-24 years,,MLE,Male,,,,,,,,424865,424865.00000,,,,,
4123,LIFE_0000000031,lx - number of people left alive at age x,https://www.who.int/data/gho/indicator-metadata-registry/imr-details/31,,,,PUBLISHED,Published,,2016.0,2016,,AFR,2016,2016,Africa,,NGA,Nigeria,,AGE25-29,25-29 years,,MLE,Male,,,,,,,,83883.13,83883.13000,,,,,
4124,LIFE_0000000033,nLx - person-years lived between ages x and x+n,https://www.who.int/data/gho/indicator-metadata-registry/imr-details/33,,,,PUBLISHED,Published,,2016.0,2016,,AFR,2016,2016,Africa,,NGA,Nigeria,,AGE25-29,25-29 years,,MLE,Male,,,,,,,,413568.7,413568.70000,,,,,
4125,LIFE_0000000033,nLx - person-years lived between ages x and x+n,https://www.who.int/data/gho/indicator-metadata-registry/imr-details/33,,,,PUBLISHED,Published,,2016.0,2016,,AFR,2016,2016,Africa,,NGA,Nigeria,,AGE30-34,30-34 years,,MLE,Male,,,,,,,,400565.9,400565.90000,,,,,
4126,LIFE_0000000035,ex - expectation of life at age x,https://www.who.int/data/gho/indicator-metadata-registry/imr-details/35,,,,PUBLISHED,Published,,2016.0,2016,,AFR,2016,2016,Africa,,NGA,Nigeria,,AGE30-34,30-34 years,,MLE,Male,,,,,,,,35,35.03495,,,,,
4127,LIFE_0000000035,ex - expectation of life at age x,https://www.who.int/data/gho/indicator-metadata-registry/imr-details/35,,,,PUBLISHED,Published,,2016.0,2016,,AFR,2016,2016,Africa,,NGA,Nigeria,,AGE35-39,35-39 years,,MLE,Male,,,,,,,,31.2,31.21459,,,,,
4128,LIFE_0000000030,nqx - probability of dying between ages x and x+n,https://www.who.int/data/gho/indicator-metadata-registry/imr-details/30,,,,PUBLISHED,Published,,2016.0,2016,,AFR,2016,2016,Africa,,NGA,Nigeria,,AGE40-44,40-44 years,,MLE,Male,,,,,,,,0.055,0.05485,,,,,
4129,LIFE_0000000035,ex - expectation of life at age x,https://www.who.int/data/gho/indicator-metadata-registry/imr-details/35,,,,PUBLISHED,Published,,2016.0,2016,,AFR,2016,2016,Africa,,NGA,Nigeria,,AGE40-44,40-44 years,,MLE,Male,,,,,,,,27.6,27.57937,,,,,
4130,LIFE_0000000030,nqx - probability of dying between ages x and x+n,https://www.who.int/data/gho/indicator-metadata-registry/imr-details/30,,,,PUBLISHED,Published,,2016.0,2016,,AFR,2016,2016,Africa,,NGA,Nigeria,,AGE45-49,45-49 years,,MLE,Male,,,,,,,,0.063,0.06330,,,,,
4131,LIFE_0000000030,nqx - probability of dying between ages x and x+n,https://www.who.int/data/gho/indicator-metadata-registry/imr-details/30,,,,PUBLISHED,Published,,2016.0,2016,,AFR,2016,2016,Africa,,NGA,Nigeria,,AGE50-54,50-54 years,,MLE,Male,,,,,,,,0.079,0.07950,,,,,
4132,LIFE_0000000032,ndx - number of people dying between ages x and x+n,https://www.who.int/data/gho/indicator-metadata-registry/imr-details/32,,,,PUBLISHED,Published,,2016.0,2016,,AFR,2016,2016,Africa,,NGA,Nigeria,,AGE50-54,50-54 years,,MLE,Male,,,,,,,,5285.728,5285.72800,,,,,
4133,LIFE_0000000032,ndx - number of people dying between ages x and x+n,https://www.who.int/data/gho/indicator-metadata-registry/imr-details/32,,,,PUBLISHED,Published,,2016.0,2016,,AFR,2016,2016,Africa,,NGA,Nigeria,,AGE55-59,55-59 years,,MLE,Male,,,,,,,,6264.468,6264.46800,,,,,
4134,LIFE_0000000034,Tx - person-years lived above age x,https://www.who.int/data/gho/indicator-metadata-registry/imr-details/34,,,,PUBLISHED,Published,,2016.0,2016,,AFR,2016,2016,Africa,,NGA,Nigeria,,AGE55-59,55-59 years,,MLE,Male,,,,,,,,1042032,1042032.00000,,,,,
4135,LIFE_0000000032,ndx - number of people dying between ages x and x+n,https://www.who.int/data/gho/indicator-metadata-registry/imr-details/32,,,,PUBLISHED,Published,,2016.0,2016,,AFR,2016,2016,Africa,,NGA,Nigeria,,AGE60-64,60-64 years,,MLE,Male,,,,,,,,8391.39,8391.39000,,,,,
4136,LIFE_0000000034,Tx - person-years lived above age x,https://www.who.int/data/gho/indicator-metadata-registry/imr-details/34,,,,PUBLISHED,Published,,2016.0,2016,,AFR,2016,2016,Africa,,NGA,Nigeria,,AGE60-64,60-64 years,,MLE,Male,,,,,,,,751009.8,751009.80000,,,,,
4137,LIFE_0000000034,Tx - person-years lived above age x,https://www.who.int/data/gho/indicator-metadata-registry/imr-details/34,,,,PUBLISHED,Published,,2016.0,2016,,AFR,2016,2016,Africa,,NGA,Nigeria,,AGE65-69,65-69 years,,MLE,Male,,,,,,,,496426.7,496426.70000,,,,,
4138,LIFE_0000000029,nMx - age-specific death rate between ages x and x+n,https://www.who.int/data/gho/indicator-metadata-registry/imr-details/29,,,,PUBLISHED,Published,,2016.0,2016,,AFR,2016,2016,Africa,,NGA,Nigeria,,AGE70-74,70-74 years,,MLE,Male,,,,,,,,0.081,0.08145,,,,,
4139,LIFE_0000000029,nMx - age-specific death rate between ages x and x+n,https://www.who.int/data/gho/indicator-metadata-registry/imr-details/29,,,,PUBLISHED,Published,,2016.0,2016,,AFR,2016,2016,Africa,,NGA,Nigeria,,AGE75-79,75-79 years,,MLE,Male,,,,,,,,0.133,0.13314,,,,,
4140,LIFE_0000000031,lx - number of people left alive at age x,https://www.who.int/data/gho/indicator-metadata-registry/imr-details/31,,,,PUBLISHED,Published,,2016.0,2016,,AFR,2016,2016,Africa,,NGA,Nigeria,,AGE75-79,75-79 years,,MLE,Male,,,,,,,,23885.7,23885.70000,,,,,
4141,LIFE_0000000029,nMx - age-specific death rate between ages x and x+n,https://www.who.int/data/gho/indicator-metadata-registry/imr-details/29,,,,PUBLISHED,Published,,2016.0,2016,,AFR,2016,2016,Africa,,NGA,Nigeria,,AGE80-84,80-84 years,,MLE,Male,,,,,,,,0.213,0.21294,,,,,
4142,LIFE_0000000031,lx - number of people left alive at age x,https://www.who.int/data/gho/indicator-metadata-registry/imr-details/31,,,,PUBLISHED,Published,,2016.0,2016,,AFR,2016,2016,Africa,,NGA,Nigeria,,AGE80-84,80-84 years,,MLE,Male,,,,,,,,12046.73,12046.73000,,,,,
4143,LIFE_0000000031,lx - number of people left alive at age x,https://www.who.int/data/gho/indicator-metadata-registry/imr-details/31,,,,PUBLISHED,Published,,2016.0,2016,,AFR,2016,2016,Africa,,NGA,Nigeria,,AGE85PLUS,85+ years,,MLE,Male,,,,,,,,3965.038,3965.03800,,,,,
4144,LIFE_0000000033,nLx - person-years lived between ages x and x+n,https://www.who.int/data/gho/indicator-metadata-registry/imr-details/33,,,,PUBLISHED,Published,,2016.0,2016,,AFR,2016,2016,Africa,,NGA,Nigeria,,AGE85PLUS,85+ years,,MLE,Male,,,,,,,,11475.9,11475.90000,,,,,
4145,LIFE_0000000033,nLx - person-years lived between ages x and x+n,https://www.who.int/data/gho/indicator-metadata-registry/imr-details/33,,,,PUBLISHED,Published,,2016.0,2016,,AFR,2016,2016,Africa,,NGA,Nigeria,,AGELT1,<1 year,,FMLE,Female,,,,,,,,95268.23,95268.23000,,,,,
4146,LIFE_0000000035,ex - expectation of life at age x,https://www.who.int/data/gho/indicator-metadata-registry/imr-details/35,,,,PUBLISHED,Published,,2016.0,2016,,AFR,2016,2016,Africa,,NGA,Nigeria,,AGELT1,<1 year,,FMLE,Female,,,,,,,,55.7,55.71206,,,,,
4147,LIFE_0000000033,nLx - person-years lived between ages x and x+n,https://www.who.int/data/gho/indicator-metadata-registry/imr-details/33,,,,PUBLISHED,Published,,2016.0,2016,,AFR,2016,2016,Africa,,NGA,Nigeria,,AGE1-4,1-4 years,,FMLE,Female,,,,,,,,365123,365123.00000,,,,,
4148,LIFE_0000000035,ex - expectation of life at age x,https://www.who.int/data/gho/indicator-metadata-registry/imr-details/35,,,,PUBLISHED,Published,,2016.0,2016,,AFR,2016,2016,Africa,,NGA,Nigeria,,AGE1-4,1-4 years,,FMLE,Female,,,,,,,,58.4,58.40582,,,,,
4149,LIFE_0000000035,ex - expectation of life at age x,https://www.who.int/data/gho/indicator-metadata-registry/imr-details/35,,,,PUBLISHED,Published,,2016.0,2016,,AFR,2016,2016,Africa,,NGA,Nigeria,,AGE5-9,5-9 years,,FMLE,Female,,,,,,,,56.8,56.83850,,,,,
4150,LIFE_0000000030,nqx - probability of dying between ages x and x+n,https://www.who.int/data/gho/indicator-metadata-registry/imr-details/30,,,,PUBLISHED,Published,,2016.0,2016,,AFR,2016,2016,Africa,,NGA,Nigeria,,AGE10-14,10-14 years,,FMLE,Female,,,,,,,,0.009,0.00851,,,,,
4151,LIFE_0000000030,nqx - probability of dying between ages x and x+n,https://www.who.int/data/gho/indicator-metadata-registry/imr-details/30,,,,PUBLISHED,Published,,2016.0,2016,,AFR,2016,2016,Africa,,NGA,Nigeria,,AGE15-19,15-19  years,,FMLE,Female,,,,,,,,0.021,0.02052,,,,,
4152,LIFE_0000000032,ndx - number of people dying between ages x and x+n,https://www.who.int/data/gho/indicator-metadata-registry/imr-details/32,,,,PUBLISHED,Published,,2016.0,2016,,AFR,2016,2016,Africa,,NGA,Nigeria,,AGE15-19,15-19  years,,FMLE,Female,,,,,,,,1798.99,1798.99000,,,,,
4153,LIFE_0000000030,nqx - probability of dying between ages x and x+n,https://www.who.int/data/gho/indicator-metadata-registry/imr-details/30,,,,PUBLISHED,Published,,2016.0,2016,,AFR,2016,2016,Africa,,NGA,Nigeria,,AGE20-24,20-24 years,,FMLE,Female,,,,,,,,0.026,0.02639,,,,,
4154,LIFE_0000000032,ndx - number of people dying between ages x and x+n,https://www.who.int/data/gho/indicator-metadata-registry/imr-details/32,,,,PUBLISHED,Published,,2016.0,2016,,AFR,2016,2016,Africa,,NGA,Nigeria,,AGE20-24,20-24 years,,FMLE,Female,,,,,,,,2266.518,2266.51800,,,,,
4155,LIFE_0000000032,ndx - number of people dying between ages x and x+n,https://www.who.int/data/gho/indicator-metadata-registry/imr-details/32,,,,PUBLISHED,Published,,2016.0,2016,,AFR,2016,2016,Africa,,NGA,Nigeria,,AGE25-29,25-29 years,,FMLE,Female,,,,,,,,2641.273,2641.27300,,,,,
4156,LIFE_0000000034,Tx - person-years lived above age x,https://www.who.int/data/gho/indicator-metadata-registry/imr-details/34,,,,PUBLISHED,Published,,2016.0,2016,,AFR,2016,2016,Africa,,NGA,Nigeria,,AGE25-29,25-29 years,,FMLE,Female,,,,,,,,3366720,3366720.00000,,,,,
4157,LIFE_0000000034,Tx - person-years lived above age x,https://www.who.int/data/gho/indicator-metadata-registry/imr-details/34,,,,PUBLISHED,Published,,2016.0,2016,,AFR,2016,2016,Africa,,NGA,Nigeria,,AGE30-34,30-34 years,,FMLE,Female,,,,,,,,2955237,2955237.00000,,,,,
4158,LIFE_0000000029,nMx - age-specific death rate between ages x and x+n,https://www.who.int/data/gho/indicator-metadata-registry/imr-details/29,,,,PUBLISHED,Published,,2016.0,2016,,AFR,2016,2016,Africa,,NGA,Nigeria,,AGE35-39,35-39 years,,FMLE,Female,,,,,,,,0.009,0.00894,,,,,
4159,LIFE_0000000034,Tx - person-years lived above age x,https://www.who.int/data/gho/indicator-metadata-registry/imr-details/34,,,,PUBLISHED,Published,,2016.0,2016,,AFR,2016,2016,Africa,,NGA,Nigeria,,AGE35-39,35-39 years,,FMLE,Female,,,,,,,,2557591,2557591.00000,,,,,
4160,LIFE_0000000029,nMx - age-specific death rate between ages x and x+n,https://www.who.int/data/gho/indicator-metadata-registry/imr-details/29,,,,PUBLISHED,Published,,2016.0,2016,,AFR,2016,2016,Africa,,NGA,Nigeria,,AGE40-44,40-44 years,,FMLE,Female,,,,,,,,0.01,0.00961,,,,,
4161,LIFE_0000000029,nMx - age-specific death rate between ages x and x+n,https://www.who.int/data/gho/indicator-metadata-registry/imr-details/29,,,,PUBLISHED,Published,,2016.0,2016,,AFR,2016,2016,Africa,,NGA,Nigeria,,AGE45-49,45-49 years,,FMLE,Female,,,,,,,,0.01,0.01008,,,,,
4162,LIFE_0000000031,lx - number of people left alive at age x,https://www.who.int/data/gho/indicator-metadata-registry/imr-details/31,,,,PUBLISHED,Published,,2016.0,2016,,AFR,2016,2016,Africa,,NGA,Nigeria,,AGE45-49,45-49 years,,FMLE,Female,,,,,,,,71161.39,71161.39000,,,,,
4163,LIFE_0000000031,lx - number of people left alive at age x,https://www.who.int/data/gho/indicator-metadata-registry/imr-details/31,,,,PUBLISHED,Published,,2016.0,2016,,AFR,2016,2016,Africa,,NGA,Nigeria,,AGE50-54,50-54 years,,FMLE,Female,,,,,,,,67661.59,67661.59000,,,,,
4164,LIFE_0000000033,nLx - person-years lived between ages x and x+n,https://www.who.int/data/gho/indicator-metadata-registry/imr-details/33,,,,PUBLISHED,Published,,2016.0,2016,,AFR,2016,2016,Africa,,NGA,Nigeria,,AGE50-54,50-54 years,,FMLE,Female,,,,,,,,328461.6,328461.60000,,,,,
4165,LIFE_0000000031,lx - number of people left alive at age x,https://www.who.int/data/gho/indicator-metadata-registry/imr-details/31,,,,PUBLISHED,Published,,2016.0,2016,,AFR,2016,2016,Africa,,NGA,Nigeria,,AGE55-59,55-59 years,,FMLE,Female,,,,,,,,63551.43,63551.43000,,,,,
4166,LIFE_0000000033,nLx - person-years lived between ages x and x+n,https://www.who.int/data/gho/indicator-metadata-registry/imr-details/33,,,,PUBLISHED,Published,,2016.0,2016,,AFR,2016,2016,Africa,,NGA,Nigeria,,AGE55-59,55-59 years,,FMLE,Female,,,,,,,,305820.6,305820.60000,,,,,
4167,LIFE_0000000035,ex - expectation of life at age x,https://www.who.int/data/gho/indicator-metadata-registry/imr-details/35,,,,PUBLISHED,Published,,2016.0,2016,,AFR,2016,2016,Africa,,NGA,Nigeria,,AGE55-59,55-59 years,,FMLE,Female,,,,,,,,17.9,17.86486,,,,,
4168,LIFE_0000000033,nLx - person-years lived between ages x and x+n,https://www.who.int/data/gho/indicator-metadata-registry/imr-details/33,,,,PUBLISHED,Published,,2016.0,2016,,AFR,2016,2016,Africa,,NGA,Nigeria,,AGE60-64,60-64 years,,FMLE,Female,,,,,,,,273859,273859.00000,,,,,
4169,LIFE_0000000035,ex - expectation of life at age x,https://www.who.int/data/gho/indicator-metadata-registry/imr-details/35,,,,PUBLISHED,Published,,2016.0,2016,,AFR,2016,2016,Africa,,NGA,Nigeria,,AGE60-64,60-64 years,,FMLE,Female,,,,,,,,14.2,14.18037,,,,,
4170,LIFE_0000000035,ex - expectation of life at age x,https://www.who.int/data/gho/indicator-metadata-registry/imr-details/35,,,,PUBLISHED,Published,,2016.0,2016,,AFR,2016,2016,Africa,,NGA,Nigeria,,AGE65-69,65-69 years,,FMLE,Female,,,,,,,,11,10.98262,,,,,
4171,LIFE_0000000030,nqx - probability of dying between ages x and x+n,https://www.who.int/data/gho/indicator-metadata-registry/imr-details/30,,,,PUBLISHED,Published,,2016.0,2016,,AFR,2016,2016,Africa,,NGA,Nigeria,,AGE70-74,70-74 years,,FMLE,Female,,,,,,,,0.327,0.32712,,,,,
4172,LIFE_0000000035,ex - expectation of life at age x,https://www.who.int/data/gho/indicator-metadata-registry/imr-details/35,,,,PUBLISHED,Published,,2016.0,2016,,AFR,2016,2016,Africa,,NGA,Nigeria,,AGE70-74,70-74 years,,FMLE,Female,,,,,,,,8.2,8.18651,,,,,
4173,LIFE_0000000030,nqx - probability of dying between ages x and x+n,https://www.who.int/data/gho/indicator-metadata-registry/imr-details/30,,,,PUBLISHED,Published,,2016.0,2016,,AFR,2016,2016,Africa,,NGA,Nigeria,,AGE75-79,75-79 years,,FMLE,Female,,,,,,,,0.483,0.48320,,,,,
4174,LIFE_0000000032,ndx - number of people dying between ages x and x+n,https://www.who.int/data/gho/indicator-metadata-registry/imr-details/32,,,,PUBLISHED,Published,,2016.0,2016,,AFR,2016,2016,Africa,,NGA,Nigeria,,AGE75-79,75-79 years,,FMLE,Female,,,,,,,,13022.02,13022.02000,,,,,
4175,LIFE_0000000030,nqx - probability of dying between ages x and x+n,https://www.who.int/data/gho/indicator-metadata-registry/imr-details/30,,,,PUBLISHED,Published,,2016.0,2016,,AFR,2016,2016,Africa,,NGA,Nigeria,,AGE80-84,80-84 years,,FMLE,Female,,,,,,,,0.663,0.66313,,,,,
4176,LIFE_0000000032,ndx - number of people dying between ages x and x+n,https://www.who.int/data/gho/indicator-metadata-registry/imr-details/32,,,,PUBLISHED,Published,,2016.0,2016,,AFR,2016,2016,Africa,,NGA,Nigeria,,AGE80-84,80-84 years,,FMLE,Female,,,,,,,,9235.703,9235.70300,,,,,
4177,LIFE_0000000032,ndx - number of people dying between ages x and x+n,https://www.who.int/data/gho/indicator-metadata-registry/imr-details/32,,,,PUBLISHED,Published,,2016.0,2016,,AFR,2016,2016,Africa,,NGA,Nigeria,,AGE85PLUS,85+ years,,FMLE,Female,,,,,,,,4691.833,4691.83300,,,,,
4178,LIFE_0000000034,Tx - person-years lived above age x,https://www.who.int/data/gho/indicator-metadata-registry/imr-details/34,,,,PUBLISHED,Published,,2016.0,2016,,AFR,2016,2016,Africa,,NGA,Nigeria,,AGE85PLUS,85+ years,,FMLE,Female,,,,,,,,14077.39,14077.39000,,,,,
4179,WHOSIS_000004,Adult mortality rate (probability of dying between 15 and 60 years per 1000 population),https://www.who.int/data/gho/indicator-metadata-registry/imr-details/64,,,,PUBLISHED,Published,,2000.0,2000,,AFR,2000,2000,Africa,,NGA,Nigeria,,,,,FMLE,Female,,,,,,,,388,388.39380,,,,,
4180,WHOSIS_000004,Adult mortality rate (probability of dying between 15 and 60 years per 1000 population),https://www.who.int/data/gho/indicator-metadata-registry/imr-details/64,,,,PUBLISHED,Published,,2001.0,2001,,AFR,2001,2001,Africa,,NGA,Nigeria,,,,,MLE,Male,,,,,,,,430,430.31980,,,,,
4181,WHOSIS_000004,Adult mortality rate (probability of dying between 15 and 60 years per 1000 population),https://www.who.int/data/gho/indicator-metadata-registry/imr-details/64,,,,PUBLISHED,Published,,2003.0,2003,,AFR,2003,2003,Africa,,NGA,Nigeria,,,,,FMLE,Female,,,,,,,,398,397.89740,,,,,
4182,WHOSIS_000004,Adult mortality rate (probability of dying between 15 and 60 years per 1000 population),https://www.who.int/data/gho/indicator-metadata-registry/imr-details/64,,,,PUBLISHED,Published,,2004.0,2004,,AFR,2004,2004,Africa,,NGA,Nigeria,,,,,MLE,Male,,,,,,,,428,428.44020,,,,,
4183,WHOSIS_000004,Adult mortality rate (probability of dying between 15 and 60 years per 1000 population),https://www.who.int/data/gho/indicator-metadata-registry/imr-details/64,,,,PUBLISHED,Published,,2005.0,2005,,AFR,2005,2005,Africa,,NGA,Nigeria,,,,,BTSX,Both sexes,,,,,,,,402,402.31410,,,,,
4184,WHOSIS_000004,Adult mortality rate (probability of dying between 15 and 60 years per 1000 population),https://www.who.int/data/gho/indicator-metadata-registry/imr-details/64,,,,PUBLISHED,Published,,2006.0,2006,,AFR,2006,2006,Africa,,NGA,Nigeria,,,,,FMLE,Female,,,,,,,,379,379.20730,,,,,
4185,WHOSIS_000004,Adult mortality rate (probability of dying between 15 and 60 years per 1000 population),https://www.who.int/data/gho/indicator-metadata-registry/imr-details/64,,,,PUBLISHED,Published,,2008.0,2008,,AFR,2008,2008,Africa,,NGA,Nigeria,,,,,BTSX,Both sexes,,,,,,,,385,385.45560,,,,,
4186,WHOSIS_000004,Adult mortality rate (probability of dying between 15 and 60 years per 1000 population),https://www.who.int/data/gho/indicator-metadata-registry/imr-details/64,,,,PUBLISHED,Published,,2009.0,2009,,AFR,2009,2009,Africa,,NGA,Nigeria,,,,,FMLE,Female,,,,,,,,366,365.83040,,,,,
4187,WHOSIS_000004,Adult mortality rate (probability of dying between 15 and 60 years per 1000 population),https://www.who.int/data/gho/indicator-metadata-registry/imr-details/64,,,,PUBLISHED,Published,,2011.0,2011,,AFR,2011,2011,Africa,,NGA,Nigeria,,,,,BTSX,Both sexes,,,,,,,,376,376.31270,,,,,
4188,WHOSIS_000004,Adult mortality rate (probability of dying between 15 and 60 years per 1000 population),https://www.who.int/data/gho/indicator-metadata-registry/imr-details/64,,,,PUBLISHED,Published,,2012.0,2012,,AFR,2012,2012,Africa,,NGA,Nigeria,,,,,FMLE,Female,,,,,,,,359,358.92130,,,,,
4189,WHOSIS_000004,Adult mortality rate (probability of dying between 15 and 60 years per 1000 population),https://www.who.int/data/gho/indicator-metadata-registry/imr-details/64,,,,PUBLISHED,Published,,2014.0,2014,,AFR,2014,2014,Africa,,NGA,Nigeria,,,,,MLE,Male,,,,,,,,382,381.65220,,,,,
4190,WHOSIS_000004,Adult mortality rate (probability of dying between 15 and 60 years per 1000 population),https://www.who.int/data/gho/indicator-metadata-registry/imr-details/64,,,,PUBLISHED,Published,,2014.0,2014,,AFR,2014,2014,Africa,,NGA,Nigeria,,,,,BTSX,Both sexes,,,,,,,,361,360.61480,,,,,
4191,WHS2_131,Age-standardized NCD mortality rate  (per 100 000 population),https://www.who.int/data/gho/indicator-metadata-registry/imr-details/78,,,,PUBLISHED,Published,,2000.0,2000,,AFR,2000,2000,Africa,,NGA,Nigeria,,,,,MLE,Male,,GHE060,Noncommunicable diseases,,,,,862.8,862.75140,,,,,
4192,WHS2_131,Age-standardized NCD mortality rate  (per 100 000 population),https://www.who.int/data/gho/indicator-metadata-registry/imr-details/78,,,,PUBLISHED,Published,,2000.0,2000,,AFR,2000,2000,Africa,,NGA,Nigeria,,,,,BTSX,Both sexes,,GHE060,Noncommunicable diseases,,,,,889.9,889.89920,,,,,
4193,WHS2_131,Age-standardized NCD mortality rate  (per 100 000 population),https://www.who.int/data/gho/indicator-metadata-registry/imr-details/78,,,,PUBLISHED,Published,,2015.0,2015,,AFR,2015,2015,Africa,,NGA,Nigeria,,,,,FMLE,Female,,GHE060,Noncommunicable diseases,,,,,831.1,831.14390,,,,,
4194,WHS2_131,Age-standardized NCD mortality rate  (per 100 000 population),https://www.who.int/data/gho/indicator-metadata-registry/imr-details/78,,,,PUBLISHED,Published,,2016.0,2016,,AFR,2016,2016,Africa,,NGA,Nigeria,,,,,MLE,Male,,GHE060,Noncommunicable diseases,,,,,793.3,793.33050,,,,,
4195,WHS2_131,Age-standardized NCD mortality rate  (per 100 000 population),https://www.who.int/data/gho/indicator-metadata-registry/imr-details/78,,,,PUBLISHED,Published,,2016.0,2016,,AFR,2016,2016,Africa,,NGA,Nigeria,,,,,BTSX,Both sexes,,GHE060,Noncommunicable diseases,,,,,813.3,813.26590,,,,,
4196,MORT_300,Distribution of causes of death among children aged < 5 years (%),https://www.who.int/data/gho/indicator-metadata-registry/imr-details/89,,,,PUBLISHED,Published,,2000.0,2000,,AFR,2000,2000,Africa,,NGA,Nigeria,,DAYS0-27,0-27 days,,,,,,,,CH2,HIV/AIDSHIV/AIDS,,0,0.00086,,,,,
4197,MORT_200,Deaths per 1 000 live births,https://www.who.int/data/gho/indicator-metadata-registry/imr-details/3366,,,,PUBLISHED,Published,,2000.0,2000,,AFR,2000,2000,Africa,,NGA,Nigeria,,MONTHS1-59,1-59 months,,,,,,,,CH2,HIV/AIDSHIV/AIDS,,4.1,4.10382,,,,,
4198,MORT_300,Distribution of causes of death among children aged < 5 years (%),https://www.who.int/data/gho/indicator-metadata-registry/imr-details/89,,,,PUBLISHED,Published,,2000.0,2000,,AFR,2000,2000,Africa,,NGA,Nigeria,,DAYS0-27,0-27 days,,,,,,,,CH3,Diarrhoeal diseasesDiarrhoeal diseases,,0,0.01124,,,,,
4199,MORT_200,Deaths per 1 000 live births,https://www.who.int/data/gho/indicator-metadata-registry/imr-details/3366,,,,PUBLISHED,Published,,2000.0,2000,,AFR,2000,2000,Africa,,NGA,Nigeria,,MONTHS1-59,1-59 months,,,,,,,,CH3,Diarrhoeal diseasesDiarrhoeal diseases,,24.1,24.05593,,,,,
4200,MORT_300,Distribution of causes of death among children aged < 5 years (%),https://www.who.int/data/gho/indicator-metadata-registry/imr-details/89,,,,PUBLISHED,Published,,2000.0,2000,,AFR,2000,2000,Africa,,NGA,Nigeria,,DAYS0-27,0-27 days,,,,,,,,CH5,TetanusTetanus,,0.1,0.07176,,,,,
4201,MORT_200,Deaths per 1 000 live births,https://www.who.int/data/gho/indicator-metadata-registry/imr-details/3366,,,,PUBLISHED,Published,,2000.0,2000,,AFR,2000,2000,Africa,,NGA,Nigeria,,MONTHS1-59,1-59 months,,,,,,,,CH5,TetanusTetanus,,0,0.02352,,,,,
4202,MORT_100,Number of deaths,https://www.who.int/data/gho/indicator-metadata-registry/imr-details/3365,,,,PUBLISHED,Published,,2000.0,2000,,AFR,2000,2000,Africa,,NGA,Nigeria,,DAYS0-27,0-27 days,,,,,,,,CH6,MeaslesMeasles,,0,0.00000,,,,,
4203,MORT_300,Distribution of causes of death among children aged < 5 years (%),https://www.who.int/data/gho/indicator-metadata-registry/imr-details/89,,,,PUBLISHED,Published,,2000.0,2000,,AFR,2000,2000,Africa,,NGA,Nigeria,,DAYS0-27,0-27 days,,,,,,,,CH6,MeaslesMeasles,,0,0.00000,,,,,
4204,MORT_100,Number of deaths,https://www.who.int/data/gho/indicator-metadata-registry/imr-details/3365,,,,PUBLISHED,Published,,2000.0,2000,,AFR,2000,2000,Africa,,NGA,Nigeria,,DAYS0-27,0-27 days,,,,,,,,CH7,Meningitis/encephalitisMeningitis/encephalitis,,3680,3680.34200,,,,,
4205,MORT_100,Number of deaths,https://www.who.int/data/gho/indicator-metadata-registry/imr-details/3365,CH3,Diarrhoeal diseasesDiarrhoeal diseases,,PUBLISHED,Published,,2013.0,2013,,AFR,2013,2013,Africa,,NGA,Nigeria,,YEARS0-4,0-4 years,,BTSX,Both sexes,,,,,,,,76938,76937.99000,,,,,
4206,MORT_100,Number of deaths,https://www.who.int/data/gho/indicator-metadata-registry/imr-details/3365,CH4,Pertussis,,PUBLISHED,Published,,2013.0,2013,,AFR,2013,2013,Africa,,NGA,Nigeria,,MONTHS1-59,1-59 months,,BTSX,Both sexes,,,,,,,,9115,9115.20700,,,,,
4207,MORT_100,Number of deaths,https://www.who.int/data/gho/indicator-metadata-registry/imr-details/3365,CH8,MalariaMalaria,,PUBLISHED,Published,,2013.0,2013,,AFR,2013,2013,Africa,,NGA,Nigeria,,YEARS0-4,0-4 years,,BTSX,Both sexes,,,,,,,,166102,166102.00000,,,,,
4208,MORT_100,Number of deaths,https://www.who.int/data/gho/indicator-metadata-registry/imr-details/3365,CH9,Acute lower respiratory infectionsAcute lower respiratory infections,,PUBLISHED,Published,,2013.0,2013,,AFR,2013,2013,Africa,,NGA,Nigeria,,MONTHS1-59,1-59 months,,BTSX,Both sexes,,,,,,,,103086,103085.60000,,,,,
4209,MORT_100,Number of deaths,https://www.who.int/data/gho/indicator-metadata-registry/imr-details/3365,CH10,PrematurityPrematurity,,PUBLISHED,Published,,2013.0,2013,,AFR,2013,2013,Africa,,NGA,Nigeria,,DAYS0-27,0-27 days,,BTSX,Both sexes,,,,,,,,85715,85714.65000,,,,,
4210,MORT_100,Number of deaths,https://www.who.int/data/gho/indicator-metadata-registry/imr-details/3365,CH15,Congenital anomaliesCongenital anomalies,,PUBLISHED,Published,,2013.0,2013,,AFR,2013,2013,Africa,,NGA,Nigeria,,MONTHS1-59,1-59 months,,BTSX,Both sexes,,,,,,,,12949,12948.70000,,,,,
4211,MORT_100,Number of deaths,https://www.who.int/data/gho/indicator-metadata-registry/imr-details/3365,CH16,Other noncommunicable diseasesOther noncommunicable diseases,,PUBLISHED,Published,,2013.0,2013,,AFR,2013,2013,Africa,,NGA,Nigeria,,DAYS0-27,0-27 days,,BTSX,Both sexes,,,,,,,,383,382.98490,,,,,
4212,MORT_100,Number of deaths,https://www.who.int/data/gho/indicator-metadata-registry/imr-details/3365,CH3,Diarrhoeal diseasesDiarrhoeal diseases,,PUBLISHED,Published,,2000.0,2000,,AFR,2000,2000,Africa,,NGA,Nigeria,,MONTHS1-59,1-59 months,,BTSX,Both sexes,,,,,,,,112169,112169.30000,,,,,
4213,MORT_100,Number of deaths,https://www.who.int/data/gho/indicator-metadata-registry/imr-details/3365,CH4,Pertussis,,PUBLISHED,Published,,2000.0,2000,,AFR,2000,2000,Africa,,NGA,Nigeria,,DAYS0-27,0-27 days,,BTSX,Both sexes,,,,,,,,311,311.00000,,,,,
4214,MORT_100,Number of deaths,https://www.who.int/data/gho/indicator-metadata-registry/imr-details/3365,CH9,Acute lower respiratory infectionsAcute lower respiratory infections,,PUBLISHED,Published,,2000.0,2000,,AFR,2000,2000,Africa,,NGA,Nigeria,,DAYS0-27,0-27 days,,BTSX,Both sexes,,,,,,,,23536,23535.99000,,,,,
4215,MORT_100,Number of deaths,https://www.who.int/data/gho/indicator-metadata-registry/imr-details/3365,CH9,Acute lower respiratory infectionsAcute lower respiratory infections,,PUBLISHED,Published,,2000.0,2000,,AFR,2000,2000,Africa,,NGA,Nigeria,,YEARS0-4,0-4 years,,BTSX,Both sexes,,,,,,,,124790,124790.40000,,,,,
4216,MORT_100,Number of deaths,https://www.who.int/data/gho/indicator-metadata-registry/imr-details/3365,CH15,Congenital anomaliesCongenital anomalies,,PUBLISHED,Published,,2000.0,2000,,AFR,2000,2000,Africa,,NGA,Nigeria,,YEARS0-4,0-4 years,,BTSX,Both sexes,,,,,,,,19018,19017.91000,,,,,
4217,MORT_100,Number of deaths,https://www.who.int/data/gho/indicator-metadata-registry/imr-details/3365,CH16,Other noncommunicable diseasesOther noncommunicable diseases,,PUBLISHED,Published,,2000.0,2000,,AFR,2000,2000,Africa,,NGA,Nigeria,,MONTHS1-59,1-59 months,,BTSX,Both sexes,,,,,,,,16095,16094.69000,,,,,
4218,MORT_100,Number of deaths,https://www.who.int/data/gho/indicator-metadata-registry/imr-details/3365,CH2,HIV/AIDSHIV/AIDS,,PUBLISHED,Published,,2001.0,2001,,AFR,2001,2001,Africa,,NGA,Nigeria,,DAYS0-27,0-27 days,,BTSX,Both sexes,,,,,,,,222,221.66000,,,,,
4219,MORT_100,Number of deaths,https://www.who.int/data/gho/indicator-metadata-registry/imr-details/3365,CH7,Meningitis/encephalitisMeningitis/encephalitis,,PUBLISHED,Published,,2001.0,2001,,AFR,2001,2001,Africa,,NGA,Nigeria,,DAYS0-27,0-27 days,,BTSX,Both sexes,,,,,,,,0,0.00000,,,,,
4220,MORT_100,Number of deaths,https://www.who.int/data/gho/indicator-metadata-registry/imr-details/3365,CH7,Meningitis/encephalitisMeningitis/encephalitis,,PUBLISHED,Published,,2001.0,2001,,AFR,2001,2001,Africa,,NGA,Nigeria,,YEARS0-4,0-4 years,,BTSX,Both sexes,,,,,,,,36825,36825.11000,,,,,
4221,MORT_100,Number of deaths,https://www.who.int/data/gho/indicator-metadata-registry/imr-details/3365,CH12,Sepsis and other infectious conditions of the newbornSepsis and other infectious conditions of the newborn,,PUBLISHED,Published,,2001.0,2001,,AFR,2001,2001,Africa,,NGA,Nigeria,,YEARS0-4,0-4 years,,BTSX,Both sexes,,,,,,,,30455,30455.19000,,,,,
4222,MORT_100,Number of deaths,https://www.who.int/data/gho/indicator-metadata-registry/imr-details/3365,CH13,"Other communicable, perinatal and nutritional conditionsOther communicable, perinatal and nutritional conditions",,PUBLISHED,Published,,2001.0,2001,,AFR,2001,2001,Africa,,NGA,Nigeria,,MONTHS1-59,1-59 months,,BTSX,Both sexes,,,,,,,,46600,46599.63000,,,,,
4223,MORT_100,Number of deaths,https://www.who.int/data/gho/indicator-metadata-registry/imr-details/3365,CH5,TetanusTetanus,,PUBLISHED,Published,,2002.0,2002,,AFR,2002,2002,Africa,,NGA,Nigeria,,DAYS0-27,0-27 days,,BTSX,Both sexes,,,,,,,,16479,16478.86000,,,,,
4224,MORT_100,Number of deaths,https://www.who.int/data/gho/indicator-metadata-registry/imr-details/3365,CH10,PrematurityPrematurity,,PUBLISHED,Published,,2002.0,2002,,AFR,2002,2002,Africa,,NGA,Nigeria,,YEARS0-4,0-4 years,,BTSX,Both sexes,,,,,,,,81012,81011.98000,,,,,
4225,MORT_100,Number of deaths,https://www.who.int/data/gho/indicator-metadata-registry/imr-details/3365,CH11,Birth asphyxia and birth traumaBirth asphyxia and birth trauma,,PUBLISHED,Published,,2002.0,2002,,AFR,2002,2002,Africa,,NGA,Nigeria,,MONTHS1-59,1-59 months,,BTSX,Both sexes,,,,,,,,5337,5337.04800,,,,,
4226,MORT_100,Number of deaths,https://www.who.int/data/gho/indicator-metadata-registry/imr-details/3365,CH17,InjuriesInjuries,,PUBLISHED,Published,,2002.0,2002,,AFR,2002,2002,Africa,,NGA,Nigeria,,MONTHS1-59,1-59 months,,BTSX,Both sexes,,,,,,,,25407,25407.16000,,,,,
4227,MORT_100,Number of deaths,https://www.who.int/data/gho/indicator-metadata-registry/imr-details/3365,CH13,"Other communicable, perinatal and nutritional conditionsOther communicable, perinatal and nutritional conditions",,PUBLISHED,Published,,2003.0,2003,,AFR,2003,2003,Africa,,NGA,Nigeria,,YEARS0-4,0-4 years,,BTSX,Both sexes,,,,,,,,57325,57325.07000,,,,,
4228,MORT_100,Number of deaths,https://www.who.int/data/gho/indicator-metadata-registry/imr-details/3365,CH15,Congenital anomaliesCongenital anomalies,,PUBLISHED,Published,,2003.0,2003,,AFR,2003,2003,Africa,,NGA,Nigeria,,MONTHS1-59,1-59 months,,BTSX,Both sexes,,,,,,,,7388,7387.82100,,,,,
4229,MORT_100,Number of deaths,https://www.who.int/data/gho/indicator-metadata-registry/imr-details/3365,CH16,Other noncommunicable diseasesOther noncommunicable diseases,,PUBLISHED,Published,,2003.0,2003,,AFR,2003,2003,Africa,,NGA,Nigeria,,DAYS0-27,0-27 days,,BTSX,Both sexes,,,,,,,,285,285.43840,,,,,
4230,MORT_100,Number of deaths,https://www.who.int/data/gho/indicator-metadata-registry/imr-details/3365,CH6,MeaslesMeasles,,PUBLISHED,Published,,2004.0,2004,,AFR,2004,2004,Africa,,NGA,Nigeria,,YEARS0-4,0-4 years,,BTSX,Both sexes,,,,,,,,39144,39144.48000,,,,,
4231,MORT_100,Number of deaths,https://www.who.int/data/gho/indicator-metadata-registry/imr-details/3365,CH7,Meningitis/encephalitisMeningitis/encephalitis,,PUBLISHED,Published,,2004.0,2004,,AFR,2004,2004,Africa,,NGA,Nigeria,,MONTHS1-59,1-59 months,,BTSX,Both sexes,,,,,,,,34020,34019.83000,,,,,
4232,MORT_100,Number of deaths,https://www.who.int/data/gho/indicator-metadata-registry/imr-details/3365,CH11,Birth asphyxia and birth traumaBirth asphyxia and birth trauma,,PUBLISHED,Published,,2004.0,2004,,AFR,2004,2004,Africa,,NGA,Nigeria,,YEARS0-4,0-4 years,,BTSX,Both sexes,,,,,,,,83609,83609.19000,,,,,
4233,MORT_100,Number of deaths,https://www.who.int/data/gho/indicator-metadata-registry/imr-details/3365,CH12,Sepsis and other infectious conditions of the newbornSepsis and other infectious conditions of the newborn,,PUBLISHED,Published,,2004.0,2004,,AFR,2004,2004,Africa,,NGA,Nigeria,,MONTHS1-59,1-59 months,,BTSX,Both sexes,,,,,,,,0,0.00000,,,,,
4234,MORT_100,Number of deaths,https://www.who.int/data/gho/indicator-metadata-registry/imr-details/3365,CH13,"Other communicable, perinatal and nutritional conditionsOther communicable, perinatal and nutritional conditions",,PUBLISHED,Published,,2004.0,2004,,AFR,2004,2004,Africa,,NGA,Nigeria,,DAYS0-27,0-27 days,,BTSX,Both sexes,,,,,,,,11392,11391.71000,,,,,
4235,MORT_100,Number of deaths,https://www.who.int/data/gho/indicator-metadata-registry/imr-details/3365,CH4,Pertussis,,PUBLISHED,Published,,2005.0,2005,,AFR,2005,2005,Africa,,NGA,Nigeria,,YEARS0-4,0-4 years,,BTSX,Both sexes,,,,,,,,8117,8117.00000,,,,,
4236,MORT_100,Number of deaths,https://www.who.int/data/gho/indicator-metadata-registry/imr-details/3365,CH5,TetanusTetanus,,PUBLISHED,Published,,2005.0,2005,,AFR,2005,2005,Africa,,NGA,Nigeria,,MONTHS1-59,1-59 months,,BTSX,Both sexes,,,,,,,,95,94.73233,,,,,
4237,MORT_100,Number of deaths,https://www.who.int/data/gho/indicator-metadata-registry/imr-details/3365,CH9,Acute lower respiratory infectionsAcute lower respiratory infections,,PUBLISHED,Published,,2005.0,2005,,AFR,2005,2005,Africa,,NGA,Nigeria,,YEARS0-4,0-4 years,,BTSX,Both sexes,,,,,,,,121378,121378.20000,,,,,
4238,MORT_100,Number of deaths,https://www.who.int/data/gho/indicator-metadata-registry/imr-details/3365,CH10,PrematurityPrematurity,,PUBLISHED,Published,,2005.0,2005,,AFR,2005,2005,Africa,,NGA,Nigeria,,MONTHS1-59,1-59 months,,BTSX,Both sexes,,,,,,,,9529,9528.54800,,,,,
4239,MORT_100,Number of deaths,https://www.who.int/data/gho/indicator-metadata-registry/imr-details/3365,CH11,Birth asphyxia and birth traumaBirth asphyxia and birth trauma,,PUBLISHED,Published,,2007.0,2007,,AFR,2007,2007,Africa,,NGA,Nigeria,,MONTHS1-59,1-59 months,,BTSX,Both sexes,,,,,,,,5773,5772.60700,,,,,
4240,MORT_100,Number of deaths,https://www.who.int/data/gho/indicator-metadata-registry/imr-details/3365,CH12,Sepsis and other infectious conditions of the newbornSepsis and other infectious conditions of the newborn,,PUBLISHED,Published,,2007.0,2007,,AFR,2007,2007,Africa,,NGA,Nigeria,,DAYS0-27,0-27 days,,BTSX,Both sexes,,,,,,,,36049,36049.36000,,,,,
4241,MORT_100,Number of deaths,https://www.who.int/data/gho/indicator-metadata-registry/imr-details/3365,CH3,Diarrhoeal diseasesDiarrhoeal diseases,,PUBLISHED,Published,,2008.0,2008,,AFR,2008,2008,Africa,,NGA,Nigeria,,YEARS0-4,0-4 years,,BTSX,Both sexes,,,,,,,,83354,83353.58000,,,,,
4242,MORT_100,Number of deaths,https://www.who.int/data/gho/indicator-metadata-registry/imr-details/3365,CH4,Pertussis,,PUBLISHED,Published,,2008.0,2008,,AFR,2008,2008,Africa,,NGA,Nigeria,,MONTHS1-59,1-59 months,,BTSX,Both sexes,,,,,,,,7777,7777.00000,,,,,
4243,MORT_100,Number of deaths,https://www.who.int/data/gho/indicator-metadata-registry/imr-details/3365,CH16,Other noncommunicable diseasesOther noncommunicable diseases,,PUBLISHED,Published,,2008.0,2008,,AFR,2008,2008,Africa,,NGA,Nigeria,,DAYS0-27,0-27 days,,BTSX,Both sexes,,,,,,,,340,339.56910,,,,,
4244,MORT_100,Number of deaths,https://www.who.int/data/gho/indicator-metadata-registry/imr-details/3365,CH16,Other noncommunicable diseasesOther noncommunicable diseases,,PUBLISHED,Published,,2008.0,2008,,AFR,2008,2008,Africa,,NGA,Nigeria,,YEARS0-4,0-4 years,,BTSX,Both sexes,,,,,,,,16307,16306.81000,,,,,
4245,MORT_100,Number of deaths,https://www.who.int/data/gho/indicator-metadata-registry/imr-details/3365,CH2,HIV/AIDSHIV/AIDS,,PUBLISHED,Published,,2009.0,2009,,AFR,2009,2009,Africa,,NGA,Nigeria,,MONTHS1-59,1-59 months,,BTSX,Both sexes,,,,,,,,27176,27176.49000,,,,,
4246,MORT_100,Number of deaths,https://www.who.int/data/gho/indicator-metadata-registry/imr-details/3365,CH7,Meningitis/encephalitisMeningitis/encephalitis,,PUBLISHED,Published,,2009.0,2009,,AFR,2009,2009,Africa,,NGA,Nigeria,,MONTHS1-59,1-59 months,,BTSX,Both sexes,,,,,,,,31193,31193.03000,,,,,
4247,MORT_100,Number of deaths,https://www.who.int/data/gho/indicator-metadata-registry/imr-details/3365,CH8,MalariaMalaria,,PUBLISHED,Published,,2009.0,2009,,AFR,2009,2009,Africa,,NGA,Nigeria,,DAYS0-27,0-27 days,,BTSX,Both sexes,,,,,,,,0,0.00000,,,,,
4248,MORT_100,Number of deaths,https://www.who.int/data/gho/indicator-metadata-registry/imr-details/3365,CH13,"Other communicable, perinatal and nutritional conditionsOther communicable, perinatal and nutritional conditions",,PUBLISHED,Published,,2009.0,2009,,AFR,2009,2009,Africa,,NGA,Nigeria,,DAYS0-27,0-27 days,,BTSX,Both sexes,,,,,,,,11223,11223.34000,,,,,
4249,MORT_100,Number of deaths,https://www.who.int/data/gho/indicator-metadata-registry/imr-details/3365,CH13,"Other communicable, perinatal and nutritional conditionsOther communicable, perinatal and nutritional conditions",,PUBLISHED,Published,,2009.0,2009,,AFR,2009,2009,Africa,,NGA,Nigeria,,YEARS0-4,0-4 years,,BTSX,Both sexes,,,,,,,,59054,59053.74000,,,,,
4250,MORT_100,Number of deaths,https://www.who.int/data/gho/indicator-metadata-registry/imr-details/3365,CH5,TetanusTetanus,,PUBLISHED,Published,,2010.0,2010,,AFR,2010,2010,Africa,,NGA,Nigeria,,MONTHS1-59,1-59 months,,BTSX,Both sexes,,,,,,,,71,71.29325,,,,,
4251,MORT_100,Number of deaths,https://www.who.int/data/gho/indicator-metadata-registry/imr-details/3365,CH6,MeaslesMeasles,,PUBLISHED,Published,,2010.0,2010,,AFR,2010,2010,Africa,,NGA,Nigeria,,DAYS0-27,0-27 days,,BTSX,Both sexes,,,,,,,,0,0.00000,,,,,
4252,MORT_100,Number of deaths,https://www.who.int/data/gho/indicator-metadata-registry/imr-details/3365,CH11,Birth asphyxia and birth traumaBirth asphyxia and birth trauma,,PUBLISHED,Published,,2010.0,2010,,AFR,2010,2010,Africa,,NGA,Nigeria,,DAYS0-27,0-27 days,,BTSX,Both sexes,,,,,,,,81403,81402.95000,,,,,
4253,MORT_100,Number of deaths,https://www.who.int/data/gho/indicator-metadata-registry/imr-details/3365,CH11,Birth asphyxia and birth traumaBirth asphyxia and birth trauma,,PUBLISHED,Published,,2010.0,2010,,AFR,2010,2010,Africa,,NGA,Nigeria,,YEARS0-4,0-4 years,,BTSX,Both sexes,,,,,,,,88298,88298.33000,,,,,
4254,MORT_100,Number of deaths,https://www.who.int/data/gho/indicator-metadata-registry/imr-details/3365,CH17,InjuriesInjuries,,PUBLISHED,Published,,2010.0,2010,,AFR,2010,2010,Africa,,NGA,Nigeria,,YEARS0-4,0-4 years,,BTSX,Both sexes,,,,,,,,34059,34058.71000,,,,,
4255,MORT_100,Number of deaths,https://www.who.int/data/gho/indicator-metadata-registry/imr-details/3365,CH2,HIV/AIDSHIV/AIDS,,PUBLISHED,Published,,2012.0,2012,,AFR,2012,2012,Africa,,NGA,Nigeria,,DAYS0-27,0-27 days,,BTSX,Both sexes,,,,,,,,240,239.81000,,,,,
4256,MORT_100,Number of deaths,https://www.who.int/data/gho/indicator-metadata-registry/imr-details/3365,CH10,PrematurityPrematurity,,PUBLISHED,Published,,2008.0,2008,,AFR,2008,2008,Africa,,NGA,Nigeria,,DAYS0-27,0-27 days,,BTSX,Both sexes,,,,,,,,74606,74606.03000,,,,,
4257,MORT_100,Number of deaths,https://www.who.int/data/gho/indicator-metadata-registry/imr-details/3365,CH9,Acute lower respiratory infectionsAcute lower respiratory infections,,PUBLISHED,Published,,2008.0,2008,,AFR,2008,2008,Africa,,NGA,Nigeria,,MONTHS1-59,1-59 months,,BTSX,Both sexes,,,,,,,,100688,100687.60000,,,,,
4258,MORT_100,Number of deaths,https://www.who.int/data/gho/indicator-metadata-registry/imr-details/3365,CH9,Acute lower respiratory infectionsAcute lower respiratory infections,,PUBLISHED,Published,,2003.0,2003,,AFR,2003,2003,Africa,,NGA,Nigeria,,MONTHS1-59,1-59 months,,BTSX,Both sexes,,,,,,,,100837,100837.30000,,,,,
4259,MORT_100,Number of deaths,https://www.who.int/data/gho/indicator-metadata-registry/imr-details/3365,CH3,Diarrhoeal diseasesDiarrhoeal diseases,,PUBLISHED,Published,,2003.0,2003,,AFR,2003,2003,Africa,,NGA,Nigeria,,YEARS0-4,0-4 years,,BTSX,Both sexes,,,,,,,,102796,102795.50000,,,,,
4260,MORT_100,Number of deaths,https://www.who.int/data/gho/indicator-metadata-registry/imr-details/3365,CH3,Diarrhoeal diseasesDiarrhoeal diseases,,PUBLISHED,Published,,2003.0,2003,,AFR,2003,2003,Africa,,NGA,Nigeria,,DAYS0-27,0-27 days,,BTSX,Both sexes,,,,,,,,3326,3325.72500,,,,,
4261,MORT_100,Number of deaths,https://www.who.int/data/gho/indicator-metadata-registry/imr-details/3365,CH13,"Other communicable, perinatal and nutritional conditionsOther communicable, perinatal and nutritional conditions",,PUBLISHED,Published,,2012.0,2012,,AFR,2012,2012,Africa,,NGA,Nigeria,,MONTHS1-59,1-59 months,,BTSX,Both sexes,,,,,,,,51313,51312.85000,,,,,
4262,MORT_100,Number of deaths,https://www.who.int/data/gho/indicator-metadata-registry/imr-details/3365,CH12,Sepsis and other infectious conditions of the newbornSepsis and other infectious conditions of the newborn,,PUBLISHED,Published,,2012.0,2012,,AFR,2012,2012,Africa,,NGA,Nigeria,,YEARS0-4,0-4 years,,BTSX,Both sexes,,,,,,,,39068,39067.71000,,,,,
4263,MORT_100,Number of deaths,https://www.who.int/data/gho/indicator-metadata-registry/imr-details/3365,CH7,Meningitis/encephalitisMeningitis/encephalitis,,PUBLISHED,Published,,2012.0,2012,,AFR,2012,2012,Africa,,NGA,Nigeria,,YEARS0-4,0-4 years,,BTSX,Both sexes,,,,,,,,29969,29969.06000,,,,,
4264,MORT_100,Number of deaths,https://www.who.int/data/gho/indicator-metadata-registry/imr-details/3365,CH7,Meningitis/encephalitisMeningitis/encephalitis,,PUBLISHED,Published,,2012.0,2012,,AFR,2012,2012,Africa,,NGA,Nigeria,,DAYS0-27,0-27 days,,BTSX,Both sexes,,,,,,,,0,0.00000,,,,,
4265,MORT_100,Number of deaths,https://www.who.int/data/gho/indicator-metadata-registry/imr-details/3365,CH17,InjuriesInjuries,,PUBLISHED,Published,,2005.0,2005,,AFR,2005,2005,Africa,,NGA,Nigeria,,DAYS0-27,0-27 days,,BTSX,Both sexes,,,,,,,,3299,3298.94000,,,,,
4266,MORT_100,Number of deaths,https://www.who.int/data/gho/indicator-metadata-registry/imr-details/3365,CH16,Other noncommunicable diseasesOther noncommunicable diseases,,PUBLISHED,Published,,2005.0,2005,,AFR,2005,2005,Africa,,NGA,Nigeria,,MONTHS1-59,1-59 months,,BTSX,Both sexes,,,,,,,,15662,15661.59000,,,,,
4267,MORT_100,Number of deaths,https://www.who.int/data/gho/indicator-metadata-registry/imr-details/3365,CH16,Other noncommunicable diseasesOther noncommunicable diseases,,PUBLISHED,Published,,2011.0,2011,,AFR,2011,2011,Africa,,NGA,Nigeria,,MONTHS1-59,1-59 months,,BTSX,Both sexes,,,,,,,,18011,18011.15000,,,,,
4268,MORT_100,Number of deaths,https://www.who.int/data/gho/indicator-metadata-registry/imr-details/3365,CH15,Congenital anomaliesCongenital anomalies,,PUBLISHED,Published,,2011.0,2011,,AFR,2011,2011,Africa,,NGA,Nigeria,,YEARS0-4,0-4 years,,BTSX,Both sexes,,,,,,,,23445,23444.96000,,,,,
4269,MORT_100,Number of deaths,https://www.who.int/data/gho/indicator-metadata-registry/imr-details/3365,CH9,Acute lower respiratory infectionsAcute lower respiratory infections,,PUBLISHED,Published,,2011.0,2011,,AFR,2011,2011,Africa,,NGA,Nigeria,,YEARS0-4,0-4 years,,BTSX,Both sexes,,,,,,,,131691,131690.70000,,,,,
4270,MORT_100,Number of deaths,https://www.who.int/data/gho/indicator-metadata-registry/imr-details/3365,CH4,Pertussis,,PUBLISHED,Published,,2011.0,2011,,AFR,2011,2011,Africa,,NGA,Nigeria,,DAYS0-27,0-27 days,,BTSX,Both sexes,,,,,,,,394,394.00000,,,,,
4271,MORT_100,Number of deaths,https://www.who.int/data/gho/indicator-metadata-registry/imr-details/3365,CH3,Diarrhoeal diseasesDiarrhoeal diseases,,PUBLISHED,Published,,2011.0,2011,,AFR,2011,2011,Africa,,NGA,Nigeria,,MONTHS1-59,1-59 months,,BTSX,Both sexes,,,,,,,,80022,80022.39000,,,,,
4272,MORT_100,Number of deaths,https://www.who.int/data/gho/indicator-metadata-registry/imr-details/3365,CH3,Diarrhoeal diseasesDiarrhoeal diseases,,PUBLISHED,Published,,2006.0,2006,,AFR,2006,2006,Africa,,NGA,Nigeria,,MONTHS1-59,1-59 months,,BTSX,Both sexes,,,,,,,,86430,86429.87000,,,,,
4273,MORT_100,Number of deaths,https://www.who.int/data/gho/indicator-metadata-registry/imr-details/3365,CH2,HIV/AIDSHIV/AIDS,,PUBLISHED,Published,,2006.0,2006,,AFR,2006,2006,Africa,,NGA,Nigeria,,YEARS0-4,0-4 years,,BTSX,Both sexes,,,,,,,,29095,29095.00000,,,,,
4274,MORT_100,Number of deaths,https://www.who.int/data/gho/indicator-metadata-registry/imr-details/3365,CH6,MeaslesMeasles,,PUBLISHED,Published,,2007.0,2007,,AFR,2007,2007,Africa,,NGA,Nigeria,,MONTHS1-59,1-59 months,,BTSX,Both sexes,,,,,,,,5511,5510.74700,,,,,
4275,MORT_100,Number of deaths,https://www.who.int/data/gho/indicator-metadata-registry/imr-details/3365,CH5,TetanusTetanus,,PUBLISHED,Published,,2007.0,2007,,AFR,2007,2007,Africa,,NGA,Nigeria,,YEARS0-4,0-4 years,,BTSX,Both sexes,,,,,,,,13175,13174.75000,,,,,
4276,MORT_100,Number of deaths,https://www.who.int/data/gho/indicator-metadata-registry/imr-details/3365,CH15,Congenital anomaliesCongenital anomalies,,PUBLISHED,Published,,2006.0,2006,,AFR,2006,2006,Africa,,NGA,Nigeria,,DAYS0-27,0-27 days,,BTSX,Both sexes,,,,,,,,11307,11306.83000,,,,,
4277,MORT_100,Number of deaths,https://www.who.int/data/gho/indicator-metadata-registry/imr-details/3365,CH13,"Other communicable, perinatal and nutritional conditionsOther communicable, perinatal and nutritional conditions",,PUBLISHED,Published,,2006.0,2006,,AFR,2006,2006,Africa,,NGA,Nigeria,,MONTHS1-59,1-59 months,,BTSX,Both sexes,,,,,,,,44848,44847.73000,,,,,
4278,MORT_100,Number of deaths,https://www.who.int/data/gho/indicator-metadata-registry/imr-details/3365,CH8,MalariaMalaria,,PUBLISHED,Published,,2006.0,2006,,AFR,2006,2006,Africa,,NGA,Nigeria,,MONTHS1-59,1-59 months,,BTSX,Both sexes,,,,,,,,238509,238508.70000,,,,,
4279,MORT_100,Number of deaths,https://www.who.int/data/gho/indicator-metadata-registry/imr-details/3365,CH7,Meningitis/encephalitisMeningitis/encephalitis,,PUBLISHED,Published,,2006.0,2006,,AFR,2006,2006,Africa,,NGA,Nigeria,,YEARS0-4,0-4 years,,BTSX,Both sexes,,,,,,,,31989,31988.51000,,,,,
4280,WHOSIS_000015,Life expectancy at age 60 (years),https://www.who.int/data/gho/indicator-metadata-registry/imr-details/2977,,,,PUBLISHED,Published,,2007.0,2007,,AFR,2007,2007,Africa,,NGA,Nigeria,,,,,MLE,Male,,,,,,,,13.1,13.13795,,,,,WHO life table method: Other HIV countries
4281,WHOSIS_000015,Life expectancy at age 60 (years),https://www.who.int/data/gho/indicator-metadata-registry/imr-details/2977,,,,PUBLISHED,Published,,2008.0,2008,,AFR,2008,2008,Africa,,NGA,Nigeria,,,,,MLE,Male,,,,,,,,13.2,13.20664,,,,,WHO life table method: Other HIV countries
4282,WHOSIS_000015,Life expectancy at age 60 (years),https://www.who.int/data/gho/indicator-metadata-registry/imr-details/2977,,,,PUBLISHED,Published,,2009.0,2009,,AFR,2009,2009,Africa,,NGA,Nigeria,,,,,MLE,Male,,,,,,,,13.3,13.26785,,,,,WHO life table method: Other HIV countries
4283,WHOSIS_000015,Life expectancy at age 60 (years),https://www.who.int/data/gho/indicator-metadata-registry/imr-details/2977,,,,PUBLISHED,Published,,2010.0,2010,,AFR,2010,2010,Africa,,NGA,Nigeria,,,,,MLE,Male,,,,,,,,13.3,13.31758,,,,,WHO life table method: Other HIV countries
4284,WHOSIS_000015,Life expectancy at age 60 (years),https://www.who.int/data/gho/indicator-metadata-registry/imr-details/2977,,,,PUBLISHED,Published,,2011.0,2011,,AFR,2011,2011,Africa,,NGA,Nigeria,,,,,MLE,Male,,,,,,,,13.4,13.36091,,,,,WHO life table method: Other HIV countries
4285,WHOSIS_000015,Life expectancy at age 60 (years),https://www.who.int/data/gho/indicator-metadata-registry/imr-details/2977,,,,PUBLISHED,Published,,2006.0,2006,,AFR,2006,2006,Africa,,NGA,Nigeria,,,,,FMLE,Female,,,,,,,,13.4,13.42138,,,,,WHO life table method: Other HIV countries
4286,WHOSIS_000015,Life expectancy at age 60 (years),https://www.who.int/data/gho/indicator-metadata-registry/imr-details/2977,,,,PUBLISHED,Published,,2007.0,2007,,AFR,2007,2007,Africa,,NGA,Nigeria,,,,,FMLE,Female,,,,,,,,13.5,13.53647,,,,,WHO life table method: Other HIV countries
4287,WHOSIS_000015,Life expectancy at age 60 (years),https://www.who.int/data/gho/indicator-metadata-registry/imr-details/2977,,,,PUBLISHED,Published,,2008.0,2008,,AFR,2008,2008,Africa,,NGA,Nigeria,,,,,FMLE,Female,,,,,,,,13.6,13.61379,,,,,WHO life table method: Other HIV countries
4288,WHOSIS_000015,Life expectancy at age 60 (years),https://www.who.int/data/gho/indicator-metadata-registry/imr-details/2977,,,,PUBLISHED,Published,,2009.0,2009,,AFR,2009,2009,Africa,,NGA,Nigeria,,,,,FMLE,Female,,,,,,,,13.7,13.68251,,,,,WHO life table method: Other HIV countries
4289,WHOSIS_000015,Life expectancy at age 60 (years),https://www.who.int/data/gho/indicator-metadata-registry/imr-details/2977,,,,PUBLISHED,Published,,2005.0,2005,,AFR,2005,2005,Africa,,NGA,Nigeria,,,,,BTSX,Both sexes,,,,,,,,13.1,13.10129,,,,,WHO life table method: Other HIV countries
4290,WHOSIS_000015,Life expectancy at age 60 (years),https://www.who.int/data/gho/indicator-metadata-registry/imr-details/2977,,,,PUBLISHED,Published,,2006.0,2006,,AFR,2006,2006,Africa,,NGA,Nigeria,,,,,BTSX,Both sexes,,,,,,,,13.2,13.22781,,,,,WHO life table method: Other HIV countries
4291,WHOSIS_000015,Life expectancy at age 60 (years),https://www.who.int/data/gho/indicator-metadata-registry/imr-details/2977,,,,PUBLISHED,Published,,2007.0,2007,,AFR,2007,2007,Africa,,NGA,Nigeria,,,,,BTSX,Both sexes,,,,,,,,13.3,13.34281,,,,,WHO life table method: Other HIV countries
4292,WHOSIS_000015,Life expectancy at age 60 (years),https://www.who.int/data/gho/indicator-metadata-registry/imr-details/2977,,,,PUBLISHED,Published,,2008.0,2008,,AFR,2008,2008,Africa,,NGA,Nigeria,,,,,BTSX,Both sexes,,,,,,,,13.4,13.41574,,,,,WHO life table method: Other HIV countries
4293,LIFE_0000000031,lx - number of people left alive at age x,https://www.who.int/data/gho/indicator-metadata-registry/imr-details/31,,,,PUBLISHED,Published,,2000.0,2000,,AFR,2000,2000,Africa,,NGA,Nigeria,,AGE1-4,1-4 years,,MLE,Male,,,,,,,,87877.8,87877.80000,,,,,
4294,LIFE_0000000032,ndx - number of people dying between ages x and x+n,https://www.who.int/data/gho/indicator-metadata-registry/imr-details/32,,,,PUBLISHED,Published,,2000.0,2000,,AFR,2000,2000,Africa,,NGA,Nigeria,,AGE1-4,1-4 years,,MLE,Male,,,,,,,,7296.665,7296.66500,,,,,
4295,LIFE_0000000033,nLx - person-years lived between ages x and x+n,https://www.who.int/data/gho/indicator-metadata-registry/imr-details/33,,,,PUBLISHED,Published,,2000.0,2000,,AFR,2000,2000,Africa,,NGA,Nigeria,,AGE1-4,1-4 years,,MLE,Male,,,,,,,,332189.7,332189.70000,,,,,
4296,LIFE_0000000034,Tx - person-years lived above age x,https://www.who.int/data/gho/indicator-metadata-registry/imr-details/34,,,,PUBLISHED,Published,,2000.0,2000,,AFR,2000,2000,Africa,,NGA,Nigeria,,AGE1-4,1-4 years,,MLE,Male,,,,,,,,4598647,4598647.00000,,,,,
4297,LIFE_0000000034,Tx - person-years lived above age x,https://www.who.int/data/gho/indicator-metadata-registry/imr-details/34,,,,PUBLISHED,Published,,2000.0,2000,,AFR,2000,2000,Africa,,NGA,Nigeria,,AGE10-14,10-14 years,,MLE,Male,,,,,,,,3868262,3868262.00000,,,,,
4298,LIFE_0000000035,ex - expectation of life at age x,https://www.who.int/data/gho/indicator-metadata-registry/imr-details/35,,,,PUBLISHED,Published,,2000.0,2000,,AFR,2000,2000,Africa,,NGA,Nigeria,,AGE10-14,10-14 years,,MLE,Male,,,,,,,,49.2,49.15387,,,,,
4299,LIFE_0000000029,nMx - age-specific death rate between ages x and x+n,https://www.who.int/data/gho/indicator-metadata-registry/imr-details/29,,,,PUBLISHED,Published,,2000.0,2000,,AFR,2000,2000,Africa,,NGA,Nigeria,,AGE15-19,15-19  years,,MLE,Male,,,,,,,,0.004,0.00423,,,,,
4300,LIFE_0000000030,nqx - probability of dying between ages x and x+n,https://www.who.int/data/gho/indicator-metadata-registry/imr-details/30,,,,PUBLISHED,Published,,2000.0,2000,,AFR,2000,2000,Africa,,NGA,Nigeria,,AGE15-19,15-19  years,,MLE,Male,,,,,,,,0.021,0.02094,,,,,
4301,LIFE_0000000029,nMx - age-specific death rate between ages x and x+n,https://www.who.int/data/gho/indicator-metadata-registry/imr-details/29,,,,PUBLISHED,Published,,2000.0,2000,,AFR,2000,2000,Africa,,NGA,Nigeria,,AGE25-29,25-29 years,,MLE,Male,,,,,,,,0.008,0.00808,,,,,
4302,LIFE_0000000030,nqx - probability of dying between ages x and x+n,https://www.who.int/data/gho/indicator-metadata-registry/imr-details/30,,,,PUBLISHED,Published,,2000.0,2000,,AFR,2000,2000,Africa,,NGA,Nigeria,,AGE25-29,25-29 years,,MLE,Male,,,,,,,,0.04,0.03958,,,,,
4303,LIFE_0000000031,lx - number of people left alive at age x,https://www.who.int/data/gho/indicator-metadata-registry/imr-details/31,,,,PUBLISHED,Published,,2000.0,2000,,AFR,2000,2000,Africa,,NGA,Nigeria,,AGE25-29,25-29 years,,MLE,Male,,,,,,,,73790.95,73790.95000,,,,,
4304,LIFE_0000000032,ndx - number of people dying between ages x and x+n,https://www.who.int/data/gho/indicator-metadata-registry/imr-details/32,,,,PUBLISHED,Published,,2000.0,2000,,AFR,2000,2000,Africa,,NGA,Nigeria,,AGE25-29,25-29 years,,MLE,Male,,,,,,,,2920.964,2920.96400,,,,,
4305,LIFE_0000000033,nLx - person-years lived between ages x and x+n,https://www.who.int/data/gho/indicator-metadata-registry/imr-details/33,,,,PUBLISHED,Published,,2000.0,2000,,AFR,2000,2000,Africa,,NGA,Nigeria,,AGE25-29,25-29 years,,MLE,Male,,,,,,,,361666.3,361666.30000,,,,,
4306,LIFE_0000000032,ndx - number of people dying between ages x and x+n,https://www.who.int/data/gho/indicator-metadata-registry/imr-details/32,,,,PUBLISHED,Published,,2000.0,2000,,AFR,2000,2000,Africa,,NGA,Nigeria,,AGE35-39,35-39 years,,MLE,Male,,,,,,,,3673.497,3673.49700,,,,,
4307,LIFE_0000000033,nLx - person-years lived between ages x and x+n,https://www.who.int/data/gho/indicator-metadata-registry/imr-details/33,,,,PUBLISHED,Published,,2000.0,2000,,AFR,2000,2000,Africa,,NGA,Nigeria,,AGE35-39,35-39 years,,MLE,Male,,,,,,,,329262.6,329262.60000,,,,,
4308,LIFE_0000000034,Tx - person-years lived above age x,https://www.who.int/data/gho/indicator-metadata-registry/imr-details/34,,,,PUBLISHED,Published,,2000.0,2000,,AFR,2000,2000,Africa,,NGA,Nigeria,,AGE35-39,35-39 years,,MLE,Male,,,,,,,,2006978,2006978.00000,,,,,
4309,LIFE_0000000035,ex - expectation of life at age x,https://www.who.int/data/gho/indicator-metadata-registry/imr-details/35,,,,PUBLISHED,Published,,2000.0,2000,,AFR,2000,2000,Africa,,NGA,Nigeria,,AGE35-39,35-39 years,,MLE,Male,,,,,,,,29.7,29.66472,,,,,
4310,LIFE_0000000035,ex - expectation of life at age x,https://www.who.int/data/gho/indicator-metadata-registry/imr-details/35,,,,PUBLISHED,Published,,2000.0,2000,,AFR,2000,2000,Africa,,NGA,Nigeria,,AGE45-49,45-49 years,,MLE,Male,,,,,,,,22.8,22.79836,,,,,
4311,LIFE_0000000029,nMx - age-specific death rate between ages x and x+n,https://www.who.int/data/gho/indicator-metadata-registry/imr-details/29,,,,PUBLISHED,Published,,2000.0,2000,,AFR,2000,2000,Africa,,NGA,Nigeria,,AGE50-54,50-54 years,,MLE,Male,,,,,,,,0.019,0.01893,,,,,
4312,LIFE_0000000030,nqx - probability of dying between ages x and x+n,https://www.who.int/data/gho/indicator-metadata-registry/imr-details/30,,,,PUBLISHED,Published,,2000.0,2000,,AFR,2000,2000,Africa,,NGA,Nigeria,,AGE50-54,50-54 years,,MLE,Male,,,,,,,,0.091,0.09051,,,,,
4313,LIFE_0000000031,lx - number of people left alive at age x,https://www.who.int/data/gho/indicator-metadata-registry/imr-details/31,,,,PUBLISHED,Published,,2000.0,2000,,AFR,2000,2000,Africa,,NGA,Nigeria,,AGE50-54,50-54 years,,MLE,Male,,,,,,,,55656.75,55656.75000,,,,,
4314,LIFE_0000000031,lx - number of people left alive at age x,https://www.who.int/data/gho/indicator-metadata-registry/imr-details/31,,,,PUBLISHED,Published,,2000.0,2000,,AFR,2000,2000,Africa,,NGA,Nigeria,,AGE60-64,60-64 years,,MLE,Male,,,,,,,,44721.04,44721.04000,,,,,
4315,LIFE_0000000032,ndx - number of people dying between ages x and x+n,https://www.who.int/data/gho/indicator-metadata-registry/imr-details/32,,,,PUBLISHED,Published,,2000.0,2000,,AFR,2000,2000,Africa,,NGA,Nigeria,,AGE60-64,60-64 years,,MLE,Male,,,,,,,,7862.355,7862.35500,,,,,
4316,LIFE_0000000033,nLx - person-years lived between ages x and x+n,https://www.who.int/data/gho/indicator-metadata-registry/imr-details/33,,,,PUBLISHED,Published,,2000.0,2000,,AFR,2000,2000,Africa,,NGA,Nigeria,,AGE60-64,60-64 years,,MLE,Male,,,,,,,,204637.4,204637.40000,,,,,
4317,LIFE_0000000034,Tx - person-years lived above age x,https://www.who.int/data/gho/indicator-metadata-registry/imr-details/34,,,,PUBLISHED,Published,,2000.0,2000,,AFR,2000,2000,Africa,,NGA,Nigeria,,AGE60-64,60-64 years,,MLE,Male,,,,,,,,573118.4,573118.40000,,,,,
4318,LIFE_0000000033,nLx - person-years lived between ages x and x+n,https://www.who.int/data/gho/indicator-metadata-registry/imr-details/33,,,,PUBLISHED,Published,,2000.0,2000,,AFR,2000,2000,Africa,,NGA,Nigeria,,AGE70-74,70-74 years,,MLE,Male,,,,,,,,112312,112312.00000,,,,,
4319,LIFE_0000000034,Tx - person-years lived above age x,https://www.who.int/data/gho/indicator-metadata-registry/imr-details/34,,,,PUBLISHED,Published,,2000.0,2000,,AFR,2000,2000,Africa,,NGA,Nigeria,,AGE70-74,70-74 years,,MLE,Male,,,,,,,,206813.7,206813.70000,,,,,
4320,LIFE_0000000035,ex - expectation of life at age x,https://www.who.int/data/gho/indicator-metadata-registry/imr-details/35,,,,PUBLISHED,Published,,2000.0,2000,,AFR,2000,2000,Africa,,NGA,Nigeria,,AGE70-74,70-74 years,,MLE,Male,,,,,,,,7.5,7.49810,,,,,
4321,LIFE_0000000029,nMx - age-specific death rate between ages x and x+n,https://www.who.int/data/gho/indicator-metadata-registry/imr-details/29,,,,PUBLISHED,Published,,2000.0,2000,,AFR,2000,2000,Africa,,NGA,Nigeria,,AGE75-79,75-79 years,,MLE,Male,,,,,,,,0.146,0.14598,,,,,
4322,LIFE_0000000029,nMx - age-specific death rate between ages x and x+n,https://www.who.int/data/gho/indicator-metadata-registry/imr-details/29,,,,PUBLISHED,Published,,2000.0,2000,,AFR,2000,2000,Africa,,NGA,Nigeria,,AGE85PLUS,85+ years,,MLE,Male,,,,,,,,0.36,0.36013,,,,,
4323,LIFE_0000000030,nqx - probability of dying between ages x and x+n,https://www.who.int/data/gho/indicator-metadata-registry/imr-details/30,,,,PUBLISHED,Published,,2000.0,2000,,AFR,2000,2000,Africa,,NGA,Nigeria,,AGE85PLUS,85+ years,,MLE,Male,,,,,,,,1,1.00000,,,,,
4324,LIFE_0000000031,lx - number of people left alive at age x,https://www.who.int/data/gho/indicator-metadata-registry/imr-details/31,,,,PUBLISHED,Published,,2000.0,2000,,AFR,2000,2000,Africa,,NGA,Nigeria,,AGE85PLUS,85+ years,,MLE,Male,,,,,,,,2475.531,2475.53100,,,,,
4325,LIFE_0000000032,ndx - number of people dying between ages x and x+n,https://www.who.int/data/gho/indicator-metadata-registry/imr-details/32,,,,PUBLISHED,Published,,2000.0,2000,,AFR,2000,2000,Africa,,NGA,Nigeria,,AGE85PLUS,85+ years,,MLE,Male,,,,,,,,2475.531,2475.53100,,,,,
4326,LIFE_0000000032,ndx - number of people dying between ages x and x+n,https://www.who.int/data/gho/indicator-metadata-registry/imr-details/32,,,,PUBLISHED,Published,,2000.0,2000,,AFR,2000,2000,Africa,,NGA,Nigeria,,AGE1-4,1-4 years,,FMLE,Female,,,,,,,,7640.979,7640.97900,,,,,
4327,LIFE_0000000033,nLx - person-years lived between ages x and x+n,https://www.who.int/data/gho/indicator-metadata-registry/imr-details/33,,,,PUBLISHED,Published,,2000.0,2000,,AFR,2000,2000,Africa,,NGA,Nigeria,,AGE1-4,1-4 years,,FMLE,Female,,,,,,,,336864.4,336864.40000,,,,,
4328,LIFE_0000000034,Tx - person-years lived above age x,https://www.who.int/data/gho/indicator-metadata-registry/imr-details/34,,,,PUBLISHED,Published,,2000.0,2000,,AFR,2000,2000,Africa,,NGA,Nigeria,,AGE1-4,1-4 years,,FMLE,Female,,,,,,,,4686916,4686916.00000,,,,,
4329,LIFE_0000000035,ex - expectation of life at age x,https://www.who.int/data/gho/indicator-metadata-registry/imr-details/35,,,,PUBLISHED,Published,,2000.0,2000,,AFR,2000,2000,Africa,,NGA,Nigeria,,AGE1-4,1-4 years,,FMLE,Female,,,,,,,,52.5,52.51147,,,,,
4330,LIFE_0000000034,Tx - person-years lived above age x,https://www.who.int/data/gho/indicator-metadata-registry/imr-details/34,,,,PUBLISHED,Published,,2000.0,2000,,AFR,2000,2000,Africa,,NGA,Nigeria,,AGE10-14,10-14 years,,FMLE,Female,,,,,,,,3947782,3947782.00000,,,,,
4331,LIFE_0000000035,ex - expectation of life at age x,https://www.who.int/data/gho/indicator-metadata-registry/imr-details/35,,,,PUBLISHED,Published,,2000.0,2000,,AFR,2000,2000,Africa,,NGA,Nigeria,,AGE10-14,10-14 years,,FMLE,Female,,,,,,,,49.8,49.78695,,,,,
4332,LIFE_0000000029,nMx - age-specific death rate between ages x and x+n,https://www.who.int/data/gho/indicator-metadata-registry/imr-details/29,,,,PUBLISHED,Published,,2000.0,2000,,AFR,2000,2000,Africa,,NGA,Nigeria,,AGE15-19,15-19  years,,FMLE,Female,,,,,,,,0.005,0.00519,,,,,
4333,LIFE_0000000030,nqx - probability of dying between ages x and x+n,https://www.who.int/data/gho/indicator-metadata-registry/imr-details/30,,,,PUBLISHED,Published,,2000.0,2000,,AFR,2000,2000,Africa,,NGA,Nigeria,,AGE15-19,15-19  years,,FMLE,Female,,,,,,,,0.026,0.02562,,,,,
4334,LIFE_0000000031,lx - number of people left alive at age x,https://www.who.int/data/gho/indicator-metadata-registry/imr-details/31,,,,PUBLISHED,Published,,2000.0,2000,,AFR,2000,2000,Africa,,NGA,Nigeria,,AGE15-19,15-19  years,,FMLE,Female,,,,,,,,78390.67,78390.67000,,,,,
4335,LIFE_0000000030,nqx - probability of dying between ages x and x+n,https://www.who.int/data/gho/indicator-metadata-registry/imr-details/30,,,,PUBLISHED,Published,,2000.0,2000,,AFR,2000,2000,Africa,,NGA,Nigeria,,AGE25-29,25-29 years,,FMLE,Female,,,,,,,,0.047,0.04654,,,,,
4336,LIFE_0000000031,lx - number of people left alive at age x,https://www.who.int/data/gho/indicator-metadata-registry/imr-details/31,,,,PUBLISHED,Published,,2000.0,2000,,AFR,2000,2000,Africa,,NGA,Nigeria,,AGE25-29,25-29 years,,FMLE,Female,,,,,,,,73698.98,73698.98000,,,,,
4337,LIFE_0000000032,ndx - number of people dying between ages x and x+n,https://www.who.int/data/gho/indicator-metadata-registry/imr-details/32,,,,PUBLISHED,Published,,2000.0,2000,,AFR,2000,2000,Africa,,NGA,Nigeria,,AGE25-29,25-29 years,,FMLE,Female,,,,,,,,3429.807,3429.80700,,,,,
4338,LIFE_0000000033,nLx - person-years lived between ages x and x+n,https://www.who.int/data/gho/indicator-metadata-registry/imr-details/33,,,,PUBLISHED,Published,,2000.0,2000,,AFR,2000,2000,Africa,,NGA,Nigeria,,AGE25-29,25-29 years,,FMLE,Female,,,,,,,,359948.9,359948.90000,,,,,
4339,LIFE_0000000033,nLx - person-years lived between ages x and x+n,https://www.who.int/data/gho/indicator-metadata-registry/imr-details/33,,,,PUBLISHED,Published,,2000.0,2000,,AFR,2000,2000,Africa,,NGA,Nigeria,,AGE35-39,35-39 years,,FMLE,Female,,,,,,,,325673.7,325673.70000,,,,,
4340,LIFE_0000000034,Tx - person-years lived above age x,https://www.who.int/data/gho/indicator-metadata-registry/imr-details/34,,,,PUBLISHED,Published,,2000.0,2000,,AFR,2000,2000,Africa,,NGA,Nigeria,,AGE35-39,35-39 years,,FMLE,Female,,,,,,,,2088267,2088267.00000,,,,,
4341,LIFE_0000000035,ex - expectation of life at age x,https://www.who.int/data/gho/indicator-metadata-registry/imr-details/35,,,,PUBLISHED,Published,,2000.0,2000,,AFR,2000,2000,Africa,,NGA,Nigeria,,AGE35-39,35-39 years,,FMLE,Female,,,,,,,,31.2,31.23056,,,,,
4342,LIFE_0000000029,nMx - age-specific death rate between ages x and x+n,https://www.who.int/data/gho/indicator-metadata-registry/imr-details/29,,,,PUBLISHED,Published,,2000.0,2000,,AFR,2000,2000,Africa,,NGA,Nigeria,,AGE40-44,40-44 years,,FMLE,Female,,,,,,,,0.011,0.01077,,,,,
4343,LIFE_0000000029,nMx - age-specific death rate between ages x and x+n,https://www.who.int/data/gho/indicator-metadata-registry/imr-details/29,,,,PUBLISHED,Published,,2000.0,2000,,AFR,2000,2000,Africa,,NGA,Nigeria,,AGE50-54,50-54 years,,FMLE,Female,,,,,,,,0.014,0.01444,,,,,
4344,LIFE_0000000030,nqx - probability of dying between ages x and x+n,https://www.who.int/data/gho/indicator-metadata-registry/imr-details/30,,,,PUBLISHED,Published,,2000.0,2000,,AFR,2000,2000,Africa,,NGA,Nigeria,,AGE50-54,50-54 years,,FMLE,Female,,,,,,,,0.07,0.06980,,,,,
4345,LIFE_0000000031,lx - number of people left alive at age x,https://www.who.int/data/gho/indicator-metadata-registry/imr-details/31,,,,PUBLISHED,Published,,2000.0,2000,,AFR,2000,2000,Africa,,NGA,Nigeria,,AGE50-54,50-54 years,,FMLE,Female,,,,,,,,56740.47,56740.47000,,,,,
4346,LIFE_0000000032,ndx - number of people dying between ages x and x+n,https://www.who.int/data/gho/indicator-metadata-registry/imr-details/32,,,,PUBLISHED,Published,,2000.0,2000,,AFR,2000,2000,Africa,,NGA,Nigeria,,AGE50-54,50-54 years,,FMLE,Female,,,,,,,,3960.252,3960.25200,,,,,
4347,LIFE_0000000031,lx - number of people left alive at age x,https://www.who.int/data/gho/indicator-metadata-registry/imr-details/31,,,,PUBLISHED,Published,,2000.0,2000,,AFR,2000,2000,Africa,,NGA,Nigeria,,AGE60-64,60-64 years,,FMLE,Female,,,,,,,,47944.22,47944.22000,,,,,
4348,LIFE_0000000032,ndx - number of people dying between ages x and x+n,https://www.who.int/data/gho/indicator-metadata-registry/imr-details/32,,,,PUBLISHED,Published,,2000.0,2000,,AFR,2000,2000,Africa,,NGA,Nigeria,,AGE60-64,60-64 years,,FMLE,Female,,,,,,,,7548.714,7548.71400,,,,,
4349,LIFE_0000000033,nLx - person-years lived between ages x and x+n,https://www.who.int/data/gho/indicator-metadata-registry/imr-details/33,,,,PUBLISHED,Published,,2000.0,2000,,AFR,2000,2000,Africa,,NGA,Nigeria,,AGE60-64,60-64 years,,FMLE,Female,,,,,,,,221813.7,221813.70000,,,,,
4350,LIFE_0000000034,Tx - person-years lived above age x,https://www.who.int/data/gho/indicator-metadata-registry/imr-details/34,,,,PUBLISHED,Published,,2000.0,2000,,AFR,2000,2000,Africa,,NGA,Nigeria,,AGE60-64,60-64 years,,FMLE,Female,,,,,,,,635080.4,635080.40000,,,,,
4351,LIFE_0000000034,Tx - person-years lived above age x,https://www.who.int/data/gho/indicator-metadata-registry/imr-details/34,,,,PUBLISHED,Published,,2000.0,2000,,AFR,2000,2000,Africa,,NGA,Nigeria,,AGE70-74,70-74 years,,FMLE,Female,,,,,,,,234460.2,234460.20000,,,,,
4352,LIFE_0000000035,ex - expectation of life at age x,https://www.who.int/data/gho/indicator-metadata-registry/imr-details/35,,,,PUBLISHED,Published,,2000.0,2000,,AFR,2000,2000,Africa,,NGA,Nigeria,,AGE70-74,70-74 years,,FMLE,Female,,,,,,,,7.6,7.61513,,,,,
4353,LIFE_0000000029,nMx - age-specific death rate between ages x and x+n,https://www.who.int/data/gho/indicator-metadata-registry/imr-details/29,,,,PUBLISHED,Published,,2000.0,2000,,AFR,2000,2000,Africa,,NGA,Nigeria,,AGE75-79,75-79 years,,FMLE,Female,,,,,,,,0.143,0.14310,,,,,
4354,LIFE_0000000030,nqx - probability of dying between ages x and x+n,https://www.who.int/data/gho/indicator-metadata-registry/imr-details/30,,,,PUBLISHED,Published,,2000.0,2000,,AFR,2000,2000,Africa,,NGA,Nigeria,,AGE75-79,75-79 years,,FMLE,Female,,,,,,,,0.521,0.52143,,,,,
4355,LIFE_0000000030,nqx - probability of dying between ages x and x+n,https://www.who.int/data/gho/indicator-metadata-registry/imr-details/30,,,,PUBLISHED,Published,,2000.0,2000,,AFR,2000,2000,Africa,,NGA,Nigeria,,AGE85PLUS,85+ years,,FMLE,Female,,,,,,,,1,1.00000,,,,,
4356,LIFE_0000000031,lx - number of people left alive at age x,https://www.who.int/data/gho/indicator-metadata-registry/imr-details/31,,,,PUBLISHED,Published,,2000.0,2000,,AFR,2000,2000,Africa,,NGA,Nigeria,,AGE85PLUS,85+ years,,FMLE,Female,,,,,,,,2864.122,2864.12200,,,,,
4357,LIFE_0000000032,ndx - number of people dying between ages x and x+n,https://www.who.int/data/gho/indicator-metadata-registry/imr-details/32,,,,PUBLISHED,Published,,2000.0,2000,,AFR,2000,2000,Africa,,NGA,Nigeria,,AGE85PLUS,85+ years,,FMLE,Female,,,,,,,,2864.122,2864.12200,,,,,
4358,LIFE_0000000033,nLx - person-years lived between ages x and x+n,https://www.who.int/data/gho/indicator-metadata-registry/imr-details/33,,,,PUBLISHED,Published,,2000.0,2000,,AFR,2000,2000,Africa,,NGA,Nigeria,,AGE85PLUS,85+ years,,FMLE,Female,,,,,,,,8162.738,8162.73800,,,,,
4359,LIFE_0000000032,ndx - number of people dying between ages x and x+n,https://www.who.int/data/gho/indicator-metadata-registry/imr-details/32,,,,PUBLISHED,Published,,2001.0,2001,,AFR,2001,2001,Africa,,NGA,Nigeria,,AGE1-4,1-4 years,,MLE,Male,,,,,,,,7005.098,7005.09800,,,,,
4360,LIFE_0000000033,nLx - person-years lived between ages x and x+n,https://www.who.int/data/gho/indicator-metadata-registry/imr-details/33,,,,PUBLISHED,Published,,2001.0,2001,,AFR,2001,2001,Africa,,NGA,Nigeria,,AGE1-4,1-4 years,,MLE,Male,,,,,,,,334293,334293.00000,,,,,
4361,LIFE_0000000034,Tx - person-years lived above age x,https://www.who.int/data/gho/indicator-metadata-registry/imr-details/34,,,,PUBLISHED,Published,,2001.0,2001,,AFR,2001,2001,Africa,,NGA,Nigeria,,AGE1-4,1-4 years,,MLE,Male,,,,,,,,4625923,4625923.00000,,,,,
4362,LIFE_0000000035,ex - expectation of life at age x,https://www.who.int/data/gho/indicator-metadata-registry/imr-details/35,,,,PUBLISHED,Published,,2001.0,2001,,AFR,2001,2001,Africa,,NGA,Nigeria,,AGE1-4,1-4 years,,MLE,Male,,,,,,,,52.4,52.44178,,,,,
4363,LIFE_0000000029,nMx - age-specific death rate between ages x and x+n,https://www.who.int/data/gho/indicator-metadata-registry/imr-details/29,,,,PUBLISHED,Published,,2001.0,2001,,AFR,2001,2001,Africa,,NGA,Nigeria,,AGE5-9,5-9 years,,MLE,Male,,,,,,,,0.005,0.00457,,,,,
4364,LIFE_0000000035,ex - expectation of life at age x,https://www.who.int/data/gho/indicator-metadata-registry/imr-details/35,,,,PUBLISHED,Published,,2001.0,2001,,AFR,2001,2001,Africa,,NGA,Nigeria,,AGE10-14,10-14 years,,MLE,Male,,,,,,,,49,49.01316,,,,,
4365,LIFE_0000000029,nMx - age-specific death rate between ages x and x+n,https://www.who.int/data/gho/indicator-metadata-registry/imr-details/29,,,,PUBLISHED,Published,,2001.0,2001,,AFR,2001,2001,Africa,,NGA,Nigeria,,AGE15-19,15-19  years,,MLE,Male,,,,,,,,0.004,0.00421,,,,,
4366,LIFE_0000000030,nqx - probability of dying between ages x and x+n,https://www.who.int/data/gho/indicator-metadata-registry/imr-details/30,,,,PUBLISHED,Published,,2001.0,2001,,AFR,2001,2001,Africa,,NGA,Nigeria,,AGE15-19,15-19  years,,MLE,Male,,,,,,,,0.021,0.02082,,,,,
4367,LIFE_0000000031,lx - number of people left alive at age x,https://www.who.int/data/gho/indicator-metadata-registry/imr-details/31,,,,PUBLISHED,Published,,2001.0,2001,,AFR,2001,2001,Africa,,NGA,Nigeria,,AGE15-19,15-19  years,,MLE,Male,,,,,,,,78675.52,78675.52000,,,,,
4368,LIFE_0000000031,lx - number of people left alive at age x,https://www.who.int/data/gho/indicator-metadata-registry/imr-details/31,,,,PUBLISHED,Published,,2001.0,2001,,AFR,2001,2001,Africa,,NGA,Nigeria,,AGE25-29,25-29 years,,MLE,Male,,,,,,,,74454.37,74454.37000,,,,,
4369,LIFE_0000000032,ndx - number of people dying between ages x and x+n,https://www.who.int/data/gho/indicator-metadata-registry/imr-details/32,,,,PUBLISHED,Published,,2001.0,2001,,AFR,2001,2001,Africa,,NGA,Nigeria,,AGE25-29,25-29 years,,MLE,Male,,,,,,,,2965.463,2965.46300,,,,,
4370,LIFE_0000000033,nLx - person-years lived between ages x and x+n,https://www.who.int/data/gho/indicator-metadata-registry/imr-details/33,,,,PUBLISHED,Published,,2001.0,2001,,AFR,2001,2001,Africa,,NGA,Nigeria,,AGE25-29,25-29 years,,MLE,Male,,,,,,,,364872.8,364872.80000,,,,,
4371,LIFE_0000000034,Tx - person-years lived above age x,https://www.who.int/data/gho/indicator-metadata-registry/imr-details/34,,,,PUBLISHED,Published,,2001.0,2001,,AFR,2001,2001,Africa,,NGA,Nigeria,,AGE25-29,25-29 years,,MLE,Male,,,,,,,,2726847,2726847.00000,,,,,
4372,LIFE_0000000034,Tx - person-years lived above age x,https://www.who.int/data/gho/indicator-metadata-registry/imr-details/34,,,,PUBLISHED,Published,,2001.0,2001,,AFR,2001,2001,Africa,,NGA,Nigeria,,AGE35-39,35-39 years,,MLE,Male,,,,,,,,2012743,2012743.00000,,,,,
4373,LIFE_0000000035,ex - expectation of life at age x,https://www.who.int/data/gho/indicator-metadata-registry/imr-details/35,,,,PUBLISHED,Published,,2001.0,2001,,AFR,2001,2001,Africa,,NGA,Nigeria,,AGE35-39,35-39 years,,MLE,Male,,,,,,,,29.5,29.51846,,,,,
4374,LIFE_0000000029,nMx - age-specific death rate between ages x and x+n,https://www.who.int/data/gho/indicator-metadata-registry/imr-details/29,,,,PUBLISHED,Published,,2001.0,2001,,AFR,2001,2001,Africa,,NGA,Nigeria,,AGE40-44,40-44 years,,MLE,Male,,,,,,,,0.013,0.01315,,,,,
4375,LIFE_0000000030,nqx - probability of dying between ages x and x+n,https://www.who.int/data/gho/indicator-metadata-registry/imr-details/30,,,,PUBLISHED,Published,,2001.0,2001,,AFR,2001,2001,Africa,,NGA,Nigeria,,AGE40-44,40-44 years,,MLE,Male,,,,,,,,0.064,0.06371,,,,,
4376,LIFE_0000000029,nMx - age-specific death rate between ages x and x+n,https://www.who.int/data/gho/indicator-metadata-registry/imr-details/29,,,,PUBLISHED,Published,,2001.0,2001,,AFR,2001,2001,Africa,,NGA,Nigeria,,AGE50-54,50-54 years,,MLE,Male,,,,,,,,0.019,0.01914,,,,,
4377,LIFE_0000000030,nqx - probability of dying between ages x and x+n,https://www.who.int/data/gho/indicator-metadata-registry/imr-details/30,,,,PUBLISHED,Published,,2001.0,2001,,AFR,2001,2001,Africa,,NGA,Nigeria,,AGE50-54,50-54 years,,MLE,Male,,,,,,,,0.091,0.09146,,,,,
4378,LIFE_0000000031,lx - number of people left alive at age x,https://www.who.int/data/gho/indicator-metadata-registry/imr-details/31,,,,PUBLISHED,Published,,2001.0,2001,,AFR,2001,2001,Africa,,NGA,Nigeria,,AGE50-54,50-54 years,,MLE,Male,,,,,,,,55872.52,55872.52000,,,,,
4379,LIFE_0000000032,ndx - number of people dying between ages x and x+n,https://www.who.int/data/gho/indicator-metadata-registry/imr-details/32,,,,PUBLISHED,Published,,2001.0,2001,,AFR,2001,2001,Africa,,NGA,Nigeria,,AGE50-54,50-54 years,,MLE,Male,,,,,,,,5110.322,5110.32200,,,,,
4380,LIFE_0000000032,ndx - number of people dying between ages x and x+n,https://www.who.int/data/gho/indicator-metadata-registry/imr-details/32,,,,PUBLISHED,Published,,2001.0,2001,,AFR,2001,2001,Africa,,NGA,Nigeria,,AGE60-64,60-64 years,,MLE,Male,,,,,,,,7940.676,7940.67600,,,,,
4381,LIFE_0000000033,nLx - person-years lived between ages x and x+n,https://www.who.int/data/gho/indicator-metadata-registry/imr-details/33,,,,PUBLISHED,Published,,2001.0,2001,,AFR,2001,2001,Africa,,NGA,Nigeria,,AGE60-64,60-64 years,,MLE,Male,,,,,,,,204938.3,204938.30000,,,,,
4382,LIFE_0000000034,Tx - person-years lived above age x,https://www.who.int/data/gho/indicator-metadata-registry/imr-details/34,,,,PUBLISHED,Published,,2001.0,2001,,AFR,2001,2001,Africa,,NGA,Nigeria,,AGE60-64,60-64 years,,MLE,Male,,,,,,,,571908.4,571908.40000,,,,,
4383,LIFE_0000000035,ex - expectation of life at age x,https://www.who.int/data/gho/indicator-metadata-registry/imr-details/35,,,,PUBLISHED,Published,,2001.0,2001,,AFR,2001,2001,Africa,,NGA,Nigeria,,AGE60-64,60-64 years,,MLE,Male,,,,,,,,12.8,12.76015,,,,,
4384,LIFE_0000000035,ex - expectation of life at age x,https://www.who.int/data/gho/indicator-metadata-registry/imr-details/35,,,,PUBLISHED,Published,,2001.0,2001,,AFR,2001,2001,Africa,,NGA,Nigeria,,AGE70-74,70-74 years,,MLE,Male,,,,,,,,7.5,7.46177,,,,,
4385,LIFE_0000000029,nMx - age-specific death rate between ages x and x+n,https://www.who.int/data/gho/indicator-metadata-registry/imr-details/29,,,,PUBLISHED,Published,,2001.0,2001,,AFR,2001,2001,Africa,,NGA,Nigeria,,AGE75-79,75-79 years,,MLE,Male,,,,,,,,0.147,0.14702,,,,,
4386,LIFE_0000000030,nqx - probability of dying between ages x and x+n,https://www.who.int/data/gho/indicator-metadata-registry/imr-details/30,,,,PUBLISHED,Published,,2001.0,2001,,AFR,2001,2001,Africa,,NGA,Nigeria,,AGE75-79,75-79 years,,MLE,Male,,,,,,,,0.531,0.53101,,,,,
4387,LIFE_0000000031,lx - number of people left alive at age x,https://www.who.int/data/gho/indicator-metadata-registry/imr-details/31,,,,PUBLISHED,Published,,2001.0,2001,,AFR,2001,2001,Africa,,NGA,Nigeria,,AGE75-79,75-79 years,,MLE,Male,,,,,,,,17222.25,17222.25000,,,,,
4388,LIFE_0000000030,nqx - probability of dying between ages x and x+n,https://www.who.int/data/gho/indicator-metadata-registry/imr-details/30,,,,PUBLISHED,Published,,2001.0,2001,,AFR,2001,2001,Africa,,NGA,Nigeria,,AGE85PLUS,85+ years,,MLE,Male,,,,,,,,1,1.00000,,,,,
4389,LIFE_0000000031,lx - number of people left alive at age x,https://www.who.int/data/gho/indicator-metadata-registry/imr-details/31,,,,PUBLISHED,Published,,2001.0,2001,,AFR,2001,2001,Africa,,NGA,Nigeria,,AGE85PLUS,85+ years,,MLE,Male,,,,,,,,2428.911,2428.91100,,,,,
4390,LIFE_0000000032,ndx - number of people dying between ages x and x+n,https://www.who.int/data/gho/indicator-metadata-registry/imr-details/32,,,,PUBLISHED,Published,,2001.0,2001,,AFR,2001,2001,Africa,,NGA,Nigeria,,AGE85PLUS,85+ years,,MLE,Male,,,,,,,,2428.911,2428.91100,,,,,
4391,LIFE_0000000033,nLx - person-years lived between ages x and x+n,https://www.who.int/data/gho/indicator-metadata-registry/imr-details/33,,,,PUBLISHED,Published,,2001.0,2001,,AFR,2001,2001,Africa,,NGA,Nigeria,,AGE85PLUS,85+ years,,MLE,Male,,,,,,,,6714.584,6714.58400,,,,,
4392,LIFE_0000000034,Tx - person-years lived above age x,https://www.who.int/data/gho/indicator-metadata-registry/imr-details/34,,,,PUBLISHED,Published,,2001.0,2001,,AFR,2001,2001,Africa,,NGA,Nigeria,,AGE85PLUS,85+ years,,MLE,Male,,,,,,,,6714.584,6714.58400,,,,,
4393,LIFE_0000000033,nLx - person-years lived between ages x and x+n,https://www.who.int/data/gho/indicator-metadata-registry/imr-details/33,,,,PUBLISHED,Published,,2001.0,2001,,AFR,2001,2001,Africa,,NGA,Nigeria,,AGE1-4,1-4 years,,FMLE,Female,,,,,,,,338897.9,338897.90000,,,,,
4394,LIFE_0000000034,Tx - person-years lived above age x,https://www.who.int/data/gho/indicator-metadata-registry/imr-details/34,,,,PUBLISHED,Published,,2001.0,2001,,AFR,2001,2001,Africa,,NGA,Nigeria,,AGE1-4,1-4 years,,FMLE,Female,,,,,,,,4708914,4708914.00000,,,,,
4395,LIFE_0000000035,ex - expectation of life at age x,https://www.who.int/data/gho/indicator-metadata-registry/imr-details/35,,,,PUBLISHED,Published,,2001.0,2001,,AFR,2001,2001,Africa,,NGA,Nigeria,,AGE1-4,1-4 years,,FMLE,Female,,,,,,,,52.6,52.57140,,,,,
4396,LIFE_0000000029,nMx - age-specific death rate between ages x and x+n,https://www.who.int/data/gho/indicator-metadata-registry/imr-details/29,,,,PUBLISHED,Published,,2001.0,2001,,AFR,2001,2001,Africa,,NGA,Nigeria,,AGE5-9,5-9 years,,FMLE,Female,,,,,,,,0.006,0.00560,,,,,
4397,LIFE_0000000029,nMx - age-specific death rate between ages x and x+n,https://www.who.int/data/gho/indicator-metadata-registry/imr-details/29,,,,PUBLISHED,Published,,2001.0,2001,,AFR,2001,2001,Africa,,NGA,Nigeria,,AGE15-19,15-19  years,,FMLE,Female,,,,,,,,0.005,0.00517,,,,,
4398,LIFE_0000000030,nqx - probability of dying between ages x and x+n,https://www.who.int/data/gho/indicator-metadata-registry/imr-details/30,,,,PUBLISHED,Published,,2001.0,2001,,AFR,2001,2001,Africa,,NGA,Nigeria,,AGE15-19,15-19  years,,FMLE,Female,,,,,,,,0.026,0.02554,,,,,
4399,LIFE_0000000031,lx - number of people left alive at age x,https://www.who.int/data/gho/indicator-metadata-registry/imr-details/31,,,,PUBLISHED,Published,,2001.0,2001,,AFR,2001,2001,Africa,,NGA,Nigeria,,AGE15-19,15-19  years,,FMLE,Female,,,,,,,,79051.34,79051.34000,,,,,
4400,LIFE_0000000032,ndx - number of people dying between ages x and x+n,https://www.who.int/data/gho/indicator-metadata-registry/imr-details/32,,,,PUBLISHED,Published,,2001.0,2001,,AFR,2001,2001,Africa,,NGA,Nigeria,,AGE15-19,15-19  years,,FMLE,Female,,,,,,,,2019.234,2019.23400,,,,,
4401,LIFE_0000000032,ndx - number of people dying between ages x and x+n,https://www.who.int/data/gho/indicator-metadata-registry/imr-details/32,,,,PUBLISHED,Published,,2001.0,2001,,AFR,2001,2001,Africa,,NGA,Nigeria,,AGE25-29,25-29 years,,FMLE,Female,,,,,,,,3505.211,3505.21100,,,,,
4402,LIFE_0000000033,nLx - person-years lived between ages x and x+n,https://www.who.int/data/gho/indicator-metadata-registry/imr-details/33,,,,PUBLISHED,Published,,2001.0,2001,,AFR,2001,2001,Africa,,NGA,Nigeria,,AGE25-29,25-29 years,,FMLE,Female,,,,,,,,362922.5,362922.50000,,,,,
4403,LIFE_0000000034,Tx - person-years lived above age x,https://www.who.int/data/gho/indicator-metadata-registry/imr-details/34,,,,PUBLISHED,Published,,2001.0,2001,,AFR,2001,2001,Africa,,NGA,Nigeria,,AGE25-29,25-29 years,,FMLE,Female,,,,,,,,2798108,2798108.00000,,,,,
4404,LIFE_0000000035,ex - expectation of life at age x,https://www.who.int/data/gho/indicator-metadata-registry/imr-details/35,,,,PUBLISHED,Published,,2001.0,2001,,AFR,2001,2001,Africa,,NGA,Nigeria,,AGE25-29,25-29 years,,FMLE,Female,,,,,,,,37.6,37.64365,,,,,
4405,LIFE_0000000034,Tx - person-years lived above age x,https://www.who.int/data/gho/indicator-metadata-registry/imr-details/34,,,,PUBLISHED,Published,,2001.0,2001,,AFR,2001,2001,Africa,,NGA,Nigeria,,AGE35-39,35-39 years,,FMLE,Female,,,,,,,,2089904,2089904.00000,,,,,
4406,LIFE_0000000035,ex - expectation of life at age x,https://www.who.int/data/gho/indicator-metadata-registry/imr-details/35,,,,PUBLISHED,Published,,2001.0,2001,,AFR,2001,2001,Africa,,NGA,Nigeria,,AGE35-39,35-39 years,,FMLE,Female,,,,,,,,31.1,31.06304,,,,,
4407,LIFE_0000000029,nMx - age-specific death rate between ages x and x+n,https://www.who.int/data/gho/indicator-metadata-registry/imr-details/29,,,,PUBLISHED,Published,,2001.0,2001,,AFR,2001,2001,Africa,,NGA,Nigeria,,AGE40-44,40-44 years,,FMLE,Female,,,,,,,,0.011,0.01101,,,,,
4408,LIFE_0000000030,nqx - probability of dying between ages x and x+n,https://www.who.int/data/gho/indicator-metadata-registry/imr-details/30,,,,PUBLISHED,Published,,2001.0,2001,,AFR,2001,2001,Africa,,NGA,Nigeria,,AGE40-44,40-44 years,,FMLE,Female,,,,,,,,0.054,0.05356,,,,,
4409,LIFE_0000000030,nqx - probability of dying between ages x and x+n,https://www.who.int/data/gho/indicator-metadata-registry/imr-details/30,,,,PUBLISHED,Published,,2001.0,2001,,AFR,2001,2001,Africa,,NGA,Nigeria,,AGE50-54,50-54 years,,FMLE,Female,,,,,,,,0.07,0.07044,,,,,
4410,LIFE_0000000031,lx - number of people left alive at age x,https://www.who.int/data/gho/indicator-metadata-registry/imr-details/31,,,,PUBLISHED,Published,,2001.0,2001,,AFR,2001,2001,Africa,,NGA,Nigeria,,AGE50-54,50-54 years,,FMLE,Female,,,,,,,,56874.37,56874.37000,,,,,
4411,LIFE_0000000032,ndx - number of people dying between ages x and x+n,https://www.who.int/data/gho/indicator-metadata-registry/imr-details/32,,,,PUBLISHED,Published,,2001.0,2001,,AFR,2001,2001,Africa,,NGA,Nigeria,,AGE50-54,50-54 years,,FMLE,Female,,,,,,,,4006.169,4006.16900,,,,,
4412,LIFE_0000000033,nLx - person-years lived between ages x and x+n,https://www.who.int/data/gho/indicator-metadata-registry/imr-details/33,,,,PUBLISHED,Published,,2001.0,2001,,AFR,2001,2001,Africa,,NGA,Nigeria,,AGE50-54,50-54 years,,FMLE,Female,,,,,,,,274743.8,274743.80000,,,,,
4413,LIFE_0000000033,nLx - person-years lived between ages x and x+n,https://www.who.int/data/gho/indicator-metadata-registry/imr-details/33,,,,PUBLISHED,Published,,2001.0,2001,,AFR,2001,2001,Africa,,NGA,Nigeria,,AGE60-64,60-64 years,,FMLE,Female,,,,,,,,221868.3,221868.30000,,,,,
4414,LIFE_0000000034,Tx - person-years lived above age x,https://www.who.int/data/gho/indicator-metadata-registry/imr-details/34,,,,PUBLISHED,Published,,2001.0,2001,,AFR,2001,2001,Africa,,NGA,Nigeria,,AGE60-64,60-64 years,,FMLE,Female,,,,,,,,632037.7,632037.70000,,,,,
4415,LIFE_0000000035,ex - expectation of life at age x,https://www.who.int/data/gho/indicator-metadata-registry/imr-details/35,,,,PUBLISHED,Published,,2001.0,2001,,AFR,2001,2001,Africa,,NGA,Nigeria,,AGE60-64,60-64 years,,FMLE,Female,,,,,,,,13.2,13.16609,,,,,
4416,LIFE_0000000029,nMx - age-specific death rate between ages x and x+n,https://www.who.int/data/gho/indicator-metadata-registry/imr-details/29,,,,PUBLISHED,Published,,2001.0,2001,,AFR,2001,2001,Africa,,NGA,Nigeria,,AGE65-69,65-69 years,,FMLE,Female,,,,,,,,0.054,0.05440,,,,,
4417,LIFE_0000000035,ex - expectation of life at age x,https://www.who.int/data/gho/indicator-metadata-registry/imr-details/35,,,,PUBLISHED,Published,,2001.0,2001,,AFR,2001,2001,Africa,,NGA,Nigeria,,AGE70-74,70-74 years,,FMLE,Female,,,,,,,,7.6,7.56285,,,,,
4418,LIFE_0000000029,nMx - age-specific death rate between ages x and x+n,https://www.who.int/data/gho/indicator-metadata-registry/imr-details/29,,,,PUBLISHED,Published,,2001.0,2001,,AFR,2001,2001,Africa,,NGA,Nigeria,,AGE75-79,75-79 years,,FMLE,Female,,,,,,,,0.145,0.14458,,,,,
4419,LIFE_0000000030,nqx - probability of dying between ages x and x+n,https://www.who.int/data/gho/indicator-metadata-registry/imr-details/30,,,,PUBLISHED,Published,,2001.0,2001,,AFR,2001,2001,Africa,,NGA,Nigeria,,AGE75-79,75-79 years,,FMLE,Female,,,,,,,,0.525,0.52519,,,,,
4420,LIFE_0000000031,lx - number of people left alive at age x,https://www.who.int/data/gho/indicator-metadata-registry/imr-details/31,,,,PUBLISHED,Published,,2001.0,2001,,AFR,2001,2001,Africa,,NGA,Nigeria,,AGE75-79,75-79 years,,FMLE,Female,,,,,,,,19409.35,19409.35000,,,,,
4421,LIFE_0000000032,ndx - number of people dying between ages x and x+n,https://www.who.int/data/gho/indicator-metadata-registry/imr-details/32,,,,PUBLISHED,Published,,2001.0,2001,,AFR,2001,2001,Africa,,NGA,Nigeria,,AGE75-79,75-79 years,,FMLE,Female,,,,,,,,10193.57,10193.57000,,,,,
4422,LIFE_0000000031,lx - number of people left alive at age x,https://www.who.int/data/gho/indicator-metadata-registry/imr-details/31,,,,PUBLISHED,Published,,2001.0,2001,,AFR,2001,2001,Africa,,NGA,Nigeria,,AGE85PLUS,85+ years,,FMLE,Female,,,,,,,,2782.807,2782.80700,,,,,
4423,LIFE_0000000032,ndx - number of people dying between ages x and x+n,https://www.who.int/data/gho/indicator-metadata-registry/imr-details/32,,,,PUBLISHED,Published,,2001.0,2001,,AFR,2001,2001,Africa,,NGA,Nigeria,,AGE85PLUS,85+ years,,FMLE,Female,,,,,,,,2782.807,2782.80700,,,,,
4424,LIFE_0000000033,nLx - person-years lived between ages x and x+n,https://www.who.int/data/gho/indicator-metadata-registry/imr-details/33,,,,PUBLISHED,Published,,2001.0,2001,,AFR,2001,2001,Africa,,NGA,Nigeria,,AGE85PLUS,85+ years,,FMLE,Female,,,,,,,,7878.611,7878.61100,,,,,
4425,LIFE_0000000034,Tx - person-years lived above age x,https://www.who.int/data/gho/indicator-metadata-registry/imr-details/34,,,,PUBLISHED,Published,,2001.0,2001,,AFR,2001,2001,Africa,,NGA,Nigeria,,AGE85PLUS,85+ years,,FMLE,Female,,,,,,,,7878.611,7878.61100,,,,,
4426,LIFE_0000000034,Tx - person-years lived above age x,https://www.who.int/data/gho/indicator-metadata-registry/imr-details/34,,,,PUBLISHED,Published,,2002.0,2002,,AFR,2002,2002,Africa,,NGA,Nigeria,,AGE1-4,1-4 years,,MLE,Male,,,,,,,,4660661,4660661.00000,,,,,
4427,LIFE_0000000035,ex - expectation of life at age x,https://www.who.int/data/gho/indicator-metadata-registry/imr-details/35,,,,PUBLISHED,Published,,2002.0,2002,,AFR,2002,2002,Africa,,NGA,Nigeria,,AGE1-4,1-4 years,,MLE,Male,,,,,,,,52.6,52.62752,,,,,
4428,LIFE_0000000029,nMx - age-specific death rate between ages x and x+n,https://www.who.int/data/gho/indicator-metadata-registry/imr-details/29,,,,PUBLISHED,Published,,2002.0,2002,,AFR,2002,2002,Africa,,NGA,Nigeria,,AGE5-9,5-9 years,,MLE,Male,,,,,,,,0.004,0.00442,,,,,
4429,LIFE_0000000030,nqx - probability of dying between ages x and x+n,https://www.who.int/data/gho/indicator-metadata-registry/imr-details/30,,,,PUBLISHED,Published,,2002.0,2002,,AFR,2002,2002,Africa,,NGA,Nigeria,,AGE5-9,5-9 years,,MLE,Male,,,,,,,,0.022,0.02184,,,,,
4430,LIFE_0000000029,nMx - age-specific death rate between ages x and x+n,https://www.who.int/data/gho/indicator-metadata-registry/imr-details/29,,,,PUBLISHED,Published,,2002.0,2002,,AFR,2002,2002,Africa,,NGA,Nigeria,,AGE15-19,15-19  years,,MLE,Male,,,,,,,,0.004,0.00414,,,,,
4431,LIFE_0000000030,nqx - probability of dying between ages x and x+n,https://www.who.int/data/gho/indicator-metadata-registry/imr-details/30,,,,PUBLISHED,Published,,2002.0,2002,,AFR,2002,2002,Africa,,NGA,Nigeria,,AGE15-19,15-19  years,,MLE,Male,,,,,,,,0.02,0.02049,,,,,
4432,LIFE_0000000031,lx - number of people left alive at age x,https://www.who.int/data/gho/indicator-metadata-registry/imr-details/31,,,,PUBLISHED,Published,,2002.0,2002,,AFR,2002,2002,Africa,,NGA,Nigeria,,AGE15-19,15-19  years,,MLE,Male,,,,,,,,79357.23,79357.23000,,,,,
4433,LIFE_0000000032,ndx - number of people dying between ages x and x+n,https://www.who.int/data/gho/indicator-metadata-registry/imr-details/32,,,,PUBLISHED,Published,,2002.0,2002,,AFR,2002,2002,Africa,,NGA,Nigeria,,AGE15-19,15-19  years,,MLE,Male,,,,,,,,1625.776,1625.77600,,,,,
4434,LIFE_0000000033,nLx - person-years lived between ages x and x+n,https://www.who.int/data/gho/indicator-metadata-registry/imr-details/33,,,,PUBLISHED,Published,,2002.0,2002,,AFR,2002,2002,Africa,,NGA,Nigeria,,AGE15-19,15-19  years,,MLE,Male,,,,,,,,392873.1,392873.10000,,,,,
4435,LIFE_0000000032,ndx - number of people dying between ages x and x+n,https://www.who.int/data/gho/indicator-metadata-registry/imr-details/32,,,,PUBLISHED,Published,,2002.0,2002,,AFR,2002,2002,Africa,,NGA,Nigeria,,AGE25-29,25-29 years,,MLE,Male,,,,,,,,2980.4,2980.40000,,,,,
4436,LIFE_0000000033,nLx - person-years lived between ages x and x+n,https://www.who.int/data/gho/indicator-metadata-registry/imr-details/33,,,,PUBLISHED,Published,,2002.0,2002,,AFR,2002,2002,Africa,,NGA,Nigeria,,AGE25-29,25-29 years,,MLE,Male,,,,,,,,368418.9,368418.90000,,,,,
4437,LIFE_0000000034,Tx - person-years lived above age x,https://www.who.int/data/gho/indicator-metadata-registry/imr-details/34,,,,PUBLISHED,Published,,2002.0,2002,,AFR,2002,2002,Africa,,NGA,Nigeria,,AGE25-29,25-29 years,,MLE,Male,,,,,,,,2745883,2745883.00000,,,,,
4438,LIFE_0000000035,ex - expectation of life at age x,https://www.who.int/data/gho/indicator-metadata-registry/imr-details/35,,,,PUBLISHED,Published,,2002.0,2002,,AFR,2002,2002,Africa,,NGA,Nigeria,,AGE25-29,25-29 years,,MLE,Male,,,,,,,,36.5,36.52851,,,,,
4439,LIFE_0000000035,ex - expectation of life at age x,https://www.who.int/data/gho/indicator-metadata-registry/imr-details/35,,,,PUBLISHED,Published,,2002.0,2002,,AFR,2002,2002,Africa,,NGA,Nigeria,,AGE35-39,35-39 years,,MLE,Male,,,,,,,,29.4,29.41987,,,,,
4440,LIFE_0000000029,nMx - age-specific death rate between ages x and x+n,https://www.who.int/data/gho/indicator-metadata-registry/imr-details/29,,,,PUBLISHED,Published,,2002.0,2002,,AFR,2002,2002,Africa,,NGA,Nigeria,,AGE40-44,40-44 years,,MLE,Male,,,,,,,,0.013,0.01334,,,,,
4441,LIFE_0000000030,nqx - probability of dying between ages x and x+n,https://www.who.int/data/gho/indicator-metadata-registry/imr-details/30,,,,PUBLISHED,Published,,2002.0,2002,,AFR,2002,2002,Africa,,NGA,Nigeria,,AGE40-44,40-44 years,,MLE,Male,,,,,,,,0.065,0.06461,,,,,
4442,LIFE_0000000031,lx - number of people left alive at age x,https://www.who.int/data/gho/indicator-metadata-registry/imr-details/31,,,,PUBLISHED,Published,,2002.0,2002,,AFR,2002,2002,Africa,,NGA,Nigeria,,AGE40-44,40-44 years,,MLE,Male,,,,,,,,64936.89,64936.89000,,,,,
4443,LIFE_0000000031,lx - number of people left alive at age x,https://www.who.int/data/gho/indicator-metadata-registry/imr-details/31,,,,PUBLISHED,Published,,2002.0,2002,,AFR,2002,2002,Africa,,NGA,Nigeria,,AGE50-54,50-54 years,,MLE,Male,,,,,,,,56245.02,56245.02000,,,,,
4444,LIFE_0000000032,ndx - number of people dying between ages x and x+n,https://www.who.int/data/gho/indicator-metadata-registry/imr-details/32,,,,PUBLISHED,Published,,2002.0,2002,,AFR,2002,2002,Africa,,NGA,Nigeria,,AGE50-54,50-54 years,,MLE,Male,,,,,,,,5182.32,5182.32000,,,,,
4445,LIFE_0000000033,nLx - person-years lived between ages x and x+n,https://www.who.int/data/gho/indicator-metadata-registry/imr-details/33,,,,PUBLISHED,Published,,2002.0,2002,,AFR,2002,2002,Africa,,NGA,Nigeria,,AGE50-54,50-54 years,,MLE,Male,,,,,,,,268706.7,268706.70000,,,,,
4446,LIFE_0000000034,Tx - person-years lived above age x,https://www.who.int/data/gho/indicator-metadata-registry/imr-details/34,,,,PUBLISHED,Published,,2002.0,2002,,AFR,2002,2002,Africa,,NGA,Nigeria,,AGE50-54,50-54 years,,MLE,Male,,,,,,,,1083072,1083072.00000,,,,,
4447,LIFE_0000000033,nLx - person-years lived between ages x and x+n,https://www.who.int/data/gho/indicator-metadata-registry/imr-details/33,,,,PUBLISHED,Published,,2002.0,2002,,AFR,2002,2002,Africa,,NGA,Nigeria,,AGE60-64,60-64 years,,MLE,Male,,,,,,,,205996.7,205996.70000,,,,,
4448,LIFE_0000000034,Tx - person-years lived above age x,https://www.who.int/data/gho/indicator-metadata-registry/imr-details/34,,,,PUBLISHED,Published,,2002.0,2002,,AFR,2002,2002,Africa,,NGA,Nigeria,,AGE60-64,60-64 years,,MLE,Male,,,,,,,,573449.9,573449.90000,,,,,
4449,LIFE_0000000035,ex - expectation of life at age x,https://www.who.int/data/gho/indicator-metadata-registry/imr-details/35,,,,PUBLISHED,Published,,2002.0,2002,,AFR,2002,2002,Africa,,NGA,Nigeria,,AGE60-64,60-64 years,,MLE,Male,,,,,,,,12.7,12.72192,,,,,
4450,LIFE_0000000029,nMx - age-specific death rate between ages x and x+n,https://www.who.int/data/gho/indicator-metadata-registry/imr-details/29,,,,PUBLISHED,Published,,2002.0,2002,,AFR,2002,2002,Africa,,NGA,Nigeria,,AGE65-69,65-69 years,,MLE,Male,,,,,,,,0.058,0.05824,,,,,
4451,LIFE_0000000030,nqx - probability of dying between ages x and x+n,https://www.who.int/data/gho/indicator-metadata-registry/imr-details/30,,,,PUBLISHED,Published,,2002.0,2002,,AFR,2002,2002,Africa,,NGA,Nigeria,,AGE65-69,65-69 years,,MLE,Male,,,,,,,,0.255,0.25495,,,,,
4452,LIFE_0000000029,nMx - age-specific death rate between ages x and x+n,https://www.who.int/data/gho/indicator-metadata-registry/imr-details/29,,,,PUBLISHED,Published,,2002.0,2002,,AFR,2002,2002,Africa,,NGA,Nigeria,,AGE75-79,75-79 years,,MLE,Male,,,,,,,,0.148,0.14771,,,,,
4453,LIFE_0000000030,nqx - probability of dying between ages x and x+n,https://www.who.int/data/gho/indicator-metadata-registry/imr-details/30,,,,PUBLISHED,Published,,2002.0,2002,,AFR,2002,2002,Africa,,NGA,Nigeria,,AGE75-79,75-79 years,,MLE,Male,,,,,,,,0.533,0.53275,,,,,
4454,LIFE_0000000031,lx - number of people left alive at age x,https://www.who.int/data/gho/indicator-metadata-registry/imr-details/31,,,,PUBLISHED,Published,,2002.0,2002,,AFR,2002,2002,Africa,,NGA,Nigeria,,AGE75-79,75-79 years,,MLE,Male,,,,,,,,17222.81,17222.81000,,,,,
4455,LIFE_0000000032,ndx - number of people dying between ages x and x+n,https://www.who.int/data/gho/indicator-metadata-registry/imr-details/32,,,,PUBLISHED,Published,,2002.0,2002,,AFR,2002,2002,Africa,,NGA,Nigeria,,AGE75-79,75-79 years,,MLE,Male,,,,,,,,9175.494,9175.49400,,,,,
4456,LIFE_0000000032,ndx - number of people dying between ages x and x+n,https://www.who.int/data/gho/indicator-metadata-registry/imr-details/32,,,,PUBLISHED,Published,,2002.0,2002,,AFR,2002,2002,Africa,,NGA,Nigeria,,AGE85PLUS,85+ years,,MLE,Male,,,,,,,,2407.748,2407.74800,,,,,
4457,LIFE_0000000033,nLx - person-years lived between ages x and x+n,https://www.who.int/data/gho/indicator-metadata-registry/imr-details/33,,,,PUBLISHED,Published,,2002.0,2002,,AFR,2002,2002,Africa,,NGA,Nigeria,,AGE85PLUS,85+ years,,MLE,Male,,,,,,,,6638.504,6638.50400,,,,,
4458,LIFE_0000000034,Tx - person-years lived above age x,https://www.who.int/data/gho/indicator-metadata-registry/imr-details/34,,,,PUBLISHED,Published,,2002.0,2002,,AFR,2002,2002,Africa,,NGA,Nigeria,,AGE85PLUS,85+ years,,MLE,Male,,,,,,,,6638.504,6638.50400,,,,,
4459,LIFE_0000000035,ex - expectation of life at age x,https://www.who.int/data/gho/indicator-metadata-registry/imr-details/35,,,,PUBLISHED,Published,,2002.0,2002,,AFR,2002,2002,Africa,,NGA,Nigeria,,AGE85PLUS,85+ years,,MLE,Male,,,,,,,,2.8,2.75714,,,,,
4460,LIFE_0000000034,Tx - person-years lived above age x,https://www.who.int/data/gho/indicator-metadata-registry/imr-details/34,,,,PUBLISHED,Published,,2002.0,2002,,AFR,2002,2002,Africa,,NGA,Nigeria,,AGE1-4,1-4 years,,FMLE,Female,,,,,,,,4734208,4734208.00000,,,,,
4461,LIFE_0000000035,ex - expectation of life at age x,https://www.who.int/data/gho/indicator-metadata-registry/imr-details/35,,,,PUBLISHED,Published,,2002.0,2002,,AFR,2002,2002,Africa,,NGA,Nigeria,,AGE1-4,1-4 years,,FMLE,Female,,,,,,,,52.7,52.66425,,,,,
4462,LIFE_0000000029,nMx - age-specific death rate between ages x and x+n,https://www.who.int/data/gho/indicator-metadata-registry/imr-details/29,,,,PUBLISHED,Published,,2002.0,2002,,AFR,2002,2002,Africa,,NGA,Nigeria,,AGE5-9,5-9 years,,FMLE,Female,,,,,,,,0.005,0.00544,,,,,
4463,LIFE_0000000030,nqx - probability of dying between ages x and x+n,https://www.who.int/data/gho/indicator-metadata-registry/imr-details/30,,,,PUBLISHED,Published,,2002.0,2002,,AFR,2002,2002,Africa,,NGA,Nigeria,,AGE5-9,5-9 years,,FMLE,Female,,,,,,,,0.027,0.02686,,,,,
4464,LIFE_0000000031,lx - number of people left alive at age x,https://www.who.int/data/gho/indicator-metadata-registry/imr-details/31,,,,PUBLISHED,Published,,2002.0,2002,,AFR,2002,2002,Africa,,NGA,Nigeria,,AGE5-9,5-9 years,,FMLE,Female,,,,,,,,82801.36,82801.36000,,,,,
4465,LIFE_0000000030,nqx - probability of dying between ages x and x+n,https://www.who.int/data/gho/indicator-metadata-registry/imr-details/30,,,,PUBLISHED,Published,,2002.0,2002,,AFR,2002,2002,Africa,,NGA,Nigeria,,AGE15-19,15-19  years,,FMLE,Female,,,,,,,,0.025,0.02536,,,,,
4466,LIFE_0000000031,lx - number of people left alive at age x,https://www.who.int/data/gho/indicator-metadata-registry/imr-details/31,,,,PUBLISHED,Published,,2002.0,2002,,AFR,2002,2002,Africa,,NGA,Nigeria,,AGE15-19,15-19  years,,FMLE,Female,,,,,,,,79686.27,79686.27000,,,,,
4467,LIFE_0000000032,ndx - number of people dying between ages x and x+n,https://www.who.int/data/gho/indicator-metadata-registry/imr-details/32,,,,PUBLISHED,Published,,2002.0,2002,,AFR,2002,2002,Africa,,NGA,Nigeria,,AGE15-19,15-19  years,,FMLE,Female,,,,,,,,2021.179,2021.17900,,,,,
4468,LIFE_0000000033,nLx - person-years lived between ages x and x+n,https://www.who.int/data/gho/indicator-metadata-registry/imr-details/33,,,,PUBLISHED,Published,,2002.0,2002,,AFR,2002,2002,Africa,,NGA,Nigeria,,AGE15-19,15-19  years,,FMLE,Female,,,,,,,,393612.5,393612.50000,,,,,
4469,LIFE_0000000033,nLx - person-years lived between ages x and x+n,https://www.who.int/data/gho/indicator-metadata-registry/imr-details/33,,,,PUBLISHED,Published,,2002.0,2002,,AFR,2002,2002,Africa,,NGA,Nigeria,,AGE25-29,25-29 years,,FMLE,Female,,,,,,,,365943.2,365943.20000,,,,,
4470,LIFE_0000000034,Tx - person-years lived above age x,https://www.who.int/data/gho/indicator-metadata-registry/imr-details/34,,,,PUBLISHED,Published,,2002.0,2002,,AFR,2002,2002,Africa,,NGA,Nigeria,,AGE25-29,25-29 years,,FMLE,Female,,,,,,,,2808903,2808903.00000,,,,,
4471,LIFE_0000000035,ex - expectation of life at age x,https://www.who.int/data/gho/indicator-metadata-registry/imr-details/35,,,,PUBLISHED,Published,,2002.0,2002,,AFR,2002,2002,Africa,,NGA,Nigeria,,AGE25-29,25-29 years,,FMLE,Female,,,,,,,,37.5,37.47059,,,,,
4472,LIFE_0000000029,nMx - age-specific death rate between ages x and x+n,https://www.who.int/data/gho/indicator-metadata-registry/imr-details/29,,,,PUBLISHED,Published,,2002.0,2002,,AFR,2002,2002,Africa,,NGA,Nigeria,,AGE30-34,30-34 years,,FMLE,Female,,,,,,,,0.011,0.01056,,,,,
4473,LIFE_0000000029,nMx - age-specific death rate between ages x and x+n,https://www.who.int/data/gho/indicator-metadata-registry/imr-details/29,,,,PUBLISHED,Published,,2002.0,2002,,AFR,2002,2002,Africa,,NGA,Nigeria,,AGE40-44,40-44 years,,FMLE,Female,,,,,,,,0.011,0.01121,,,,,
4474,LIFE_0000000030,nqx - probability of dying between ages x and x+n,https://www.who.int/data/gho/indicator-metadata-registry/imr-details/30,,,,PUBLISHED,Published,,2002.0,2002,,AFR,2002,2002,Africa,,NGA,Nigeria,,AGE40-44,40-44 years,,FMLE,Female,,,,,,,,0.055,0.05453,,,,,
4475,LIFE_0000000031,lx - number of people left alive at age x,https://www.who.int/data/gho/indicator-metadata-registry/imr-details/31,,,,PUBLISHED,Published,,2002.0,2002,,AFR,2002,2002,Africa,,NGA,Nigeria,,AGE40-44,40-44 years,,FMLE,Female,,,,,,,,63995.71,63995.71000,,,,,
4476,LIFE_0000000032,ndx - number of people dying between ages x and x+n,https://www.who.int/data/gho/indicator-metadata-registry/imr-details/32,,,,PUBLISHED,Published,,2002.0,2002,,AFR,2002,2002,Africa,,NGA,Nigeria,,AGE40-44,40-44 years,,FMLE,Female,,,,,,,,3489.9,3489.90000,,,,,
4477,LIFE_0000000031,lx - number of people left alive at age x,https://www.who.int/data/gho/indicator-metadata-registry/imr-details/31,,,,PUBLISHED,Published,,2002.0,2002,,AFR,2002,2002,Africa,,NGA,Nigeria,,AGE50-54,50-54 years,,FMLE,Female,,,,,,,,57061.55,57061.55000,,,,,
4478,LIFE_0000000032,ndx - number of people dying between ages x and x+n,https://www.who.int/data/gho/indicator-metadata-registry/imr-details/32,,,,PUBLISHED,Published,,2002.0,2002,,AFR,2002,2002,Africa,,NGA,Nigeria,,AGE50-54,50-54 years,,FMLE,Female,,,,,,,,4046.282,4046.28200,,,,,
4479,LIFE_0000000033,nLx - person-years lived between ages x and x+n,https://www.who.int/data/gho/indicator-metadata-registry/imr-details/33,,,,PUBLISHED,Published,,2002.0,2002,,AFR,2002,2002,Africa,,NGA,Nigeria,,AGE50-54,50-54 years,,FMLE,Female,,,,,,,,275582.3,275582.30000,,,,,
4480,LIFE_0000000034,Tx - person-years lived above age x,https://www.who.int/data/gho/indicator-metadata-registry/imr-details/34,,,,PUBLISHED,Published,,2002.0,2002,,AFR,2002,2002,Africa,,NGA,Nigeria,,AGE50-54,50-54 years,,FMLE,Female,,,,,,,,1160377,1160377.00000,,,,,
4481,LIFE_0000000035,ex - expectation of life at age x,https://www.who.int/data/gho/indicator-metadata-registry/imr-details/35,,,,PUBLISHED,Published,,2002.0,2002,,AFR,2002,2002,Africa,,NGA,Nigeria,,AGE50-54,50-54 years,,FMLE,Female,,,,,,,,20.3,20.33554,,,,,
4482,LIFE_0000000034,Tx - person-years lived above age x,https://www.who.int/data/gho/indicator-metadata-registry/imr-details/34,,,,PUBLISHED,Published,,2002.0,2002,,AFR,2002,2002,Africa,,NGA,Nigeria,,AGE60-64,60-64 years,,FMLE,Female,,,,,,,,631309,631309.00000,,,,,
4483,LIFE_0000000035,ex - expectation of life at age x,https://www.who.int/data/gho/indicator-metadata-registry/imr-details/35,,,,PUBLISHED,Published,,2002.0,2002,,AFR,2002,2002,Africa,,NGA,Nigeria,,AGE60-64,60-64 years,,FMLE,Female,,,,,,,,13.1,13.11694,,,,,
4484,LIFE_0000000029,nMx - age-specific death rate between ages x and x+n,https://www.who.int/data/gho/indicator-metadata-registry/imr-details/29,,,,PUBLISHED,Published,,2002.0,2002,,AFR,2002,2002,Africa,,NGA,Nigeria,,AGE65-69,65-69 years,,FMLE,Female,,,,,,,,0.055,0.05481,,,,,
4485,LIFE_0000000030,nqx - probability of dying between ages x and x+n,https://www.who.int/data/gho/indicator-metadata-registry/imr-details/30,,,,PUBLISHED,Published,,2002.0,2002,,AFR,2002,2002,Africa,,NGA,Nigeria,,AGE65-69,65-69 years,,FMLE,Female,,,,,,,,0.242,0.24203,,,,,
4486,LIFE_0000000030,nqx - probability of dying between ages x and x+n,https://www.who.int/data/gho/indicator-metadata-registry/imr-details/30,,,,PUBLISHED,Published,,2002.0,2002,,AFR,2002,2002,Africa,,NGA,Nigeria,,AGE75-79,75-79 years,,FMLE,Female,,,,,,,,0.527,0.52747,,,,,
4487,LIFE_0000000031,lx - number of people left alive at age x,https://www.who.int/data/gho/indicator-metadata-registry/imr-details/31,,,,PUBLISHED,Published,,2002.0,2002,,AFR,2002,2002,Africa,,NGA,Nigeria,,AGE75-79,75-79 years,,FMLE,Female,,,,,,,,19327.66,19327.66000,,,,,
4488,LIFE_0000000032,ndx - number of people dying between ages x and x+n,https://www.who.int/data/gho/indicator-metadata-registry/imr-details/32,,,,PUBLISHED,Published,,2002.0,2002,,AFR,2002,2002,Africa,,NGA,Nigeria,,AGE75-79,75-79 years,,FMLE,Female,,,,,,,,10194.72,10194.72000,,,,,
4489,LIFE_0000000033,nLx - person-years lived between ages x and x+n,https://www.who.int/data/gho/indicator-metadata-registry/imr-details/33,,,,PUBLISHED,Published,,2002.0,2002,,AFR,2002,2002,Africa,,NGA,Nigeria,,AGE75-79,75-79 years,,FMLE,Female,,,,,,,,70077.53,70077.53000,,,,,
4490,LIFE_0000000032,ndx - number of people dying between ages x and x+n,https://www.who.int/data/gho/indicator-metadata-registry/imr-details/32,,,,PUBLISHED,Published,,2002.0,2002,,AFR,2002,2002,Africa,,NGA,Nigeria,,AGE85PLUS,85+ years,,FMLE,Female,,,,,,,,2739.166,2739.16600,,,,,
4491,LIFE_0000000033,nLx - person-years lived between ages x and x+n,https://www.who.int/data/gho/indicator-metadata-registry/imr-details/33,,,,PUBLISHED,Published,,2002.0,2002,,AFR,2002,2002,Africa,,NGA,Nigeria,,AGE85PLUS,85+ years,,FMLE,Female,,,,,,,,7725.667,7725.66700,,,,,
4492,LIFE_0000000034,Tx - person-years lived above age x,https://www.who.int/data/gho/indicator-metadata-registry/imr-details/34,,,,PUBLISHED,Published,,2002.0,2002,,AFR,2002,2002,Africa,,NGA,Nigeria,,AGE85PLUS,85+ years,,FMLE,Female,,,,,,,,7725.667,7725.66700,,,,,
4493,LIFE_0000000035,ex - expectation of life at age x,https://www.who.int/data/gho/indicator-metadata-registry/imr-details/35,,,,PUBLISHED,Published,,2002.0,2002,,AFR,2002,2002,Africa,,NGA,Nigeria,,AGE85PLUS,85+ years,,FMLE,Female,,,,,,,,2.8,2.82045,,,,,
4494,LIFE_0000000029,nMx - age-specific death rate between ages x and x+n,https://www.who.int/data/gho/indicator-metadata-registry/imr-details/29,,,,PUBLISHED,Published,,2003.0,2003,,AFR,2003,2003,Africa,,NGA,Nigeria,,AGELT1,<1 year,,MLE,Male,,,,,,,,0.12,0.11978,,,,,
4495,LIFE_0000000035,ex - expectation of life at age x,https://www.who.int/data/gho/indicator-metadata-registry/imr-details/35,,,,PUBLISHED,Published,,2003.0,2003,,AFR,2003,2003,Africa,,NGA,Nigeria,,AGE1-4,1-4 years,,MLE,Male,,,,,,,,52.8,52.84773,,,,,
4496,LIFE_0000000029,nMx - age-specific death rate between ages x and x+n,https://www.who.int/data/gho/indicator-metadata-registry/imr-details/29,,,,PUBLISHED,Published,,2003.0,2003,,AFR,2003,2003,Africa,,NGA,Nigeria,,AGE5-9,5-9 years,,MLE,Male,,,,,,,,0.004,0.00426,,,,,
4497,LIFE_0000000030,nqx - probability of dying between ages x and x+n,https://www.who.int/data/gho/indicator-metadata-registry/imr-details/30,,,,PUBLISHED,Published,,2003.0,2003,,AFR,2003,2003,Africa,,NGA,Nigeria,,AGE5-9,5-9 years,,MLE,Male,,,,,,,,0.021,0.02106,,,,,
4498,LIFE_0000000031,lx - number of people left alive at age x,https://www.who.int/data/gho/indicator-metadata-registry/imr-details/31,,,,PUBLISHED,Published,,2003.0,2003,,AFR,2003,2003,Africa,,NGA,Nigeria,,AGE5-9,5-9 years,,MLE,Male,,,,,,,,82435.52,82435.52000,,,,,
4499,LIFE_0000000031,lx - number of people left alive at age x,https://www.who.int/data/gho/indicator-metadata-registry/imr-details/31,,,,PUBLISHED,Published,,2003.0,2003,,AFR,2003,2003,Africa,,NGA,Nigeria,,AGE15-19,15-19  years,,MLE,Male,,,,,,,,80021.96,80021.96000,,,,,
4500,LIFE_0000000032,ndx - number of people dying between ages x and x+n,https://www.who.int/data/gho/indicator-metadata-registry/imr-details/32,,,,PUBLISHED,Published,,2003.0,2003,,AFR,2003,2003,Africa,,NGA,Nigeria,,AGE15-19,15-19  years,,MLE,Male,,,,,,,,1608.452,1608.45200,,,,,
4501,LIFE_0000000033,nLx - person-years lived between ages x and x+n,https://www.who.int/data/gho/indicator-metadata-registry/imr-details/33,,,,PUBLISHED,Published,,2003.0,2003,,AFR,2003,2003,Africa,,NGA,Nigeria,,AGE15-19,15-19  years,,MLE,Male,,,,,,,,396237.1,396237.10000,,,,,
4502,LIFE_0000000034,Tx - person-years lived above age x,https://www.who.int/data/gho/indicator-metadata-registry/imr-details/34,,,,PUBLISHED,Published,,2003.0,2003,,AFR,2003,2003,Africa,,NGA,Nigeria,,AGE15-19,15-19  years,,MLE,Male,,,,,,,,3550682,3550682.00000,,,,,
4503,LIFE_0000000034,Tx - person-years lived above age x,https://www.who.int/data/gho/indicator-metadata-registry/imr-details/34,,,,PUBLISHED,Published,,2003.0,2003,,AFR,2003,2003,Africa,,NGA,Nigeria,,AGE25-29,25-29 years,,MLE,Male,,,,,,,,2768645,2768645.00000,,,,,
4504,LIFE_0000000035,ex - expectation of life at age x,https://www.who.int/data/gho/indicator-metadata-registry/imr-details/35,,,,PUBLISHED,Published,,2003.0,2003,,AFR,2003,2003,Africa,,NGA,Nigeria,,AGE25-29,25-29 years,,MLE,Male,,,,,,,,36.5,36.48526,,,,,
4505,LIFE_0000000029,nMx - age-specific death rate between ages x and x+n,https://www.who.int/data/gho/indicator-metadata-registry/imr-details/29,,,,PUBLISHED,Published,,2003.0,2003,,AFR,2003,2003,Africa,,NGA,Nigeria,,AGE30-34,30-34 years,,MLE,Male,,,,,,,,0.01,0.00960,,,,,
4506,LIFE_0000000030,nqx - probability of dying between ages x and x+n,https://www.who.int/data/gho/indicator-metadata-registry/imr-details/30,,,,PUBLISHED,Published,,2003.0,2003,,AFR,2003,2003,Africa,,NGA,Nigeria,,AGE30-34,30-34 years,,MLE,Male,,,,,,,,0.047,0.04686,,,,,
4507,LIFE_0000000029,nMx - age-specific death rate between ages x and x+n,https://www.who.int/data/gho/indicator-metadata-registry/imr-details/29,,,,PUBLISHED,Published,,2003.0,2003,,AFR,2003,2003,Africa,,NGA,Nigeria,,AGE40-44,40-44 years,,MLE,Male,,,,,,,,0.013,0.01347,,,,,
4508,LIFE_0000000030,nqx - probability of dying between ages x and x+n,https://www.who.int/data/gho/indicator-metadata-registry/imr-details/30,,,,PUBLISHED,Published,,2003.0,2003,,AFR,2003,2003,Africa,,NGA,Nigeria,,AGE40-44,40-44 years,,MLE,Male,,,,,,,,0.065,0.06519,,,,,
4509,LIFE_0000000031,lx - number of people left alive at age x,https://www.who.int/data/gho/indicator-metadata-registry/imr-details/31,,,,PUBLISHED,Published,,2003.0,2003,,AFR,2003,2003,Africa,,NGA,Nigeria,,AGE40-44,40-44 years,,MLE,Male,,,,,,,,65506.91,65506.91000,,,,,
4510,LIFE_0000000032,ndx - number of people dying between ages x and x+n,https://www.who.int/data/gho/indicator-metadata-registry/imr-details/32,,,,PUBLISHED,Published,,2003.0,2003,,AFR,2003,2003,Africa,,NGA,Nigeria,,AGE40-44,40-44 years,,MLE,Male,,,,,,,,4270.439,4270.43900,,,,,
4511,LIFE_0000000032,ndx - number of people dying between ages x and x+n,https://www.who.int/data/gho/indicator-metadata-registry/imr-details/32,,,,PUBLISHED,Published,,2003.0,2003,,AFR,2003,2003,Africa,,NGA,Nigeria,,AGE50-54,50-54 years,,MLE,Male,,,,,,,,5237.558,5237.55800,,,,,
4512,LIFE_0000000033,nLx - person-years lived between ages x and x+n,https://www.who.int/data/gho/indicator-metadata-registry/imr-details/33,,,,PUBLISHED,Published,,2003.0,2003,,AFR,2003,2003,Africa,,NGA,Nigeria,,AGE50-54,50-54 years,,MLE,Male,,,,,,,,270713.9,270713.90000,,,,,
4513,LIFE_0000000034,Tx - person-years lived above age x,https://www.who.int/data/gho/indicator-metadata-registry/imr-details/34,,,,PUBLISHED,Published,,2003.0,2003,,AFR,2003,2003,Africa,,NGA,Nigeria,,AGE50-54,50-54 years,,MLE,Male,,,,,,,,1090851,1090851.00000,,,,,
4514,LIFE_0000000035,ex - expectation of life at age x,https://www.who.int/data/gho/indicator-metadata-registry/imr-details/35,,,,PUBLISHED,Published,,2003.0,2003,,AFR,2003,2003,Africa,,NGA,Nigeria,,AGE50-54,50-54 years,,MLE,Male,,,,,,,,19.2,19.24814,,,,,
4515,LIFE_0000000035,ex - expectation of life at age x,https://www.who.int/data/gho/indicator-metadata-registry/imr-details/35,,,,PUBLISHED,Published,,2003.0,2003,,AFR,2003,2003,Africa,,NGA,Nigeria,,AGE60-64,60-64 years,,MLE,Male,,,,,,,,12.7,12.71481,,,,,
4516,LIFE_0000000029,nMx - age-specific death rate between ages x and x+n,https://www.who.int/data/gho/indicator-metadata-registry/imr-details/29,,,,PUBLISHED,Published,,2003.0,2003,,AFR,2003,2003,Africa,,NGA,Nigeria,,AGE65-69,65-69 years,,MLE,Male,,,,,,,,0.058,0.05831,,,,,
4517,LIFE_0000000030,nqx - probability of dying between ages x and x+n,https://www.who.int/data/gho/indicator-metadata-registry/imr-details/30,,,,PUBLISHED,Published,,2003.0,2003,,AFR,2003,2003,Africa,,NGA,Nigeria,,AGE65-69,65-69 years,,MLE,Male,,,,,,,,0.255,0.25522,,,,,
4518,LIFE_0000000031,lx - number of people left alive at age x,https://www.who.int/data/gho/indicator-metadata-registry/imr-details/31,,,,PUBLISHED,Published,,2003.0,2003,,AFR,2003,2003,Africa,,NGA,Nigeria,,AGE65-69,65-69 years,,MLE,Male,,,,,,,,37306.6,37306.60000,,,,,
4519,LIFE_0000000030,nqx - probability of dying between ages x and x+n,https://www.who.int/data/gho/indicator-metadata-registry/imr-details/30,,,,PUBLISHED,Published,,2003.0,2003,,AFR,2003,2003,Africa,,NGA,Nigeria,,AGE75-79,75-79 years,,MLE,Male,,,,,,,,0.533,0.53277,,,,,
4520,LIFE_0000000031,lx - number of people left alive at age x,https://www.who.int/data/gho/indicator-metadata-registry/imr-details/31,,,,PUBLISHED,Published,,2003.0,2003,,AFR,2003,2003,Africa,,NGA,Nigeria,,AGE75-79,75-79 years,,MLE,Male,,,,,,,,17334.92,17334.92000,,,,,
4521,LIFE_0000000032,ndx - number of people dying between ages x and x+n,https://www.who.int/data/gho/indicator-metadata-registry/imr-details/32,,,,PUBLISHED,Published,,2003.0,2003,,AFR,2003,2003,Africa,,NGA,Nigeria,,AGE75-79,75-79 years,,MLE,Male,,,,,,,,9235.478,9235.47800,,,,,
4522,LIFE_0000000033,nLx - person-years lived between ages x and x+n,https://www.who.int/data/gho/indicator-metadata-registry/imr-details/33,,,,PUBLISHED,Published,,2003.0,2003,,AFR,2003,2003,Africa,,NGA,Nigeria,,AGE75-79,75-79 years,,MLE,Male,,,,,,,,62523.3,62523.30000,,,,,
4523,LIFE_0000000034,Tx - person-years lived above age x,https://www.who.int/data/gho/indicator-metadata-registry/imr-details/34,,,,PUBLISHED,Published,,2003.0,2003,,AFR,2003,2003,Africa,,NGA,Nigeria,,AGE75-79,75-79 years,,MLE,Male,,,,,,,,93807.2,93807.20000,,,,,
4524,LIFE_0000000033,nLx - person-years lived between ages x and x+n,https://www.who.int/data/gho/indicator-metadata-registry/imr-details/33,,,,PUBLISHED,Published,,2003.0,2003,,AFR,2003,2003,Africa,,NGA,Nigeria,,AGE85PLUS,85+ years,,MLE,Male,,,,,,,,6684.91,6684.91000,,,,,
4525,LIFE_0000000034,Tx - person-years lived above age x,https://www.who.int/data/gho/indicator-metadata-registry/imr-details/34,,,,PUBLISHED,Published,,2003.0,2003,,AFR,2003,2003,Africa,,NGA,Nigeria,,AGE85PLUS,85+ years,,MLE,Male,,,,,,,,6684.91,6684.91000,,,,,
4526,LIFE_0000000035,ex - expectation of life at age x,https://www.who.int/data/gho/indicator-metadata-registry/imr-details/35,,,,PUBLISHED,Published,,2003.0,2003,,AFR,2003,2003,Africa,,NGA,Nigeria,,AGE85PLUS,85+ years,,MLE,Male,,,,,,,,2.8,2.75835,,,,,
4527,LIFE_0000000029,nMx - age-specific death rate between ages x and x+n,https://www.who.int/data/gho/indicator-metadata-registry/imr-details/29,,,,PUBLISHED,Published,,2003.0,2003,,AFR,2003,2003,Africa,,NGA,Nigeria,,AGELT1,<1 year,,FMLE,Female,,,,,,,,0.104,0.10431,,,,,
4528,LIFE_0000000029,nMx - age-specific death rate between ages x and x+n,https://www.who.int/data/gho/indicator-metadata-registry/imr-details/29,,,,PUBLISHED,Published,,2003.0,2003,,AFR,2003,2003,Africa,,NGA,Nigeria,,AGE5-9,5-9 years,,FMLE,Female,,,,,,,,0.005,0.00530,,,,,
4529,LIFE_0000000030,nqx - probability of dying between ages x and x+n,https://www.who.int/data/gho/indicator-metadata-registry/imr-details/30,,,,PUBLISHED,Published,,2003.0,2003,,AFR,2003,2003,Africa,,NGA,Nigeria,,AGE5-9,5-9 years,,FMLE,Female,,,,,,,,0.026,0.02615,,,,,
4530,LIFE_0000000031,lx - number of people left alive at age x,https://www.who.int/data/gho/indicator-metadata-registry/imr-details/31,,,,PUBLISHED,Published,,2003.0,2003,,AFR,2003,2003,Africa,,NGA,Nigeria,,AGE5-9,5-9 years,,FMLE,Female,,,,,,,,83415.69,83415.69000,,,,,
4531,LIFE_0000000032,ndx - number of people dying between ages x and x+n,https://www.who.int/data/gho/indicator-metadata-registry/imr-details/32,,,,PUBLISHED,Published,,2003.0,2003,,AFR,2003,2003,Africa,,NGA,Nigeria,,AGE5-9,5-9 years,,FMLE,Female,,,,,,,,2181.578,2181.57800,,,,,
4532,LIFE_0000000032,ndx - number of people dying between ages x and x+n,https://www.who.int/data/gho/indicator-metadata-registry/imr-details/32,,,,PUBLISHED,Published,,2003.0,2003,,AFR,2003,2003,Africa,,NGA,Nigeria,,AGE15-19,15-19  years,,FMLE,Female,,,,,,,,2016.844,2016.84400,,,,,
4533,LIFE_0000000033,nLx - person-years lived between ages x and x+n,https://www.who.int/data/gho/indicator-metadata-registry/imr-details/33,,,,PUBLISHED,Published,,2003.0,2003,,AFR,2003,2003,Africa,,NGA,Nigeria,,AGE15-19,15-19  years,,FMLE,Female,,,,,,,,396930.7,396930.70000,,,,,
4534,LIFE_0000000034,Tx - person-years lived above age x,https://www.who.int/data/gho/indicator-metadata-registry/imr-details/34,,,,PUBLISHED,Published,,2003.0,2003,,AFR,2003,2003,Africa,,NGA,Nigeria,,AGE15-19,15-19  years,,FMLE,Female,,,,,,,,3608924,3608924.00000,,,,,
4535,LIFE_0000000035,ex - expectation of life at age x,https://www.who.int/data/gho/indicator-metadata-registry/imr-details/35,,,,PUBLISHED,Published,,2003.0,2003,,AFR,2003,2003,Africa,,NGA,Nigeria,,AGE15-19,15-19  years,,FMLE,Female,,,,,,,,44.9,44.91637,,,,,
4536,LIFE_0000000034,Tx - person-years lived above age x,https://www.who.int/data/gho/indicator-metadata-registry/imr-details/34,,,,PUBLISHED,Published,,2003.0,2003,,AFR,2003,2003,Africa,,NGA,Nigeria,,AGE25-29,25-29 years,,FMLE,Female,,,,,,,,2826932,2826932.00000,,,,,
4537,LIFE_0000000035,ex - expectation of life at age x,https://www.who.int/data/gho/indicator-metadata-registry/imr-details/35,,,,PUBLISHED,Published,,2003.0,2003,,AFR,2003,2003,Africa,,NGA,Nigeria,,AGE25-29,25-29 years,,FMLE,Female,,,,,,,,37.4,37.37311,,,,,
4538,LIFE_0000000029,nMx - age-specific death rate between ages x and x+n,https://www.who.int/data/gho/indicator-metadata-registry/imr-details/29,,,,PUBLISHED,Published,,2003.0,2003,,AFR,2003,2003,Africa,,NGA,Nigeria,,AGE30-34,30-34 years,,FMLE,Female,,,,,,,,0.011,0.01078,,,,,
4539,LIFE_0000000030,nqx - probability of dying between ages x and x+n,https://www.who.int/data/gho/indicator-metadata-registry/imr-details/30,,,,PUBLISHED,Published,,2003.0,2003,,AFR,2003,2003,Africa,,NGA,Nigeria,,AGE30-34,30-34 years,,FMLE,Female,,,,,,,,0.052,0.05249,,,,,
4540,LIFE_0000000030,nqx - probability of dying between ages x and x+n,https://www.who.int/data/gho/indicator-metadata-registry/imr-details/30,,,,PUBLISHED,Published,,2003.0,2003,,AFR,2003,2003,Africa,,NGA,Nigeria,,AGE40-44,40-44 years,,FMLE,Female,,,,,,,,0.055,0.05529,,,,,
4541,LIFE_0000000031,lx - number of people left alive at age x,https://www.who.int/data/gho/indicator-metadata-registry/imr-details/31,,,,PUBLISHED,Published,,2003.0,2003,,AFR,2003,2003,Africa,,NGA,Nigeria,,AGE40-44,40-44 years,,FMLE,Female,,,,,,,,64413.77,64413.77000,,,,,
4542,LIFE_0000000032,ndx - number of people dying between ages x and x+n,https://www.who.int/data/gho/indicator-metadata-registry/imr-details/32,,,,PUBLISHED,Published,,2003.0,2003,,AFR,2003,2003,Africa,,NGA,Nigeria,,AGE40-44,40-44 years,,FMLE,Female,,,,,,,,3561.549,3561.54900,,,,,
4543,LIFE_0000000033,nLx - person-years lived between ages x and x+n,https://www.who.int/data/gho/indicator-metadata-registry/imr-details/33,,,,PUBLISHED,Published,,2003.0,2003,,AFR,2003,2003,Africa,,NGA,Nigeria,,AGE40-44,40-44 years,,FMLE,Female,,,,,,,,313196.6,313196.60000,,,,,
4544,LIFE_0000000033,nLx - person-years lived between ages x and x+n,https://www.who.int/data/gho/indicator-metadata-registry/imr-details/33,,,,PUBLISHED,Published,,2003.0,2003,,AFR,2003,2003,Africa,,NGA,Nigeria,,AGE50-54,50-54 years,,FMLE,Female,,,,,,,,276993.9,276993.90000,,,,,
4545,LIFE_0000000034,Tx - person-years lived above age x,https://www.who.int/data/gho/indicator-metadata-registry/imr-details/34,,,,PUBLISHED,Published,,2003.0,2003,,AFR,2003,2003,Africa,,NGA,Nigeria,,AGE50-54,50-54 years,,FMLE,Female,,,,,,,,1166238,1166238.00000,,,,,
4546,LIFE_0000000035,ex - expectation of life at age x,https://www.who.int/data/gho/indicator-metadata-registry/imr-details/35,,,,PUBLISHED,Published,,2003.0,2003,,AFR,2003,2003,Africa,,NGA,Nigeria,,AGE50-54,50-54 years,,FMLE,Female,,,,,,,,20.3,20.33201,,,,,
4547,LIFE_0000000029,nMx - age-specific death rate between ages x and x+n,https://www.who.int/data/gho/indicator-metadata-registry/imr-details/29,,,,PUBLISHED,Published,,2003.0,2003,,AFR,2003,2003,Africa,,NGA,Nigeria,,AGE55-59,55-59 years,,FMLE,Female,,,,,,,,0.019,0.01924,,,,,
4548,LIFE_0000000035,ex - expectation of life at age x,https://www.who.int/data/gho/indicator-metadata-registry/imr-details/35,,,,PUBLISHED,Published,,2003.0,2003,,AFR,2003,2003,Africa,,NGA,Nigeria,,AGE60-64,60-64 years,,FMLE,Female,,,,,,,,13.1,13.11502,,,,,
4549,LIFE_0000000029,nMx - age-specific death rate between ages x and x+n,https://www.who.int/data/gho/indicator-metadata-registry/imr-details/29,,,,PUBLISHED,Published,,2003.0,2003,,AFR,2003,2003,Africa,,NGA,Nigeria,,AGE65-69,65-69 years,,FMLE,Female,,,,,,,,0.055,0.05483,,,,,
4550,LIFE_0000000030,nqx - probability of dying between ages x and x+n,https://www.who.int/data/gho/indicator-metadata-registry/imr-details/30,,,,PUBLISHED,Published,,2003.0,2003,,AFR,2003,2003,Africa,,NGA,Nigeria,,AGE65-69,65-69 years,,FMLE,Female,,,,,,,,0.242,0.24209,,,,,
4551,LIFE_0000000031,lx - number of people left alive at age x,https://www.who.int/data/gho/indicator-metadata-registry/imr-details/31,,,,PUBLISHED,Published,,2003.0,2003,,AFR,2003,2003,Africa,,NGA,Nigeria,,AGE65-69,65-69 years,,FMLE,Female,,,,,,,,40600.21,40600.21000,,,,,
4552,LIFE_0000000032,ndx - number of people dying between ages x and x+n,https://www.who.int/data/gho/indicator-metadata-registry/imr-details/32,,,,PUBLISHED,Published,,2003.0,2003,,AFR,2003,2003,Africa,,NGA,Nigeria,,AGE65-69,65-69 years,,FMLE,Female,,,,,,,,9828.964,9828.96400,,,,,
4553,LIFE_0000000031,lx - number of people left alive at age x,https://www.who.int/data/gho/indicator-metadata-registry/imr-details/31,,,,PUBLISHED,Published,,2003.0,2003,,AFR,2003,2003,Africa,,NGA,Nigeria,,AGE75-79,75-79 years,,FMLE,Female,,,,,,,,19422.75,19422.75000,,,,,
4554,LIFE_0000000032,ndx - number of people dying between ages x and x+n,https://www.who.int/data/gho/indicator-metadata-registry/imr-details/32,,,,PUBLISHED,Published,,2003.0,2003,,AFR,2003,2003,Africa,,NGA,Nigeria,,AGE75-79,75-79 years,,FMLE,Female,,,,,,,,10243.49,10243.49000,,,,,
4555,LIFE_0000000033,nLx - person-years lived between ages x and x+n,https://www.who.int/data/gho/indicator-metadata-registry/imr-details/33,,,,PUBLISHED,Published,,2003.0,2003,,AFR,2003,2003,Africa,,NGA,Nigeria,,AGE75-79,75-79 years,,FMLE,Female,,,,,,,,70426.91,70426.91000,,,,,
4556,LIFE_0000000034,Tx - person-years lived above age x,https://www.who.int/data/gho/indicator-metadata-registry/imr-details/34,,,,PUBLISHED,Published,,2003.0,2003,,AFR,2003,2003,Africa,,NGA,Nigeria,,AGE75-79,75-79 years,,FMLE,Female,,,,,,,,106092.7,106092.70000,,,,,
4557,LIFE_0000000034,Tx - person-years lived above age x,https://www.who.int/data/gho/indicator-metadata-registry/imr-details/34,,,,PUBLISHED,Published,,2003.0,2003,,AFR,2003,2003,Africa,,NGA,Nigeria,,AGE85PLUS,85+ years,,FMLE,Female,,,,,,,,7769.312,7769.31200,,,,,
4558,LIFE_0000000035,ex - expectation of life at age x,https://www.who.int/data/gho/indicator-metadata-registry/imr-details/35,,,,PUBLISHED,Published,,2003.0,2003,,AFR,2003,2003,Africa,,NGA,Nigeria,,AGE85PLUS,85+ years,,FMLE,Female,,,,,,,,2.8,2.82133,,,,,
4559,LIFE_0000000029,nMx - age-specific death rate between ages x and x+n,https://www.who.int/data/gho/indicator-metadata-registry/imr-details/29,,,,PUBLISHED,Published,,2004.0,2004,,AFR,2004,2004,Africa,,NGA,Nigeria,,AGELT1,<1 year,,MLE,Male,,,,,,,,0.116,0.11578,,,,,
4560,LIFE_0000000030,nqx - probability of dying between ages x and x+n,https://www.who.int/data/gho/indicator-metadata-registry/imr-details/30,,,,PUBLISHED,Published,,2004.0,2004,,AFR,2004,2004,Africa,,NGA,Nigeria,,AGELT1,<1 year,,MLE,Male,,,,,,,,0.107,0.10742,,,,,
4561,LIFE_0000000030,nqx - probability of dying between ages x and x+n,https://www.who.int/data/gho/indicator-metadata-registry/imr-details/30,,,,PUBLISHED,Published,,2004.0,2004,,AFR,2004,2004,Africa,,NGA,Nigeria,,AGE5-9,5-9 years,,MLE,Male,,,,,,,,0.02,0.02028,,,,,
4562,LIFE_0000000031,lx - number of people left alive at age x,https://www.who.int/data/gho/indicator-metadata-registry/imr-details/31,,,,PUBLISHED,Published,,2004.0,2004,,AFR,2004,2004,Africa,,NGA,Nigeria,,AGE5-9,5-9 years,,MLE,Male,,,,,,,,83043.27,83043.27000,,,,,
4563,LIFE_0000000032,ndx - number of people dying between ages x and x+n,https://www.who.int/data/gho/indicator-metadata-registry/imr-details/32,,,,PUBLISHED,Published,,2004.0,2004,,AFR,2004,2004,Africa,,NGA,Nigeria,,AGE5-9,5-9 years,,MLE,Male,,,,,,,,1684.095,1684.09500,,,,,
4564,LIFE_0000000033,nLx - person-years lived between ages x and x+n,https://www.who.int/data/gho/indicator-metadata-registry/imr-details/33,,,,PUBLISHED,Published,,2004.0,2004,,AFR,2004,2004,Africa,,NGA,Nigeria,,AGE5-9,5-9 years,,MLE,Male,,,,,,,,411006.1,411006.10000,,,,,
4565,LIFE_0000000032,ndx - number of people dying between ages x and x+n,https://www.who.int/data/gho/indicator-metadata-registry/imr-details/32,,,,PUBLISHED,Published,,2004.0,2004,,AFR,2004,2004,Africa,,NGA,Nigeria,,AGE15-19,15-19  years,,MLE,Male,,,,,,,,1563.906,1563.90600,,,,,
4566,LIFE_0000000033,nLx - person-years lived between ages x and x+n,https://www.who.int/data/gho/indicator-metadata-registry/imr-details/33,,,,PUBLISHED,Published,,2004.0,2004,,AFR,2004,2004,Africa,,NGA,Nigeria,,AGE15-19,15-19  years,,MLE,Male,,,,,,,,399618,399618.00000,,,,,
4567,LIFE_0000000034,Tx - person-years lived above age x,https://www.who.int/data/gho/indicator-metadata-registry/imr-details/34,,,,PUBLISHED,Published,,2004.0,2004,,AFR,2004,2004,Africa,,NGA,Nigeria,,AGE15-19,15-19  years,,MLE,Male,,,,,,,,3595955,3595955.00000,,,,,
4568,LIFE_0000000035,ex - expectation of life at age x,https://www.who.int/data/gho/indicator-metadata-registry/imr-details/35,,,,PUBLISHED,Published,,2004.0,2004,,AFR,2004,2004,Africa,,NGA,Nigeria,,AGE15-19,15-19  years,,MLE,Male,,,,,,,,44.6,44.57225,,,,,
4569,LIFE_0000000035,ex - expectation of life at age x,https://www.who.int/data/gho/indicator-metadata-registry/imr-details/35,,,,PUBLISHED,Published,,2004.0,2004,,AFR,2004,2004,Africa,,NGA,Nigeria,,AGE25-29,25-29 years,,MLE,Male,,,,,,,,36.6,36.61784,,,,,
4570,LIFE_0000000029,nMx - age-specific death rate between ages x and x+n,https://www.who.int/data/gho/indicator-metadata-registry/imr-details/29,,,,PUBLISHED,Published,,2004.0,2004,,AFR,2004,2004,Africa,,NGA,Nigeria,,AGE30-34,30-34 years,,MLE,Male,,,,,,,,0.01,0.00952,,,,,
4571,LIFE_0000000030,nqx - probability of dying between ages x and x+n,https://www.who.int/data/gho/indicator-metadata-registry/imr-details/30,,,,PUBLISHED,Published,,2004.0,2004,,AFR,2004,2004,Africa,,NGA,Nigeria,,AGE30-34,30-34 years,,MLE,Male,,,,,,,,0.046,0.04650,,,,,
4572,LIFE_0000000031,lx - number of people left alive at age x,https://www.who.int/data/gho/indicator-metadata-registry/imr-details/31,,,,PUBLISHED,Published,,2004.0,2004,,AFR,2004,2004,Africa,,NGA,Nigeria,,AGE30-34,30-34 years,,MLE,Male,,,,,,,,73701.16,73701.16000,,,,,
4573,LIFE_0000000031,lx - number of people left alive at age x,https://www.who.int/data/gho/indicator-metadata-registry/imr-details/31,,,,PUBLISHED,Published,,2004.0,2004,,AFR,2004,2004,Africa,,NGA,Nigeria,,AGE40-44,40-44 years,,MLE,Male,,,,,,,,66282.36,66282.36000,,,,,
4574,LIFE_0000000032,ndx - number of people dying between ages x and x+n,https://www.who.int/data/gho/indicator-metadata-registry/imr-details/32,,,,PUBLISHED,Published,,2004.0,2004,,AFR,2004,2004,Africa,,NGA,Nigeria,,AGE40-44,40-44 years,,MLE,Male,,,,,,,,4300.252,4300.25200,,,,,
4575,LIFE_0000000033,nLx - person-years lived between ages x and x+n,https://www.who.int/data/gho/indicator-metadata-registry/imr-details/33,,,,PUBLISHED,Published,,2004.0,2004,,AFR,2004,2004,Africa,,NGA,Nigeria,,AGE40-44,40-44 years,,MLE,Male,,,,,,,,320915.6,320915.60000,,,,,
4576,LIFE_0000000034,Tx - person-years lived above age x,https://www.who.int/data/gho/indicator-metadata-registry/imr-details/34,,,,PUBLISHED,Published,,2004.0,2004,,AFR,2004,2004,Africa,,NGA,Nigeria,,AGE40-44,40-44 years,,MLE,Male,,,,,,,,1729400,1729400.00000,,,,,
4577,LIFE_0000000033,nLx - person-years lived between ages x and x+n,https://www.who.int/data/gho/indicator-metadata-registry/imr-details/33,,,,PUBLISHED,Published,,2004.0,2004,,AFR,2004,2004,Africa,,NGA,Nigeria,,AGE50-54,50-54 years,,MLE,Male,,,,,,,,274295.4,274295.40000,,,,,
4578,LIFE_0000000034,Tx - person-years lived above age x,https://www.who.int/data/gho/indicator-metadata-registry/imr-details/34,,,,PUBLISHED,Published,,2004.0,2004,,AFR,2004,2004,Africa,,NGA,Nigeria,,AGE50-54,50-54 years,,MLE,Male,,,,,,,,1109708,1109708.00000,,,,,
4579,LIFE_0000000035,ex - expectation of life at age x,https://www.who.int/data/gho/indicator-metadata-registry/imr-details/35,,,,PUBLISHED,Published,,2004.0,2004,,AFR,2004,2004,Africa,,NGA,Nigeria,,AGE50-54,50-54 years,,MLE,Male,,,,,,,,19.3,19.33333,,,,,
4580,LIFE_0000000029,nMx - age-specific death rate between ages x and x+n,https://www.who.int/data/gho/indicator-metadata-registry/imr-details/29,,,,PUBLISHED,Published,,2004.0,2004,,AFR,2004,2004,Africa,,NGA,Nigeria,,AGE55-59,55-59 years,,MLE,Male,,,,,,,,0.024,0.02448,,,,,
4581,LIFE_0000000030,nqx - probability of dying between ages x and x+n,https://www.who.int/data/gho/indicator-metadata-registry/imr-details/30,,,,PUBLISHED,Published,,2004.0,2004,,AFR,2004,2004,Africa,,NGA,Nigeria,,AGE55-59,55-59 years,,MLE,Male,,,,,,,,0.116,0.11561,,,,,
4582,LIFE_0000000029,nMx - age-specific death rate between ages x and x+n,https://www.who.int/data/gho/indicator-metadata-registry/imr-details/29,,,,PUBLISHED,Published,,2004.0,2004,,AFR,2004,2004,Africa,,NGA,Nigeria,,AGE65-69,65-69 years,,MLE,Male,,,,,,,,0.058,0.05775,,,,,
4583,LIFE_0000000030,nqx - probability of dying between ages x and x+n,https://www.who.int/data/gho/indicator-metadata-registry/imr-details/30,,,,PUBLISHED,Published,,2004.0,2004,,AFR,2004,2004,Africa,,NGA,Nigeria,,AGE65-69,65-69 years,,MLE,Male,,,,,,,,0.253,0.25309,,,,,
4584,LIFE_0000000031,lx - number of people left alive at age x,https://www.who.int/data/gho/indicator-metadata-registry/imr-details/31,,,,PUBLISHED,Published,,2004.0,2004,,AFR,2004,2004,Africa,,NGA,Nigeria,,AGE65-69,65-69 years,,MLE,Male,,,,,,,,37947.86,37947.86000,,,,,
4585,LIFE_0000000032,ndx - number of people dying between ages x and x+n,https://www.who.int/data/gho/indicator-metadata-registry/imr-details/32,,,,PUBLISHED,Published,,2004.0,2004,,AFR,2004,2004,Africa,,NGA,Nigeria,,AGE65-69,65-69 years,,MLE,Male,,,,,,,,9604.225,9604.22500,,,,,
4586,LIFE_0000000032,ndx - number of people dying between ages x and x+n,https://www.who.int/data/gho/indicator-metadata-registry/imr-details/32,,,,PUBLISHED,Published,,2004.0,2004,,AFR,2004,2004,Africa,,NGA,Nigeria,,AGE75-79,75-79 years,,MLE,Male,,,,,,,,9406.687,9406.68700,,,,,
4587,LIFE_0000000033,nLx - person-years lived between ages x and x+n,https://www.who.int/data/gho/indicator-metadata-registry/imr-details/33,,,,PUBLISHED,Published,,2004.0,2004,,AFR,2004,2004,Africa,,NGA,Nigeria,,AGE75-79,75-79 years,,MLE,Male,,,,,,,,64241.78,64241.78000,,,,,
4588,LIFE_0000000034,Tx - person-years lived above age x,https://www.who.int/data/gho/indicator-metadata-registry/imr-details/34,,,,PUBLISHED,Published,,2004.0,2004,,AFR,2004,2004,Africa,,NGA,Nigeria,,AGE75-79,75-79 years,,MLE,Male,,,,,,,,96715.02,96715.02000,,,,,
4589,LIFE_0000000035,ex - expectation of life at age x,https://www.who.int/data/gho/indicator-metadata-registry/imr-details/35,,,,PUBLISHED,Published,,2004.0,2004,,AFR,2004,2004,Africa,,NGA,Nigeria,,AGE75-79,75-79 years,,MLE,Male,,,,,,,,5.4,5.44460,,,,,
4590,LIFE_0000000035,ex - expectation of life at age x,https://www.who.int/data/gho/indicator-metadata-registry/imr-details/35,,,,PUBLISHED,Published,,2004.0,2004,,AFR,2004,2004,Africa,,NGA,Nigeria,,AGE85PLUS,85+ years,,MLE,Male,,,,,,,,2.8,2.77430,,,,,
4591,LIFE_0000000029,nMx - age-specific death rate between ages x and x+n,https://www.who.int/data/gho/indicator-metadata-registry/imr-details/29,,,,PUBLISHED,Published,,2004.0,2004,,AFR,2004,2004,Africa,,NGA,Nigeria,,AGELT1,<1 year,,FMLE,Female,,,,,,,,0.101,0.10061,,,,,
4592,LIFE_0000000030,nqx - probability of dying between ages x and x+n,https://www.who.int/data/gho/indicator-metadata-registry/imr-details/30,,,,PUBLISHED,Published,,2004.0,2004,,AFR,2004,2004,Africa,,NGA,Nigeria,,AGELT1,<1 year,,FMLE,Female,,,,,,,,0.094,0.09431,,,,,
4593,LIFE_0000000031,lx - number of people left alive at age x,https://www.who.int/data/gho/indicator-metadata-registry/imr-details/31,,,,PUBLISHED,Published,,2004.0,2004,,AFR,2004,2004,Africa,,NGA,Nigeria,,AGELT1,<1 year,,FMLE,Female,,,,,,,,100000,100000.00000,,,,,
4594,LIFE_0000000030,nqx - probability of dying between ages x and x+n,https://www.who.int/data/gho/indicator-metadata-registry/imr-details/30,,,,PUBLISHED,Published,,2004.0,2004,,AFR,2004,2004,Africa,,NGA,Nigeria,,AGE5-9,5-9 years,,FMLE,Female,,,,,,,,0.025,0.02548,,,,,
4595,LIFE_0000000031,lx - number of people left alive at age x,https://www.who.int/data/gho/indicator-metadata-registry/imr-details/31,,,,PUBLISHED,Published,,2004.0,2004,,AFR,2004,2004,Africa,,NGA,Nigeria,,AGE5-9,5-9 years,,FMLE,Female,,,,,,,,84002.29,84002.29000,,,,,
4596,LIFE_0000000032,ndx - number of people dying between ages x and x+n,https://www.who.int/data/gho/indicator-metadata-registry/imr-details/32,,,,PUBLISHED,Published,,2004.0,2004,,AFR,2004,2004,Africa,,NGA,Nigeria,,AGE5-9,5-9 years,,FMLE,Female,,,,,,,,2140.337,2140.33700,,,,,
4597,LIFE_0000000033,nLx - person-years lived between ages x and x+n,https://www.who.int/data/gho/indicator-metadata-registry/imr-details/33,,,,PUBLISHED,Published,,2004.0,2004,,AFR,2004,2004,Africa,,NGA,Nigeria,,AGE5-9,5-9 years,,FMLE,Female,,,,,,,,414660.6,414660.60000,,,,,
4598,LIFE_0000000033,nLx - person-years lived between ages x and x+n,https://www.who.int/data/gho/indicator-metadata-registry/imr-details/33,,,,PUBLISHED,Published,,2004.0,2004,,AFR,2004,2004,Africa,,NGA,Nigeria,,AGE15-19,15-19  years,,FMLE,Female,,,,,,,,400146.1,400146.10000,,,,,
4599,LIFE_0000000034,Tx - person-years lived above age x,https://www.who.int/data/gho/indicator-metadata-registry/imr-details/34,,,,PUBLISHED,Published,,2004.0,2004,,AFR,2004,2004,Africa,,NGA,Nigeria,,AGE15-19,15-19  years,,FMLE,Female,,,,,,,,3653789,3653789.00000,,,,,
4600,LIFE_0000000035,ex - expectation of life at age x,https://www.who.int/data/gho/indicator-metadata-registry/imr-details/35,,,,PUBLISHED,Published,,2004.0,2004,,AFR,2004,2004,Africa,,NGA,Nigeria,,AGE15-19,15-19  years,,FMLE,Female,,,,,,,,45.1,45.12560,,,,,
4601,LIFE_0000000029,nMx - age-specific death rate between ages x and x+n,https://www.who.int/data/gho/indicator-metadata-registry/imr-details/29,,,,PUBLISHED,Published,,2004.0,2004,,AFR,2004,2004,Africa,,NGA,Nigeria,,AGE20-24,20-24 years,,FMLE,Female,,,,,,,,0.007,0.00675,,,,,
4602,LIFE_0000000029,nMx - age-specific death rate between ages x and x+n,https://www.who.int/data/gho/indicator-metadata-registry/imr-details/29,,,,PUBLISHED,Published,,2004.0,2004,,AFR,2004,2004,Africa,,NGA,Nigeria,,AGE30-34,30-34 years,,FMLE,Female,,,,,,,,0.011,0.01074,,,,,
4603,LIFE_0000000030,nqx - probability of dying between ages x and x+n,https://www.who.int/data/gho/indicator-metadata-registry/imr-details/30,,,,PUBLISHED,Published,,2004.0,2004,,AFR,2004,2004,Africa,,NGA,Nigeria,,AGE30-34,30-34 years,,FMLE,Female,,,,,,,,0.052,0.05228,,,,,
4604,LIFE_0000000031,lx - number of people left alive at age x,https://www.who.int/data/gho/indicator-metadata-registry/imr-details/31,,,,PUBLISHED,Published,,2004.0,2004,,AFR,2004,2004,Africa,,NGA,Nigeria,,AGE30-34,30-34 years,,FMLE,Female,,,,,,,,72829.76,72829.76000,,,,,
4605,LIFE_0000000032,ndx - number of people dying between ages x and x+n,https://www.who.int/data/gho/indicator-metadata-registry/imr-details/32,,,,PUBLISHED,Published,,2004.0,2004,,AFR,2004,2004,Africa,,NGA,Nigeria,,AGE30-34,30-34 years,,FMLE,Female,,,,,,,,3807.217,3807.21700,,,,,
4606,LIFE_0000000031,lx - number of people left alive at age x,https://www.who.int/data/gho/indicator-metadata-registry/imr-details/31,,,,PUBLISHED,Published,,2004.0,2004,,AFR,2004,2004,Africa,,NGA,Nigeria,,AGE40-44,40-44 years,,FMLE,Female,,,,,,,,65135.48,65135.48000,,,,,
4607,LIFE_0000000032,ndx - number of people dying between ages x and x+n,https://www.who.int/data/gho/indicator-metadata-registry/imr-details/32,,,,PUBLISHED,Published,,2004.0,2004,,AFR,2004,2004,Africa,,NGA,Nigeria,,AGE40-44,40-44 years,,FMLE,Female,,,,,,,,3581.198,3581.19800,,,,,
4608,LIFE_0000000033,nLx - person-years lived between ages x and x+n,https://www.who.int/data/gho/indicator-metadata-registry/imr-details/33,,,,PUBLISHED,Published,,2004.0,2004,,AFR,2004,2004,Africa,,NGA,Nigeria,,AGE40-44,40-44 years,,FMLE,Female,,,,,,,,316758.5,316758.50000,,,,,
4609,LIFE_0000000034,Tx - person-years lived above age x,https://www.who.int/data/gho/indicator-metadata-registry/imr-details/34,,,,PUBLISHED,Published,,2004.0,2004,,AFR,2004,2004,Africa,,NGA,Nigeria,,AGE40-44,40-44 years,,FMLE,Female,,,,,,,,1801981,1801981.00000,,,,,
4610,LIFE_0000000035,ex - expectation of life at age x,https://www.who.int/data/gho/indicator-metadata-registry/imr-details/35,,,,PUBLISHED,Published,,2004.0,2004,,AFR,2004,2004,Africa,,NGA,Nigeria,,AGE40-44,40-44 years,,FMLE,Female,,,,,,,,27.7,27.66512,,,,,
4611,LIFE_0000000034,Tx - person-years lived above age x,https://www.who.int/data/gho/indicator-metadata-registry/imr-details/34,,,,PUBLISHED,Published,,2004.0,2004,,AFR,2004,2004,Africa,,NGA,Nigeria,,AGE50-54,50-54 years,,FMLE,Female,,,,,,,,1186002,1186002.00000,,,,,
4612,LIFE_0000000035,ex - expectation of life at age x,https://www.who.int/data/gho/indicator-metadata-registry/imr-details/35,,,,PUBLISHED,Published,,2004.0,2004,,AFR,2004,2004,Africa,,NGA,Nigeria,,AGE50-54,50-54 years,,FMLE,Female,,,,,,,,20.4,20.42868,,,,,
4613,LIFE_0000000029,nMx - age-specific death rate between ages x and x+n,https://www.who.int/data/gho/indicator-metadata-registry/imr-details/29,,,,PUBLISHED,Published,,2004.0,2004,,AFR,2004,2004,Africa,,NGA,Nigeria,,AGE55-59,55-59 years,,FMLE,Female,,,,,,,,0.019,0.01893,,,,,
4614,LIFE_0000000030,nqx - probability of dying between ages x and x+n,https://www.who.int/data/gho/indicator-metadata-registry/imr-details/30,,,,PUBLISHED,Published,,2004.0,2004,,AFR,2004,2004,Africa,,NGA,Nigeria,,AGE55-59,55-59 years,,FMLE,Female,,,,,,,,0.091,0.09058,,,,,
4615,LIFE_0000000030,nqx - probability of dying between ages x and x+n,https://www.who.int/data/gho/indicator-metadata-registry/imr-details/30,,,,PUBLISHED,Published,,2004.0,2004,,AFR,2004,2004,Africa,,NGA,Nigeria,,AGE65-69,65-69 years,,FMLE,Female,,,,,,,,0.24,0.23987,,,,,
4616,LIFE_0000000031,lx - number of people left alive at age x,https://www.who.int/data/gho/indicator-metadata-registry/imr-details/31,,,,PUBLISHED,Published,,2004.0,2004,,AFR,2004,2004,Africa,,NGA,Nigeria,,AGE65-69,65-69 years,,FMLE,Female,,,,,,,,41281.04,41281.04000,,,,,
4617,LIFE_0000000032,ndx - number of people dying between ages x and x+n,https://www.who.int/data/gho/indicator-metadata-registry/imr-details/32,,,,PUBLISHED,Published,,2004.0,2004,,AFR,2004,2004,Africa,,NGA,Nigeria,,AGE65-69,65-69 years,,FMLE,Female,,,,,,,,9902.233,9902.23300,,,,,
4618,LIFE_0000000033,nLx - person-years lived between ages x and x+n,https://www.who.int/data/gho/indicator-metadata-registry/imr-details/33,,,,PUBLISHED,Published,,2004.0,2004,,AFR,2004,2004,Africa,,NGA,Nigeria,,AGE65-69,65-69 years,,FMLE,Female,,,,,,,,182511.2,182511.20000,,,,,
4619,LIFE_0000000033,nLx - person-years lived between ages x and x+n,https://www.who.int/data/gho/indicator-metadata-registry/imr-details/33,,,,PUBLISHED,Published,,2004.0,2004,,AFR,2004,2004,Africa,,NGA,Nigeria,,AGE75-79,75-79 years,,FMLE,Female,,,,,,,,72340.41,72340.41000,,,,,
4620,LIFE_0000000034,Tx - person-years lived above age x,https://www.who.int/data/gho/indicator-metadata-registry/imr-details/34,,,,PUBLISHED,Published,,2004.0,2004,,AFR,2004,2004,Africa,,NGA,Nigeria,,AGE75-79,75-79 years,,FMLE,Female,,,,,,,,109365.9,109365.90000,,,,,
4621,LIFE_0000000035,ex - expectation of life at age x,https://www.who.int/data/gho/indicator-metadata-registry/imr-details/35,,,,PUBLISHED,Published,,2004.0,2004,,AFR,2004,2004,Africa,,NGA,Nigeria,,AGE75-79,75-79 years,,FMLE,Female,,,,,,,,5.5,5.49682,,,,,
4622,LIFE_0000000029,nMx - age-specific death rate between ages x and x+n,https://www.who.int/data/gho/indicator-metadata-registry/imr-details/29,,,,PUBLISHED,Published,,2004.0,2004,,AFR,2004,2004,Africa,,NGA,Nigeria,,AGE80-84,80-84 years,,FMLE,Female,,,,,,,,0.229,0.22850,,,,,
4623,LIFE_0000000035,ex - expectation of life at age x,https://www.who.int/data/gho/indicator-metadata-registry/imr-details/35,,,,PUBLISHED,Published,,2004.0,2004,,AFR,2004,2004,Africa,,NGA,Nigeria,,AGE85PLUS,85+ years,,FMLE,Female,,,,,,,,2.8,2.83833,,,,,
4624,LIFE_0000000029,nMx - age-specific death rate between ages x and x+n,https://www.who.int/data/gho/indicator-metadata-registry/imr-details/29,,,,PUBLISHED,Published,,2005.0,2005,,AFR,2005,2005,Africa,,NGA,Nigeria,,AGELT1,<1 year,,MLE,Male,,,,,,,,0.112,0.11160,,,,,
4625,LIFE_0000000030,nqx - probability of dying between ages x and x+n,https://www.who.int/data/gho/indicator-metadata-registry/imr-details/30,,,,PUBLISHED,Published,,2005.0,2005,,AFR,2005,2005,Africa,,NGA,Nigeria,,AGELT1,<1 year,,MLE,Male,,,,,,,,0.104,0.10379,,,,,
4626,LIFE_0000000031,lx - number of people left alive at age x,https://www.who.int/data/gho/indicator-metadata-registry/imr-details/31,,,,PUBLISHED,Published,,2005.0,2005,,AFR,2005,2005,Africa,,NGA,Nigeria,,AGELT1,<1 year,,MLE,Male,,,,,,,,100000,100000.00000,,,,,
4627,LIFE_0000000031,lx - number of people left alive at age x,https://www.who.int/data/gho/indicator-metadata-registry/imr-details/31,,,,PUBLISHED,Published,,2005.0,2005,,AFR,2005,2005,Africa,,NGA,Nigeria,,AGE5-9,5-9 years,,MLE,Male,,,,,,,,83688.14,83688.14000,,,,,
4628,LIFE_0000000032,ndx - number of people dying between ages x and x+n,https://www.who.int/data/gho/indicator-metadata-registry/imr-details/32,,,,PUBLISHED,Published,,2005.0,2005,,AFR,2005,2005,Africa,,NGA,Nigeria,,AGE5-9,5-9 years,,MLE,Male,,,,,,,,1634.602,1634.60200,,,,,
4629,LIFE_0000000033,nLx - person-years lived between ages x and x+n,https://www.who.int/data/gho/indicator-metadata-registry/imr-details/33,,,,PUBLISHED,Published,,2005.0,2005,,AFR,2005,2005,Africa,,NGA,Nigeria,,AGE5-9,5-9 years,,MLE,Male,,,,,,,,414354.2,414354.20000,,,,,
4630,LIFE_0000000034,Tx - person-years lived above age x,https://www.who.int/data/gho/indicator-metadata-registry/imr-details/34,,,,PUBLISHED,Published,,2005.0,2005,,AFR,2005,2005,Africa,,NGA,Nigeria,,AGE5-9,5-9 years,,MLE,Male,,,,,,,,4486305,4486305.00000,,,,,
4631,LIFE_0000000034,Tx - person-years lived above age x,https://www.who.int/data/gho/indicator-metadata-registry/imr-details/34,,,,PUBLISHED,Published,,2005.0,2005,,AFR,2005,2005,Africa,,NGA,Nigeria,,AGE15-19,15-19  years,,MLE,Male,,,,,,,,3663360,3663360.00000,,,,,
4632,LIFE_0000000035,ex - expectation of life at age x,https://www.who.int/data/gho/indicator-metadata-registry/imr-details/35,,,,PUBLISHED,Published,,2005.0,2005,,AFR,2005,2005,Africa,,NGA,Nigeria,,AGE15-19,15-19  years,,MLE,Male,,,,,,,,45,45.01393,,,,,
4633,LIFE_0000000029,nMx - age-specific death rate between ages x and x+n,https://www.who.int/data/gho/indicator-metadata-registry/imr-details/29,,,,PUBLISHED,Published,,2005.0,2005,,AFR,2005,2005,Africa,,NGA,Nigeria,,AGE20-24,20-24 years,,MLE,Male,,,,,,,,0.006,0.00591,,,,,
4634,LIFE_0000000030,nqx - probability of dying between ages x and x+n,https://www.who.int/data/gho/indicator-metadata-registry/imr-details/30,,,,PUBLISHED,Published,,2005.0,2005,,AFR,2005,2005,Africa,,NGA,Nigeria,,AGE20-24,20-24 years,,MLE,Male,,,,,,,,0.029,0.02913,,,,,
4635,LIFE_0000000029,nMx - age-specific death rate between ages x and x+n,https://www.who.int/data/gho/indicator-metadata-registry/imr-details/29,,,,PUBLISHED,Published,,2005.0,2005,,AFR,2005,2005,Africa,,NGA,Nigeria,,AGE30-34,30-34 years,,MLE,Male,,,,,,,,0.009,0.00926,,,,,
4636,LIFE_0000000030,nqx - probability of dying between ages x and x+n,https://www.who.int/data/gho/indicator-metadata-registry/imr-details/30,,,,PUBLISHED,Published,,2005.0,2005,,AFR,2005,2005,Africa,,NGA,Nigeria,,AGE30-34,30-34 years,,MLE,Male,,,,,,,,0.045,0.04527,,,,,
4637,LIFE_0000000031,lx - number of people left alive at age x,https://www.who.int/data/gho/indicator-metadata-registry/imr-details/31,,,,PUBLISHED,Published,,2005.0,2005,,AFR,2005,2005,Africa,,NGA,Nigeria,,AGE30-34,30-34 years,,MLE,Male,,,,,,,,74728.51,74728.51000,,,,,
4638,LIFE_0000000032,ndx - number of people dying between ages x and x+n,https://www.who.int/data/gho/indicator-metadata-registry/imr-details/32,,,,PUBLISHED,Published,,2005.0,2005,,AFR,2005,2005,Africa,,NGA,Nigeria,,AGE30-34,30-34 years,,MLE,Male,,,,,,,,3382.933,3382.93300,,,,,
4639,LIFE_0000000033,nLx - person-years lived between ages x and x+n,https://www.who.int/data/gho/indicator-metadata-registry/imr-details/33,,,,PUBLISHED,Published,,2005.0,2005,,AFR,2005,2005,Africa,,NGA,Nigeria,,AGE30-34,30-34 years,,MLE,Male,,,,,,,,365239.8,365239.80000,,,,,
4640,LIFE_0000000032,ndx - number of people dying between ages x and x+n,https://www.who.int/data/gho/indicator-metadata-registry/imr-details/32,,,,PUBLISHED,Published,,2005.0,2005,,AFR,2005,2005,Africa,,NGA,Nigeria,,AGE40-44,40-44 years,,MLE,Male,,,,,,,,4281.271,4281.27100,,,,,
4641,LIFE_0000000033,nLx - person-years lived between ages x and x+n,https://www.who.int/data/gho/indicator-metadata-registry/imr-details/33,,,,PUBLISHED,Published,,2005.0,2005,,AFR,2005,2005,Africa,,NGA,Nigeria,,AGE40-44,40-44 years,,MLE,Male,,,,,,,,326686.6,326686.60000,,,,,
4642,LIFE_0000000034,Tx - person-years lived above age x,https://www.who.int/data/gho/indicator-metadata-registry/imr-details/34,,,,PUBLISHED,Published,,2005.0,2005,,AFR,2005,2005,Africa,,NGA,Nigeria,,AGE40-44,40-44 years,,MLE,Male,,,,,,,,1773198,1773198.00000,,,,,
4643,LIFE_0000000035,ex - expectation of life at age x,https://www.who.int/data/gho/indicator-metadata-registry/imr-details/35,,,,PUBLISHED,Published,,2005.0,2005,,AFR,2005,2005,Africa,,NGA,Nigeria,,AGE40-44,40-44 years,,MLE,Male,,,,,,,,26.3,26.29845,,,,,
4644,LIFE_0000000035,ex - expectation of life at age x,https://www.who.int/data/gho/indicator-metadata-registry/imr-details/35,,,,PUBLISHED,Published,,2005.0,2005,,AFR,2005,2005,Africa,,NGA,Nigeria,,AGE50-54,50-54 years,,MLE,Male,,,,,,,,19.5,19.49506,,,,,
4645,LIFE_0000000029,nMx - age-specific death rate between ages x and x+n,https://www.who.int/data/gho/indicator-metadata-registry/imr-details/29,,,,PUBLISHED,Published,,2005.0,2005,,AFR,2005,2005,Africa,,NGA,Nigeria,,AGE55-59,55-59 years,,MLE,Male,,,,,,,,0.024,0.02394,,,,,
4646,LIFE_0000000030,nqx - probability of dying between ages x and x+n,https://www.who.int/data/gho/indicator-metadata-registry/imr-details/30,,,,PUBLISHED,Published,,2005.0,2005,,AFR,2005,2005,Africa,,NGA,Nigeria,,AGE55-59,55-59 years,,MLE,Male,,,,,,,,0.113,0.11318,,,,,
4647,LIFE_0000000031,lx - number of people left alive at age x,https://www.who.int/data/gho/indicator-metadata-registry/imr-details/31,,,,PUBLISHED,Published,,2005.0,2005,,AFR,2005,2005,Africa,,NGA,Nigeria,,AGE55-59,55-59 years,,MLE,Male,,,,,,,,53315.39,53315.39000,,,,,
4648,LIFE_0000000031,lx - number of people left alive at age x,https://www.who.int/data/gho/indicator-metadata-registry/imr-details/31,,,,PUBLISHED,Published,,2005.0,2005,,AFR,2005,2005,Africa,,NGA,Nigeria,,AGE65-69,65-69 years,,MLE,Male,,,,,,,,39053.3,39053.30000,,,,,
4649,LIFE_0000000032,ndx - number of people dying between ages x and x+n,https://www.who.int/data/gho/indicator-metadata-registry/imr-details/32,,,,PUBLISHED,Published,,2005.0,2005,,AFR,2005,2005,Africa,,NGA,Nigeria,,AGE65-69,65-69 years,,MLE,Male,,,,,,,,9732.948,9732.94800,,,,,
4650,LIFE_0000000033,nLx - person-years lived between ages x and x+n,https://www.who.int/data/gho/indicator-metadata-registry/imr-details/33,,,,PUBLISHED,Published,,2005.0,2005,,AFR,2005,2005,Africa,,NGA,Nigeria,,AGE65-69,65-69 years,,MLE,Male,,,,,,,,171545.8,171545.80000,,,,,
4651,LIFE_0000000034,Tx - person-years lived above age x,https://www.who.int/data/gho/indicator-metadata-registry/imr-details/34,,,,PUBLISHED,Published,,2005.0,2005,,AFR,2005,2005,Africa,,NGA,Nigeria,,AGE65-69,65-69 years,,MLE,Male,,,,,,,,393062.7,393062.70000,,,,,
4652,LIFE_0000000033,nLx - person-years lived between ages x and x+n,https://www.who.int/data/gho/indicator-metadata-registry/imr-details/33,,,,PUBLISHED,Published,,2005.0,2005,,AFR,2005,2005,Africa,,NGA,Nigeria,,AGE75-79,75-79 years,,MLE,Male,,,,,,,,67270.71,67270.71000,,,,,
4653,LIFE_0000000034,Tx - person-years lived above age x,https://www.who.int/data/gho/indicator-metadata-registry/imr-details/34,,,,PUBLISHED,Published,,2005.0,2005,,AFR,2005,2005,Africa,,NGA,Nigeria,,AGE75-79,75-79 years,,MLE,Male,,,,,,,,101840.4,101840.40000,,,,,
4654,LIFE_0000000035,ex - expectation of life at age x,https://www.who.int/data/gho/indicator-metadata-registry/imr-details/35,,,,PUBLISHED,Published,,2005.0,2005,,AFR,2005,2005,Africa,,NGA,Nigeria,,AGE75-79,75-79 years,,MLE,Male,,,,,,,,5.5,5.49926,,,,,
4655,LIFE_0000000029,nMx - age-specific death rate between ages x and x+n,https://www.who.int/data/gho/indicator-metadata-registry/imr-details/29,,,,PUBLISHED,Published,,2005.0,2005,,AFR,2005,2005,Africa,,NGA,Nigeria,,AGE80-84,80-84 years,,MLE,Male,,,,,,,,0.226,0.22619,,,,,
4656,LIFE_0000000029,nMx - age-specific death rate between ages x and x+n,https://www.who.int/data/gho/indicator-metadata-registry/imr-details/29,,,,PUBLISHED,Published,,2005.0,2005,,AFR,2005,2005,Africa,,NGA,Nigeria,,AGELT1,<1 year,,FMLE,Female,,,,,,,,0.097,0.09686,,,,,
4657,LIFE_0000000030,nqx - probability of dying between ages x and x+n,https://www.who.int/data/gho/indicator-metadata-registry/imr-details/30,,,,PUBLISHED,Published,,2005.0,2005,,AFR,2005,2005,Africa,,NGA,Nigeria,,AGELT1,<1 year,,FMLE,Female,,,,,,,,0.091,0.09093,,,,,
4658,LIFE_0000000031,lx - number of people left alive at age x,https://www.who.int/data/gho/indicator-metadata-registry/imr-details/31,,,,PUBLISHED,Published,,2005.0,2005,,AFR,2005,2005,Africa,,NGA,Nigeria,,AGELT1,<1 year,,FMLE,Female,,,,,,,,100000,100000.00000,,,,,
4659,LIFE_0000000032,ndx - number of people dying between ages x and x+n,https://www.who.int/data/gho/indicator-metadata-registry/imr-details/32,,,,PUBLISHED,Published,,2005.0,2005,,AFR,2005,2005,Africa,,NGA,Nigeria,,AGELT1,<1 year,,FMLE,Female,,,,,,,,9093.458,9093.45800,,,,,
4660,LIFE_0000000032,ndx - number of people dying between ages x and x+n,https://www.who.int/data/gho/indicator-metadata-registry/imr-details/32,,,,PUBLISHED,Published,,2005.0,2005,,AFR,2005,2005,Africa,,NGA,Nigeria,,AGE5-9,5-9 years,,FMLE,Female,,,,,,,,2102.614,2102.61400,,,,,
4661,LIFE_0000000033,nLx - person-years lived between ages x and x+n,https://www.who.int/data/gho/indicator-metadata-registry/imr-details/33,,,,PUBLISHED,Published,,2005.0,2005,,AFR,2005,2005,Africa,,NGA,Nigeria,,AGE5-9,5-9 years,,FMLE,Female,,,,,,,,417771.9,417771.90000,,,,,
4662,LIFE_0000000034,Tx - person-years lived above age x,https://www.who.int/data/gho/indicator-metadata-registry/imr-details/34,,,,PUBLISHED,Published,,2005.0,2005,,AFR,2005,2005,Africa,,NGA,Nigeria,,AGE5-9,5-9 years,,FMLE,Female,,,,,,,,4541918,4541918.00000,,,,,
4663,LIFE_0000000035,ex - expectation of life at age x,https://www.who.int/data/gho/indicator-metadata-registry/imr-details/35,,,,PUBLISHED,Published,,2005.0,2005,,AFR,2005,2005,Africa,,NGA,Nigeria,,AGE5-9,5-9 years,,FMLE,Female,,,,,,,,53.7,53.68335,,,,,
4664,LIFE_0000000034,Tx - person-years lived above age x,https://www.who.int/data/gho/indicator-metadata-registry/imr-details/34,,,,PUBLISHED,Published,,2005.0,2005,,AFR,2005,2005,Africa,,NGA,Nigeria,,AGE15-19,15-19  years,,FMLE,Female,,,,,,,,3713840,3713840.00000,,,,,
4665,LIFE_0000000035,ex - expectation of life at age x,https://www.who.int/data/gho/indicator-metadata-registry/imr-details/35,,,,PUBLISHED,Published,,2005.0,2005,,AFR,2005,2005,Africa,,NGA,Nigeria,,AGE15-19,15-19  years,,FMLE,Female,,,,,,,,45.5,45.50198,,,,,
4666,LIFE_0000000029,nMx - age-specific death rate between ages x and x+n,https://www.who.int/data/gho/indicator-metadata-registry/imr-details/29,,,,PUBLISHED,Published,,2005.0,2005,,AFR,2005,2005,Africa,,NGA,Nigeria,,AGE20-24,20-24 years,,FMLE,Female,,,,,,,,0.006,0.00642,,,,,
4667,LIFE_0000000030,nqx - probability of dying between ages x and x+n,https://www.who.int/data/gho/indicator-metadata-registry/imr-details/30,,,,PUBLISHED,Published,,2005.0,2005,,AFR,2005,2005,Africa,,NGA,Nigeria,,AGE20-24,20-24 years,,FMLE,Female,,,,,,,,0.032,0.03161,,,,,
4668,LIFE_0000000031,lx - number of people left alive at age x,https://www.who.int/data/gho/indicator-metadata-registry/imr-details/31,,,,PUBLISHED,Published,,2005.0,2005,,AFR,2005,2005,Africa,,NGA,Nigeria,,AGE20-24,20-24 years,,FMLE,Female,,,,,,,,79722.47,79722.47000,,,,,
4669,LIFE_0000000030,nqx - probability of dying between ages x and x+n,https://www.who.int/data/gho/indicator-metadata-registry/imr-details/30,,,,PUBLISHED,Published,,2005.0,2005,,AFR,2005,2005,Africa,,NGA,Nigeria,,AGE30-34,30-34 years,,FMLE,Female,,,,,,,,0.051,0.05146,,,,,
4670,LIFE_0000000031,lx - number of people left alive at age x,https://www.who.int/data/gho/indicator-metadata-registry/imr-details/31,,,,PUBLISHED,Published,,2005.0,2005,,AFR,2005,2005,Africa,,NGA,Nigeria,,AGE30-34,30-34 years,,FMLE,Female,,,,,,,,73761.19,73761.19000,,,,,
4671,LIFE_0000000032,ndx - number of people dying between ages x and x+n,https://www.who.int/data/gho/indicator-metadata-registry/imr-details/32,,,,PUBLISHED,Published,,2005.0,2005,,AFR,2005,2005,Africa,,NGA,Nigeria,,AGE30-34,30-34 years,,FMLE,Female,,,,,,,,3795.61,3795.61000,,,,,
4672,LIFE_0000000033,nLx - person-years lived between ages x and x+n,https://www.who.int/data/gho/indicator-metadata-registry/imr-details/33,,,,PUBLISHED,Published,,2005.0,2005,,AFR,2005,2005,Africa,,NGA,Nigeria,,AGE30-34,30-34 years,,FMLE,Female,,,,,,,,359337.6,359337.60000,,,,,
4673,LIFE_0000000033,nLx - person-years lived between ages x and x+n,https://www.who.int/data/gho/indicator-metadata-registry/imr-details/33,,,,PUBLISHED,Published,,2005.0,2005,,AFR,2005,2005,Africa,,NGA,Nigeria,,AGE40-44,40-44 years,,FMLE,Female,,,,,,,,321598.2,321598.20000,,,,,
4674,LIFE_0000000034,Tx - person-years lived above age x,https://www.who.int/data/gho/indicator-metadata-registry/imr-details/34,,,,PUBLISHED,Published,,2005.0,2005,,AFR,2005,2005,Africa,,NGA,Nigeria,,AGE40-44,40-44 years,,FMLE,Female,,,,,,,,1840844,1840844.00000,,,,,
4675,LIFE_0000000035,ex - expectation of life at age x,https://www.who.int/data/gho/indicator-metadata-registry/imr-details/35,,,,PUBLISHED,Published,,2005.0,2005,,AFR,2005,2005,Africa,,NGA,Nigeria,,AGE40-44,40-44 years,,FMLE,Female,,,,,,,,27.8,27.84823,,,,,
4676,LIFE_0000000029,nMx - age-specific death rate between ages x and x+n,https://www.who.int/data/gho/indicator-metadata-registry/imr-details/29,,,,PUBLISHED,Published,,2005.0,2005,,AFR,2005,2005,Africa,,NGA,Nigeria,,AGE45-49,45-49 years,,FMLE,Female,,,,,,,,0.011,0.01147,,,,,
4677,LIFE_0000000029,nMx - age-specific death rate between ages x and x+n,https://www.who.int/data/gho/indicator-metadata-registry/imr-details/29,,,,PUBLISHED,Published,,2005.0,2005,,AFR,2005,2005,Africa,,NGA,Nigeria,,AGE55-59,55-59 years,,FMLE,Female,,,,,,,,0.018,0.01847,,,,,
4678,LIFE_0000000030,nqx - probability of dying between ages x and x+n,https://www.who.int/data/gho/indicator-metadata-registry/imr-details/30,,,,PUBLISHED,Published,,2005.0,2005,,AFR,2005,2005,Africa,,NGA,Nigeria,,AGE55-59,55-59 years,,FMLE,Female,,,,,,,,0.088,0.08846,,,,,
4679,LIFE_0000000031,lx - number of people left alive at age x,https://www.who.int/data/gho/indicator-metadata-registry/imr-details/31,,,,PUBLISHED,Published,,2005.0,2005,,AFR,2005,2005,Africa,,NGA,Nigeria,,AGE55-59,55-59 years,,FMLE,Female,,,,,,,,54979.48,54979.48000,,,,,
4680,LIFE_0000000032,ndx - number of people dying between ages x and x+n,https://www.who.int/data/gho/indicator-metadata-registry/imr-details/32,,,,PUBLISHED,Published,,2005.0,2005,,AFR,2005,2005,Africa,,NGA,Nigeria,,AGE55-59,55-59 years,,FMLE,Female,,,,,,,,4863.285,4863.28500,,,,,
4681,LIFE_0000000031,lx - number of people left alive at age x,https://www.who.int/data/gho/indicator-metadata-registry/imr-details/31,,,,PUBLISHED,Published,,2005.0,2005,,AFR,2005,2005,Africa,,NGA,Nigeria,,AGE65-69,65-69 years,,FMLE,Female,,,,,,,,42279.49,42279.49000,,,,,
4682,LIFE_0000000032,ndx - number of people dying between ages x and x+n,https://www.who.int/data/gho/indicator-metadata-registry/imr-details/32,,,,PUBLISHED,Published,,2005.0,2005,,AFR,2005,2005,Africa,,NGA,Nigeria,,AGE65-69,65-69 years,,FMLE,Female,,,,,,,,9988.734,9988.73400,,,,,
4683,LIFE_0000000033,nLx - person-years lived between ages x and x+n,https://www.who.int/data/gho/indicator-metadata-registry/imr-details/33,,,,PUBLISHED,Published,,2005.0,2005,,AFR,2005,2005,Africa,,NGA,Nigeria,,AGE65-69,65-69 years,,FMLE,Female,,,,,,,,187314,187314.00000,,,,,
4684,LIFE_0000000034,Tx - person-years lived above age x,https://www.who.int/data/gho/indicator-metadata-registry/imr-details/34,,,,PUBLISHED,Published,,2005.0,2005,,AFR,2005,2005,Africa,,NGA,Nigeria,,AGE65-69,65-69 years,,FMLE,Female,,,,,,,,434370.9,434370.90000,,,,,
4685,LIFE_0000000034,Tx - person-years lived above age x,https://www.who.int/data/gho/indicator-metadata-registry/imr-details/34,,,,PUBLISHED,Published,,2005.0,2005,,AFR,2005,2005,Africa,,NGA,Nigeria,,AGE75-79,75-79 years,,FMLE,Female,,,,,,,,114519,114519.00000,,,,,
4686,LIFE_0000000035,ex - expectation of life at age x,https://www.who.int/data/gho/indicator-metadata-registry/imr-details/35,,,,PUBLISHED,Published,,2005.0,2005,,AFR,2005,2005,Africa,,NGA,Nigeria,,AGE75-79,75-79 years,,FMLE,Female,,,,,,,,5.6,5.55263,,,,,
4687,LIFE_0000000029,nMx - age-specific death rate between ages x and x+n,https://www.who.int/data/gho/indicator-metadata-registry/imr-details/29,,,,PUBLISHED,Published,,2005.0,2005,,AFR,2005,2005,Africa,,NGA,Nigeria,,AGE80-84,80-84 years,,FMLE,Female,,,,,,,,0.226,0.22562,,,,,
4688,LIFE_0000000030,nqx - probability of dying between ages x and x+n,https://www.who.int/data/gho/indicator-metadata-registry/imr-details/30,,,,PUBLISHED,Published,,2005.0,2005,,AFR,2005,2005,Africa,,NGA,Nigeria,,AGE80-84,80-84 years,,FMLE,Female,,,,,,,,0.692,0.69205,,,,,
4689,LIFE_0000000030,nqx - probability of dying between ages x and x+n,https://www.who.int/data/gho/indicator-metadata-registry/imr-details/30,,,,PUBLISHED,Published,,2006.0,2006,,AFR,2006,2006,Africa,,NGA,Nigeria,,AGELT1,<1 year,,MLE,Male,,,,,,,,0.1,0.10037,,,,,
4690,LIFE_0000000031,lx - number of people left alive at age x,https://www.who.int/data/gho/indicator-metadata-registry/imr-details/31,,,,PUBLISHED,Published,,2006.0,2006,,AFR,2006,2006,Africa,,NGA,Nigeria,,AGELT1,<1 year,,MLE,Male,,,,,,,,100000,100000.00000,,,,,
4691,LIFE_0000000032,ndx - number of people dying between ages x and x+n,https://www.who.int/data/gho/indicator-metadata-registry/imr-details/32,,,,PUBLISHED,Published,,2006.0,2006,,AFR,2006,2006,Africa,,NGA,Nigeria,,AGELT1,<1 year,,MLE,Male,,,,,,,,10037.22,10037.22000,,,,,
4692,LIFE_0000000033,nLx - person-years lived between ages x and x+n,https://www.who.int/data/gho/indicator-metadata-registry/imr-details/33,,,,PUBLISHED,Published,,2006.0,2006,,AFR,2006,2006,Africa,,NGA,Nigeria,,AGELT1,<1 year,,MLE,Male,,,,,,,,93191.68,93191.68000,,,,,
4693,LIFE_0000000032,ndx - number of people dying between ages x and x+n,https://www.who.int/data/gho/indicator-metadata-registry/imr-details/32,,,,PUBLISHED,Published,,2006.0,2006,,AFR,2006,2006,Africa,,NGA,Nigeria,,AGE5-9,5-9 years,,MLE,Male,,,,,,,,1586.972,1586.97200,,,,,
4694,LIFE_0000000033,nLx - person-years lived between ages x and x+n,https://www.who.int/data/gho/indicator-metadata-registry/imr-details/33,,,,PUBLISHED,Published,,2006.0,2006,,AFR,2006,2006,Africa,,NGA,Nigeria,,AGE5-9,5-9 years,,MLE,Male,,,,,,,,417631.6,417631.60000,,,,,
4695,LIFE_0000000034,Tx - person-years lived above age x,https://www.who.int/data/gho/indicator-metadata-registry/imr-details/34,,,,PUBLISHED,Published,,2006.0,2006,,AFR,2006,2006,Africa,,NGA,Nigeria,,AGE5-9,5-9 years,,MLE,Male,,,,,,,,4555979,4555979.00000,,,,,
4696,LIFE_0000000035,ex - expectation of life at age x,https://www.who.int/data/gho/indicator-metadata-registry/imr-details/35,,,,PUBLISHED,Published,,2006.0,2006,,AFR,2006,2006,Africa,,NGA,Nigeria,,AGE5-9,5-9 years,,MLE,Male,,,,,,,,54,54.03214,,,,,
4697,LIFE_0000000029,nMx - age-specific death rate between ages x and x+n,https://www.who.int/data/gho/indicator-metadata-registry/imr-details/29,,,,PUBLISHED,Published,,2006.0,2006,,AFR,2006,2006,Africa,,NGA,Nigeria,,AGE10-14,10-14 years,,MLE,Male,,,,,,,,0.002,0.00161,,,,,
4698,LIFE_0000000035,ex - expectation of life at age x,https://www.who.int/data/gho/indicator-metadata-registry/imr-details/35,,,,PUBLISHED,Published,,2006.0,2006,,AFR,2006,2006,Africa,,NGA,Nigeria,,AGE15-19,15-19  years,,MLE,Male,,,,,,,,45.4,45.40570,,,,,
4699,LIFE_0000000029,nMx - age-specific death rate between ages x and x+n,https://www.who.int/data/gho/indicator-metadata-registry/imr-details/29,,,,PUBLISHED,Published,,2006.0,2006,,AFR,2006,2006,Africa,,NGA,Nigeria,,AGE20-24,20-24 years,,MLE,Male,,,,,,,,0.006,0.00558,,,,,
4700,LIFE_0000000030,nqx - probability of dying between ages x and x+n,https://www.who.int/data/gho/indicator-metadata-registry/imr-details/30,,,,PUBLISHED,Published,,2006.0,2006,,AFR,2006,2006,Africa,,NGA,Nigeria,,AGE20-24,20-24 years,,MLE,Male,,,,,,,,0.028,0.02751,,,,,
4701,LIFE_0000000031,lx - number of people left alive at age x,https://www.who.int/data/gho/indicator-metadata-registry/imr-details/31,,,,PUBLISHED,Published,,2006.0,2006,,AFR,2006,2006,Africa,,NGA,Nigeria,,AGE20-24,20-24 years,,MLE,Male,,,,,,,,80644.51,80644.51000,,,,,
4702,LIFE_0000000031,lx - number of people left alive at age x,https://www.who.int/data/gho/indicator-metadata-registry/imr-details/31,,,,PUBLISHED,Published,,2006.0,2006,,AFR,2006,2006,Africa,,NGA,Nigeria,,AGE30-34,30-34 years,,MLE,Male,,,,,,,,75680.87,75680.87000,,,,,
4703,LIFE_0000000032,ndx - number of people dying between ages x and x+n,https://www.who.int/data/gho/indicator-metadata-registry/imr-details/32,,,,PUBLISHED,Published,,2006.0,2006,,AFR,2006,2006,Africa,,NGA,Nigeria,,AGE30-34,30-34 years,,MLE,Male,,,,,,,,3314.21,3314.21000,,,,,
4704,LIFE_0000000033,nLx - person-years lived between ages x and x+n,https://www.who.int/data/gho/indicator-metadata-registry/imr-details/33,,,,PUBLISHED,Published,,2006.0,2006,,AFR,2006,2006,Africa,,NGA,Nigeria,,AGE30-34,30-34 years,,MLE,Male,,,,,,,,370178.1,370178.10000,,,,,
4705,LIFE_0000000034,Tx - person-years lived above age x,https://www.who.int/data/gho/indicator-metadata-registry/imr-details/34,,,,PUBLISHED,Published,,2006.0,2006,,AFR,2006,2006,Africa,,NGA,Nigeria,,AGE30-34,30-34 years,,MLE,Male,,,,,,,,2536424,2536424.00000,,,,,
4706,LIFE_0000000034,Tx - person-years lived above age x,https://www.who.int/data/gho/indicator-metadata-registry/imr-details/34,,,,PUBLISHED,Published,,2006.0,2006,,AFR,2006,2006,Africa,,NGA,Nigeria,,AGE40-44,40-44 years,,MLE,Male,,,,,,,,1814016,1814016.00000,,,,,
4707,LIFE_0000000035,ex - expectation of life at age x,https://www.who.int/data/gho/indicator-metadata-registry/imr-details/35,,,,PUBLISHED,Published,,2006.0,2006,,AFR,2006,2006,Africa,,NGA,Nigeria,,AGE40-44,40-44 years,,MLE,Male,,,,,,,,26.5,26.50146,,,,,
4708,LIFE_0000000029,nMx - age-specific death rate between ages x and x+n,https://www.who.int/data/gho/indicator-metadata-registry/imr-details/29,,,,PUBLISHED,Published,,2006.0,2006,,AFR,2006,2006,Africa,,NGA,Nigeria,,AGE45-49,45-49 years,,MLE,Male,,,,,,,,0.015,0.01471,,,,,
4709,LIFE_0000000030,nqx - probability of dying between ages x and x+n,https://www.who.int/data/gho/indicator-metadata-registry/imr-details/30,,,,PUBLISHED,Published,,2006.0,2006,,AFR,2006,2006,Africa,,NGA,Nigeria,,AGE45-49,45-49 years,,MLE,Male,,,,,,,,0.071,0.07103,,,,,
4710,LIFE_0000000029,nMx - age-specific death rate between ages x and x+n,https://www.who.int/data/gho/indicator-metadata-registry/imr-details/29,,,,PUBLISHED,Published,,2006.0,2006,,AFR,2006,2006,Africa,,NGA,Nigeria,,AGE55-59,55-59 years,,MLE,Male,,,,,,,,0.023,0.02343,,,,,
4711,LIFE_0000000030,nqx - probability of dying between ages x and x+n,https://www.who.int/data/gho/indicator-metadata-registry/imr-details/30,,,,PUBLISHED,Published,,2006.0,2006,,AFR,2006,2006,Africa,,NGA,Nigeria,,AGE55-59,55-59 years,,MLE,Male,,,,,,,,0.111,0.11090,,,,,
4712,LIFE_0000000031,lx - number of people left alive at age x,https://www.who.int/data/gho/indicator-metadata-registry/imr-details/31,,,,PUBLISHED,Published,,2006.0,2006,,AFR,2006,2006,Africa,,NGA,Nigeria,,AGE55-59,55-59 years,,MLE,Male,,,,,,,,54370.34,54370.34000,,,,,
4713,LIFE_0000000032,ndx - number of people dying between ages x and x+n,https://www.who.int/data/gho/indicator-metadata-registry/imr-details/32,,,,PUBLISHED,Published,,2006.0,2006,,AFR,2006,2006,Africa,,NGA,Nigeria,,AGE55-59,55-59 years,,MLE,Male,,,,,,,,6029.607,6029.60700,,,,,
4714,LIFE_0000000032,ndx - number of people dying between ages x and x+n,https://www.who.int/data/gho/indicator-metadata-registry/imr-details/32,,,,PUBLISHED,Published,,2006.0,2006,,AFR,2006,2006,Africa,,NGA,Nigeria,,AGE65-69,65-69 years,,MLE,Male,,,,,,,,9820.242,9820.24200,,,,,
4715,LIFE_0000000033,nLx - person-years lived between ages x and x+n,https://www.who.int/data/gho/indicator-metadata-registry/imr-details/33,,,,PUBLISHED,Published,,2006.0,2006,,AFR,2006,2006,Africa,,NGA,Nigeria,,AGE65-69,65-69 years,,MLE,Male,,,,,,,,176515.5,176515.50000,,,,,
4716,LIFE_0000000034,Tx - person-years lived above age x,https://www.who.int/data/gho/indicator-metadata-registry/imr-details/34,,,,PUBLISHED,Published,,2006.0,2006,,AFR,2006,2006,Africa,,NGA,Nigeria,,AGE65-69,65-69 years,,MLE,Male,,,,,,,,407705.3,407705.30000,,,,,
4717,LIFE_0000000035,ex - expectation of life at age x,https://www.who.int/data/gho/indicator-metadata-registry/imr-details/35,,,,PUBLISHED,Published,,2006.0,2006,,AFR,2006,2006,Africa,,NGA,Nigeria,,AGE65-69,65-69 years,,MLE,Male,,,,,,,,10.2,10.17096,,,,,
4718,LIFE_0000000035,ex - expectation of life at age x,https://www.who.int/data/gho/indicator-metadata-registry/imr-details/35,,,,PUBLISHED,Published,,2006.0,2006,,AFR,2006,2006,Africa,,NGA,Nigeria,,AGE75-79,75-79 years,,MLE,Male,,,,,,,,5.6,5.56187,,,,,
4719,LIFE_0000000029,nMx - age-specific death rate between ages x and x+n,https://www.who.int/data/gho/indicator-metadata-registry/imr-details/29,,,,PUBLISHED,Published,,2006.0,2006,,AFR,2006,2006,Africa,,NGA,Nigeria,,AGE80-84,80-84 years,,MLE,Male,,,,,,,,0.223,0.22291,,,,,
4720,LIFE_0000000030,nqx - probability of dying between ages x and x+n,https://www.who.int/data/gho/indicator-metadata-registry/imr-details/30,,,,PUBLISHED,Published,,2006.0,2006,,AFR,2006,2006,Africa,,NGA,Nigeria,,AGE80-84,80-84 years,,MLE,Male,,,,,,,,0.688,0.68754,,,,,
4721,LIFE_0000000031,lx - number of people left alive at age x,https://www.who.int/data/gho/indicator-metadata-registry/imr-details/31,,,,PUBLISHED,Published,,2006.0,2006,,AFR,2006,2006,Africa,,NGA,Nigeria,,AGE80-84,80-84 years,,MLE,Male,,,,,,,,9286.724,9286.72400,,,,,
4722,LIFE_0000000030,nqx - probability of dying between ages x and x+n,https://www.who.int/data/gho/indicator-metadata-registry/imr-details/30,,,,PUBLISHED,Published,,2006.0,2006,,AFR,2006,2006,Africa,,NGA,Nigeria,,AGELT1,<1 year,,FMLE,Female,,,,,,,,0.088,0.08801,,,,,
4723,LIFE_0000000031,lx - number of people left alive at age x,https://www.who.int/data/gho/indicator-metadata-registry/imr-details/31,,,,PUBLISHED,Published,,2006.0,2006,,AFR,2006,2006,Africa,,NGA,Nigeria,,AGELT1,<1 year,,FMLE,Female,,,,,,,,100000,100000.00000,,,,,
4724,LIFE_0000000032,ndx - number of people dying between ages x and x+n,https://www.who.int/data/gho/indicator-metadata-registry/imr-details/32,,,,PUBLISHED,Published,,2006.0,2006,,AFR,2006,2006,Africa,,NGA,Nigeria,,AGELT1,<1 year,,FMLE,Female,,,,,,,,8800.679,8800.67900,,,,,
4725,LIFE_0000000033,nLx - person-years lived between ages x and x+n,https://www.who.int/data/gho/indicator-metadata-registry/imr-details/33,,,,PUBLISHED,Published,,2006.0,2006,,AFR,2006,2006,Africa,,NGA,Nigeria,,AGELT1,<1 year,,FMLE,Female,,,,,,,,93993.34,93993.34000,,,,,
4726,LIFE_0000000034,Tx - person-years lived above age x,https://www.who.int/data/gho/indicator-metadata-registry/imr-details/34,,,,PUBLISHED,Published,,2006.0,2006,,AFR,2006,2006,Africa,,NGA,Nigeria,,AGELT1,<1 year,,FMLE,Female,,,,,,,,5049557,5049557.00000,,,,,
4727,LIFE_0000000033,nLx - person-years lived between ages x and x+n,https://www.who.int/data/gho/indicator-metadata-registry/imr-details/33,,,,PUBLISHED,Published,,2006.0,2006,,AFR,2006,2006,Africa,,NGA,Nigeria,,AGE5-9,5-9 years,,FMLE,Female,,,,,,,,420859.4,420859.40000,,,,,
4728,LIFE_0000000034,Tx - person-years lived above age x,https://www.who.int/data/gho/indicator-metadata-registry/imr-details/34,,,,PUBLISHED,Published,,2006.0,2006,,AFR,2006,2006,Africa,,NGA,Nigeria,,AGE5-9,5-9 years,,FMLE,Female,,,,,,,,4606482,4606482.00000,,,,,
4729,LIFE_0000000035,ex - expectation of life at age x,https://www.who.int/data/gho/indicator-metadata-registry/imr-details/35,,,,PUBLISHED,Published,,2006.0,2006,,AFR,2006,2006,Africa,,NGA,Nigeria,,AGE5-9,5-9 years,,FMLE,Female,,,,,,,,54.1,54.06490,,,,,
4730,LIFE_0000000029,nMx - age-specific death rate between ages x and x+n,https://www.who.int/data/gho/indicator-metadata-registry/imr-details/29,,,,PUBLISHED,Published,,2006.0,2006,,AFR,2006,2006,Africa,,NGA,Nigeria,,AGE10-14,10-14 years,,FMLE,Female,,,,,,,,0.002,0.00212,,,,,
4731,LIFE_0000000029,nMx - age-specific death rate between ages x and x+n,https://www.who.int/data/gho/indicator-metadata-registry/imr-details/29,,,,PUBLISHED,Published,,2006.0,2006,,AFR,2006,2006,Africa,,NGA,Nigeria,,AGE20-24,20-24 years,,FMLE,Female,,,,,,,,0.006,0.00611,,,,,
4732,LIFE_0000000030,nqx - probability of dying between ages x and x+n,https://www.who.int/data/gho/indicator-metadata-registry/imr-details/30,,,,PUBLISHED,Published,,2006.0,2006,,AFR,2006,2006,Africa,,NGA,Nigeria,,AGE20-24,20-24 years,,FMLE,Female,,,,,,,,0.03,0.03011,,,,,
4733,LIFE_0000000031,lx - number of people left alive at age x,https://www.who.int/data/gho/indicator-metadata-registry/imr-details/31,,,,PUBLISHED,Published,,2006.0,2006,,AFR,2006,2006,Africa,,NGA,Nigeria,,AGE20-24,20-24 years,,FMLE,Female,,,,,,,,80436.9,80436.90000,,,,,
4734,LIFE_0000000032,ndx - number of people dying between ages x and x+n,https://www.who.int/data/gho/indicator-metadata-registry/imr-details/32,,,,PUBLISHED,Published,,2006.0,2006,,AFR,2006,2006,Africa,,NGA,Nigeria,,AGE20-24,20-24 years,,FMLE,Female,,,,,,,,2422.205,2422.20500,,,,,
4735,LIFE_0000000031,lx - number of people left alive at age x,https://www.who.int/data/gho/indicator-metadata-registry/imr-details/31,,,,PUBLISHED,Published,,2006.0,2006,,AFR,2006,2006,Africa,,NGA,Nigeria,,AGE30-34,30-34 years,,FMLE,Female,,,,,,,,74672.48,74672.48000,,,,,
4736,LIFE_0000000032,ndx - number of people dying between ages x and x+n,https://www.who.int/data/gho/indicator-metadata-registry/imr-details/32,,,,PUBLISHED,Published,,2006.0,2006,,AFR,2006,2006,Africa,,NGA,Nigeria,,AGE30-34,30-34 years,,FMLE,Female,,,,,,,,3747.729,3747.72900,,,,,
4737,LIFE_0000000033,nLx - person-years lived between ages x and x+n,https://www.who.int/data/gho/indicator-metadata-registry/imr-details/33,,,,PUBLISHED,Published,,2006.0,2006,,AFR,2006,2006,Africa,,NGA,Nigeria,,AGE30-34,30-34 years,,FMLE,Female,,,,,,,,364015.2,364015.20000,,,,,
4738,LIFE_0000000034,Tx - person-years lived above age x,https://www.who.int/data/gho/indicator-metadata-registry/imr-details/34,,,,PUBLISHED,Published,,2006.0,2006,,AFR,2006,2006,Africa,,NGA,Nigeria,,AGE30-34,30-34 years,,FMLE,Female,,,,,,,,2587137,2587137.00000,,,,,
4739,LIFE_0000000035,ex - expectation of life at age x,https://www.who.int/data/gho/indicator-metadata-registry/imr-details/35,,,,PUBLISHED,Published,,2006.0,2006,,AFR,2006,2006,Africa,,NGA,Nigeria,,AGE30-34,30-34 years,,FMLE,Female,,,,,,,,34.6,34.64646,,,,,
4740,LIFE_0000000034,Tx - person-years lived above age x,https://www.who.int/data/gho/indicator-metadata-registry/imr-details/34,,,,PUBLISHED,Published,,2006.0,2006,,AFR,2006,2006,Africa,,NGA,Nigeria,,AGE40-44,40-44 years,,FMLE,Female,,,,,,,,1878238,1878238.00000,,,,,
4741,LIFE_0000000035,ex - expectation of life at age x,https://www.who.int/data/gho/indicator-metadata-registry/imr-details/35,,,,PUBLISHED,Published,,2006.0,2006,,AFR,2006,2006,Africa,,NGA,Nigeria,,AGE40-44,40-44 years,,FMLE,Female,,,,,,,,28,28.02727,,,,,
4742,LIFE_0000000029,nMx - age-specific death rate between ages x and x+n,https://www.who.int/data/gho/indicator-metadata-registry/imr-details/29,,,,PUBLISHED,Published,,2006.0,2006,,AFR,2006,2006,Africa,,NGA,Nigeria,,AGE45-49,45-49 years,,FMLE,Female,,,,,,,,0.011,0.01128,,,,,
4743,LIFE_0000000030,nqx - probability of dying between ages x and x+n,https://www.who.int/data/gho/indicator-metadata-registry/imr-details/30,,,,PUBLISHED,Published,,2006.0,2006,,AFR,2006,2006,Africa,,NGA,Nigeria,,AGE45-49,45-49 years,,FMLE,Female,,,,,,,,0.055,0.05487,,,,,
4744,LIFE_0000000030,nqx - probability of dying between ages x and x+n,https://www.who.int/data/gho/indicator-metadata-registry/imr-details/30,,,,PUBLISHED,Published,,2006.0,2006,,AFR,2006,2006,Africa,,NGA,Nigeria,,AGE55-59,55-59 years,,FMLE,Female,,,,,,,,0.086,0.08649,,,,,
4745,LIFE_0000000031,lx - number of people left alive at age x,https://www.who.int/data/gho/indicator-metadata-registry/imr-details/31,,,,PUBLISHED,Published,,2006.0,2006,,AFR,2006,2006,Africa,,NGA,Nigeria,,AGE55-59,55-59 years,,FMLE,Female,,,,,,,,55904.62,55904.62000,,,,,
4746,LIFE_0000000032,ndx - number of people dying between ages x and x+n,https://www.who.int/data/gho/indicator-metadata-registry/imr-details/32,,,,PUBLISHED,Published,,2006.0,2006,,AFR,2006,2006,Africa,,NGA,Nigeria,,AGE55-59,55-59 years,,FMLE,Female,,,,,,,,4835.28,4835.28000,,,,,
4747,LIFE_0000000033,nLx - person-years lived between ages x and x+n,https://www.who.int/data/gho/indicator-metadata-registry/imr-details/33,,,,PUBLISHED,Published,,2006.0,2006,,AFR,2006,2006,Africa,,NGA,Nigeria,,AGE55-59,55-59 years,,FMLE,Female,,,,,,,,268060.8,268060.80000,,,,,
4748,LIFE_0000000033,nLx - person-years lived between ages x and x+n,https://www.who.int/data/gho/indicator-metadata-registry/imr-details/33,,,,PUBLISHED,Published,,2006.0,2006,,AFR,2006,2006,Africa,,NGA,Nigeria,,AGE65-69,65-69 years,,FMLE,Female,,,,,,,,191971.1,191971.10000,,,,,
4749,LIFE_0000000034,Tx - person-years lived above age x,https://www.who.int/data/gho/indicator-metadata-registry/imr-details/34,,,,PUBLISHED,Published,,2006.0,2006,,AFR,2006,2006,Africa,,NGA,Nigeria,,AGE65-69,65-69 years,,FMLE,Female,,,,,,,,448651.5,448651.50000,,,,,
4750,LIFE_0000000035,ex - expectation of life at age x,https://www.who.int/data/gho/indicator-metadata-registry/imr-details/35,,,,PUBLISHED,Published,,2006.0,2006,,AFR,2006,2006,Africa,,NGA,Nigeria,,AGE65-69,65-69 years,,FMLE,Female,,,,,,,,10.4,10.37759,,,,,
4751,LIFE_0000000029,nMx - age-specific death rate between ages x and x+n,https://www.who.int/data/gho/indicator-metadata-registry/imr-details/29,,,,PUBLISHED,Published,,2006.0,2006,,AFR,2006,2006,Africa,,NGA,Nigeria,,AGE70-74,70-74 years,,FMLE,Female,,,,,,,,0.086,0.08648,,,,,
4752,LIFE_0000000035,ex - expectation of life at age x,https://www.who.int/data/gho/indicator-metadata-registry/imr-details/35,,,,PUBLISHED,Published,,2006.0,2006,,AFR,2006,2006,Africa,,NGA,Nigeria,,AGE75-79,75-79 years,,FMLE,Female,,,,,,,,5.6,5.61563,,,,,
4753,LIFE_0000000029,nMx - age-specific death rate between ages x and x+n,https://www.who.int/data/gho/indicator-metadata-registry/imr-details/29,,,,PUBLISHED,Published,,2006.0,2006,,AFR,2006,2006,Africa,,NGA,Nigeria,,AGE80-84,80-84 years,,FMLE,Female,,,,,,,,0.222,0.22238,,,,,
4754,LIFE_0000000030,nqx - probability of dying between ages x and x+n,https://www.who.int/data/gho/indicator-metadata-registry/imr-details/30,,,,PUBLISHED,Published,,2006.0,2006,,AFR,2006,2006,Africa,,NGA,Nigeria,,AGE80-84,80-84 years,,FMLE,Female,,,,,,,,0.687,0.68651,,,,,
4755,LIFE_0000000031,lx - number of people left alive at age x,https://www.who.int/data/gho/indicator-metadata-registry/imr-details/31,,,,PUBLISHED,Published,,2006.0,2006,,AFR,2006,2006,Africa,,NGA,Nigeria,,AGE80-84,80-84 years,,FMLE,Female,,,,,,,,10410.03,10410.03000,,,,,
4756,LIFE_0000000032,ndx - number of people dying between ages x and x+n,https://www.who.int/data/gho/indicator-metadata-registry/imr-details/32,,,,PUBLISHED,Published,,2006.0,2006,,AFR,2006,2006,Africa,,NGA,Nigeria,,AGE80-84,80-84 years,,FMLE,Female,,,,,,,,7146.585,7146.58500,,,,,
4757,LIFE_0000000031,lx - number of people left alive at age x,https://www.who.int/data/gho/indicator-metadata-registry/imr-details/31,,,,PUBLISHED,Published,,2007.0,2007,,AFR,2007,2007,Africa,,NGA,Nigeria,,AGELT1,<1 year,,MLE,Male,,,,,,,,100000,100000.00000,,,,,
4758,LIFE_0000000032,ndx - number of people dying between ages x and x+n,https://www.who.int/data/gho/indicator-metadata-registry/imr-details/32,,,,PUBLISHED,Published,,2007.0,2007,,AFR,2007,2007,Africa,,NGA,Nigeria,,AGELT1,<1 year,,MLE,Male,,,,,,,,9708.82,9708.82000,,,,,
4759,LIFE_0000000033,nLx - person-years lived between ages x and x+n,https://www.who.int/data/gho/indicator-metadata-registry/imr-details/33,,,,PUBLISHED,Published,,2007.0,2007,,AFR,2007,2007,Africa,,NGA,Nigeria,,AGELT1,<1 year,,MLE,Male,,,,,,,,93373.54,93373.54000,,,,,
4760,LIFE_0000000034,Tx - person-years lived above age x,https://www.who.int/data/gho/indicator-metadata-registry/imr-details/34,,,,PUBLISHED,Published,,2007.0,2007,,AFR,2007,2007,Africa,,NGA,Nigeria,,AGELT1,<1 year,,MLE,Male,,,,,,,,5061186,5061186.00000,,,,,
4761,LIFE_0000000034,Tx - person-years lived above age x,https://www.who.int/data/gho/indicator-metadata-registry/imr-details/34,,,,PUBLISHED,Published,,2007.0,2007,,AFR,2007,2007,Africa,,NGA,Nigeria,,AGE5-9,5-9 years,,MLE,Male,,,,,,,,4620854,4620854.00000,,,,,
4762,LIFE_0000000035,ex - expectation of life at age x,https://www.who.int/data/gho/indicator-metadata-registry/imr-details/35,,,,PUBLISHED,Published,,2007.0,2007,,AFR,2007,2007,Africa,,NGA,Nigeria,,AGE5-9,5-9 years,,MLE,Male,,,,,,,,54.4,54.42693,,,,,
4763,LIFE_0000000029,nMx - age-specific death rate between ages x and x+n,https://www.who.int/data/gho/indicator-metadata-registry/imr-details/29,,,,PUBLISHED,Published,,2007.0,2007,,AFR,2007,2007,Africa,,NGA,Nigeria,,AGE10-14,10-14 years,,MLE,Male,,,,,,,,0.002,0.00159,,,,,
4764,LIFE_0000000030,nqx - probability of dying between ages x and x+n,https://www.who.int/data/gho/indicator-metadata-registry/imr-details/30,,,,PUBLISHED,Published,,2007.0,2007,,AFR,2007,2007,Africa,,NGA,Nigeria,,AGE10-14,10-14 years,,MLE,Male,,,,,,,,0.008,0.00792,,,,,
4765,LIFE_0000000029,nMx - age-specific death rate between ages x and x+n,https://www.who.int/data/gho/indicator-metadata-registry/imr-details/29,,,,PUBLISHED,Published,,2007.0,2007,,AFR,2007,2007,Africa,,NGA,Nigeria,,AGE20-24,20-24 years,,MLE,Male,,,,,,,,0.005,0.00533,,,,,
4766,LIFE_0000000030,nqx - probability of dying between ages x and x+n,https://www.who.int/data/gho/indicator-metadata-registry/imr-details/30,,,,PUBLISHED,Published,,2007.0,2007,,AFR,2007,2007,Africa,,NGA,Nigeria,,AGE20-24,20-24 years,,MLE,Male,,,,,,,,0.026,0.02630,,,,,
4767,LIFE_0000000031,lx - number of people left alive at age x,https://www.who.int/data/gho/indicator-metadata-registry/imr-details/31,,,,PUBLISHED,Published,,2007.0,2007,,AFR,2007,2007,Africa,,NGA,Nigeria,,AGE20-24,20-24 years,,MLE,Male,,,,,,,,81318.27,81318.27000,,,,,
4768,LIFE_0000000032,ndx - number of people dying between ages x and x+n,https://www.who.int/data/gho/indicator-metadata-registry/imr-details/32,,,,PUBLISHED,Published,,2007.0,2007,,AFR,2007,2007,Africa,,NGA,Nigeria,,AGE20-24,20-24 years,,MLE,Male,,,,,,,,2138.956,2138.95600,,,,,
4769,LIFE_0000000033,nLx - person-years lived between ages x and x+n,https://www.who.int/data/gho/indicator-metadata-registry/imr-details/33,,,,PUBLISHED,Published,,2007.0,2007,,AFR,2007,2007,Africa,,NGA,Nigeria,,AGE20-24,20-24 years,,MLE,Male,,,,,,,,401280.5,401280.50000,,,,,
4770,LIFE_0000000032,ndx - number of people dying between ages x and x+n,https://www.who.int/data/gho/indicator-metadata-registry/imr-details/32,,,,PUBLISHED,Published,,2007.0,2007,,AFR,2007,2007,Africa,,NGA,Nigeria,,AGE30-34,30-34 years,,MLE,Male,,,,,,,,3235.553,3235.55300,,,,,
4771,LIFE_0000000033,nLx - person-years lived between ages x and x+n,https://www.who.int/data/gho/indicator-metadata-registry/imr-details/33,,,,PUBLISHED,Published,,2007.0,2007,,AFR,2007,2007,Africa,,NGA,Nigeria,,AGE30-34,30-34 years,,MLE,Male,,,,,,,,374613.3,374613.30000,,,,,
4772,LIFE_0000000034,Tx - person-years lived above age x,https://www.who.int/data/gho/indicator-metadata-registry/imr-details/34,,,,PUBLISHED,Published,,2007.0,2007,,AFR,2007,2007,Africa,,NGA,Nigeria,,AGE30-34,30-34 years,,MLE,Male,,,,,,,,2584304,2584304.00000,,,,,
4773,LIFE_0000000035,ex - expectation of life at age x,https://www.who.int/data/gho/indicator-metadata-registry/imr-details/35,,,,PUBLISHED,Published,,2007.0,2007,,AFR,2007,2007,Africa,,NGA,Nigeria,,AGE30-34,30-34 years,,MLE,Male,,,,,,,,33.8,33.76936,,,,,
4774,LIFE_0000000035,ex - expectation of life at age x,https://www.who.int/data/gho/indicator-metadata-registry/imr-details/35,,,,PUBLISHED,Published,,2007.0,2007,,AFR,2007,2007,Africa,,NGA,Nigeria,,AGE40-44,40-44 years,,MLE,Male,,,,,,,,26.7,26.69392,,,,,
4775,LIFE_0000000029,nMx - age-specific death rate between ages x and x+n,https://www.who.int/data/gho/indicator-metadata-registry/imr-details/29,,,,PUBLISHED,Published,,2007.0,2007,,AFR,2007,2007,Africa,,NGA,Nigeria,,AGE45-49,45-49 years,,MLE,Male,,,,,,,,0.014,0.01442,,,,,
4776,LIFE_0000000030,nqx - probability of dying between ages x and x+n,https://www.who.int/data/gho/indicator-metadata-registry/imr-details/30,,,,PUBLISHED,Published,,2007.0,2007,,AFR,2007,2007,Africa,,NGA,Nigeria,,AGE45-49,45-49 years,,MLE,Male,,,,,,,,0.07,0.06967,,,,,
4777,LIFE_0000000031,lx - number of people left alive at age x,https://www.who.int/data/gho/indicator-metadata-registry/imr-details/31,,,,PUBLISHED,Published,,2007.0,2007,,AFR,2007,2007,Africa,,NGA,Nigeria,,AGE45-49,45-49 years,,MLE,Male,,,,,,,,65164.29,65164.29000,,,,,
4778,LIFE_0000000031,lx - number of people left alive at age x,https://www.who.int/data/gho/indicator-metadata-registry/imr-details/31,,,,PUBLISHED,Published,,2007.0,2007,,AFR,2007,2007,Africa,,NGA,Nigeria,,AGE55-59,55-59 years,,MLE,Male,,,,,,,,55384.3,55384.30000,,,,,
4779,LIFE_0000000032,ndx - number of people dying between ages x and x+n,https://www.who.int/data/gho/indicator-metadata-registry/imr-details/32,,,,PUBLISHED,Published,,2007.0,2007,,AFR,2007,2007,Africa,,NGA,Nigeria,,AGE55-59,55-59 years,,MLE,Male,,,,,,,,6037.366,6037.36600,,,,,
4780,LIFE_0000000033,nLx - person-years lived between ages x and x+n,https://www.who.int/data/gho/indicator-metadata-registry/imr-details/33,,,,PUBLISHED,Published,,2007.0,2007,,AFR,2007,2007,Africa,,NGA,Nigeria,,AGE55-59,55-59 years,,MLE,Male,,,,,,,,262430.8,262430.80000,,,,,
4781,LIFE_0000000034,Tx - person-years lived above age x,https://www.who.int/data/gho/indicator-metadata-registry/imr-details/34,,,,PUBLISHED,Published,,2007.0,2007,,AFR,2007,2007,Africa,,NGA,Nigeria,,AGE55-59,55-59 years,,MLE,Male,,,,,,,,910748.1,910748.10000,,,,,
4782,LIFE_0000000033,nLx - person-years lived between ages x and x+n,https://www.who.int/data/gho/indicator-metadata-registry/imr-details/33,,,,PUBLISHED,Published,,2007.0,2007,,AFR,2007,2007,Africa,,NGA,Nigeria,,AGE65-69,65-69 years,,MLE,Male,,,,,,,,181248.9,181248.90000,,,,,
4783,LIFE_0000000034,Tx - person-years lived above age x,https://www.who.int/data/gho/indicator-metadata-registry/imr-details/34,,,,PUBLISHED,Published,,2007.0,2007,,AFR,2007,2007,Africa,,NGA,Nigeria,,AGE65-69,65-69 years,,MLE,Male,,,,,,,,421516.4,421516.40000,,,,,
4784,LIFE_0000000035,ex - expectation of life at age x,https://www.who.int/data/gho/indicator-metadata-registry/imr-details/35,,,,PUBLISHED,Published,,2007.0,2007,,AFR,2007,2007,Africa,,NGA,Nigeria,,AGE65-69,65-69 years,,MLE,Male,,,,,,,,10.3,10.26358,,,,,
4785,LIFE_0000000029,nMx - age-specific death rate between ages x and x+n,https://www.who.int/data/gho/indicator-metadata-registry/imr-details/29,,,,PUBLISHED,Published,,2007.0,2007,,AFR,2007,2007,Africa,,NGA,Nigeria,,AGE70-74,70-74 years,,MLE,Male,,,,,,,,0.087,0.08724,,,,,
4786,LIFE_0000000030,nqx - probability of dying between ages x and x+n,https://www.who.int/data/gho/indicator-metadata-registry/imr-details/30,,,,PUBLISHED,Published,,2007.0,2007,,AFR,2007,2007,Africa,,NGA,Nigeria,,AGE70-74,70-74 years,,MLE,Male,,,,,,,,0.358,0.35846,,,,,
4787,LIFE_0000000029,nMx - age-specific death rate between ages x and x+n,https://www.who.int/data/gho/indicator-metadata-registry/imr-details/29,,,,PUBLISHED,Published,,2007.0,2007,,AFR,2007,2007,Africa,,NGA,Nigeria,,AGE80-84,80-84 years,,MLE,Male,,,,,,,,0.22,0.22035,,,,,
4788,LIFE_0000000030,nqx - probability of dying between ages x and x+n,https://www.who.int/data/gho/indicator-metadata-registry/imr-details/30,,,,PUBLISHED,Published,,2007.0,2007,,AFR,2007,2007,Africa,,NGA,Nigeria,,AGE80-84,80-84 years,,MLE,Male,,,,,,,,0.683,0.68315,,,,,
4789,LIFE_0000000031,lx - number of people left alive at age x,https://www.who.int/data/gho/indicator-metadata-registry/imr-details/31,,,,PUBLISHED,Published,,2007.0,2007,,AFR,2007,2007,Africa,,NGA,Nigeria,,AGE80-84,80-84 years,,MLE,Male,,,,,,,,9729.681,9729.68100,,,,,
4790,LIFE_0000000032,ndx - number of people dying between ages x and x+n,https://www.who.int/data/gho/indicator-metadata-registry/imr-details/32,,,,PUBLISHED,Published,,2007.0,2007,,AFR,2007,2007,Africa,,NGA,Nigeria,,AGE80-84,80-84 years,,MLE,Male,,,,,,,,6646.826,6646.82600,,,,,
4791,LIFE_0000000032,ndx - number of people dying between ages x and x+n,https://www.who.int/data/gho/indicator-metadata-registry/imr-details/32,,,,PUBLISHED,Published,,2007.0,2007,,AFR,2007,2007,Africa,,NGA,Nigeria,,AGELT1,<1 year,,FMLE,Female,,,,,,,,8520.727,8520.72700,,,,,
4792,LIFE_0000000033,nLx - person-years lived between ages x and x+n,https://www.who.int/data/gho/indicator-metadata-registry/imr-details/33,,,,PUBLISHED,Published,,2007.0,2007,,AFR,2007,2007,Africa,,NGA,Nigeria,,AGELT1,<1 year,,FMLE,Female,,,,,,,,94104.37,94104.37000,,,,,
4793,LIFE_0000000034,Tx - person-years lived above age x,https://www.who.int/data/gho/indicator-metadata-registry/imr-details/34,,,,PUBLISHED,Published,,2007.0,2007,,AFR,2007,2007,Africa,,NGA,Nigeria,,AGELT1,<1 year,,FMLE,Female,,,,,,,,5114608,5114608.00000,,,,,
4794,LIFE_0000000035,ex - expectation of life at age x,https://www.who.int/data/gho/indicator-metadata-registry/imr-details/35,,,,PUBLISHED,Published,,2007.0,2007,,AFR,2007,2007,Africa,,NGA,Nigeria,,AGELT1,<1 year,,FMLE,Female,,,,,,,,51.1,51.14608,,,,,
4795,LIFE_0000000034,Tx - person-years lived above age x,https://www.who.int/data/gho/indicator-metadata-registry/imr-details/34,,,,PUBLISHED,Published,,2007.0,2007,,AFR,2007,2007,Africa,,NGA,Nigeria,,AGE5-9,5-9 years,,FMLE,Female,,,,,,,,4669523,4669523.00000,,,,,
4796,LIFE_0000000035,ex - expectation of life at age x,https://www.who.int/data/gho/indicator-metadata-registry/imr-details/35,,,,PUBLISHED,Published,,2007.0,2007,,AFR,2007,2007,Africa,,NGA,Nigeria,,AGE5-9,5-9 years,,FMLE,Female,,,,,,,,54.4,54.44301,,,,,
4797,LIFE_0000000029,nMx - age-specific death rate between ages x and x+n,https://www.who.int/data/gho/indicator-metadata-registry/imr-details/29,,,,PUBLISHED,Published,,2007.0,2007,,AFR,2007,2007,Africa,,NGA,Nigeria,,AGE10-14,10-14 years,,FMLE,Female,,,,,,,,0.002,0.00208,,,,,
4798,LIFE_0000000030,nqx - probability of dying between ages x and x+n,https://www.who.int/data/gho/indicator-metadata-registry/imr-details/30,,,,PUBLISHED,Published,,2007.0,2007,,AFR,2007,2007,Africa,,NGA,Nigeria,,AGE10-14,10-14 years,,FMLE,Female,,,,,,,,0.01,0.01036,,,,,
4799,LIFE_0000000031,lx - number of people left alive at age x,https://www.who.int/data/gho/indicator-metadata-registry/imr-details/31,,,,PUBLISHED,Published,,2007.0,2007,,AFR,2007,2007,Africa,,NGA,Nigeria,,AGE10-14,10-14 years,,FMLE,Female,,,,,,,,83755.18,83755.18000,,,,,
4800,LIFE_0000000030,nqx - probability of dying between ages x and x+n,https://www.who.int/data/gho/indicator-metadata-registry/imr-details/30,,,,PUBLISHED,Published,,2007.0,2007,,AFR,2007,2007,Africa,,NGA,Nigeria,,AGE20-24,20-24 years,,FMLE,Female,,,,,,,,0.029,0.02896,,,,,
4801,LIFE_0000000031,lx - number of people left alive at age x,https://www.who.int/data/gho/indicator-metadata-registry/imr-details/31,,,,PUBLISHED,Published,,2007.0,2007,,AFR,2007,2007,Africa,,NGA,Nigeria,,AGE20-24,20-24 years,,FMLE,Female,,,,,,,,81106.38,81106.38000,,,,,
4802,LIFE_0000000032,ndx - number of people dying between ages x and x+n,https://www.who.int/data/gho/indicator-metadata-registry/imr-details/32,,,,PUBLISHED,Published,,2007.0,2007,,AFR,2007,2007,Africa,,NGA,Nigeria,,AGE20-24,20-24 years,,FMLE,Female,,,,,,,,2348.639,2348.63900,,,,,
4803,LIFE_0000000033,nLx - person-years lived between ages x and x+n,https://www.who.int/data/gho/indicator-metadata-registry/imr-details/33,,,,PUBLISHED,Published,,2007.0,2007,,AFR,2007,2007,Africa,,NGA,Nigeria,,AGE20-24,20-24 years,,FMLE,Female,,,,,,,,399779.9,399779.90000,,,,,
4804,LIFE_0000000033,nLx - person-years lived between ages x and x+n,https://www.who.int/data/gho/indicator-metadata-registry/imr-details/33,,,,PUBLISHED,Published,,2007.0,2007,,AFR,2007,2007,Africa,,NGA,Nigeria,,AGE30-34,30-34 years,,FMLE,Female,,,,,,,,368478.4,368478.40000,,,,,
4805,LIFE_0000000034,Tx - person-years lived above age x,https://www.who.int/data/gho/indicator-metadata-registry/imr-details/34,,,,PUBLISHED,Published,,2007.0,2007,,AFR,2007,2007,Africa,,NGA,Nigeria,,AGE30-34,30-34 years,,FMLE,Female,,,,,,,,2633385,2633385.00000,,,,,
4806,LIFE_0000000035,ex - expectation of life at age x,https://www.who.int/data/gho/indicator-metadata-registry/imr-details/35,,,,PUBLISHED,Published,,2007.0,2007,,AFR,2007,2007,Africa,,NGA,Nigeria,,AGE30-34,30-34 years,,FMLE,Female,,,,,,,,34.9,34.86675,,,,,
4807,LIFE_0000000029,nMx - age-specific death rate between ages x and x+n,https://www.who.int/data/gho/indicator-metadata-registry/imr-details/29,,,,PUBLISHED,Published,,2007.0,2007,,AFR,2007,2007,Africa,,NGA,Nigeria,,AGE35-39,35-39 years,,FMLE,Female,,,,,,,,0.011,0.01122,,,,,
4808,LIFE_0000000029,nMx - age-specific death rate between ages x and x+n,https://www.who.int/data/gho/indicator-metadata-registry/imr-details/29,,,,PUBLISHED,Published,,2007.0,2007,,AFR,2007,2007,Africa,,NGA,Nigeria,,AGE45-49,45-49 years,,FMLE,Female,,,,,,,,0.011,0.01109,,,,,
4809,LIFE_0000000030,nqx - probability of dying between ages x and x+n,https://www.who.int/data/gho/indicator-metadata-registry/imr-details/30,,,,PUBLISHED,Published,,2007.0,2007,,AFR,2007,2007,Africa,,NGA,Nigeria,,AGE45-49,45-49 years,,FMLE,Female,,,,,,,,0.054,0.05398,,,,,
4810,LIFE_0000000031,lx - number of people left alive at age x,https://www.who.int/data/gho/indicator-metadata-registry/imr-details/31,,,,PUBLISHED,Published,,2007.0,2007,,AFR,2007,2007,Africa,,NGA,Nigeria,,AGE45-49,45-49 years,,FMLE,Female,,,,,,,,64336.29,64336.29000,,,,,
4811,LIFE_0000000032,ndx - number of people dying between ages x and x+n,https://www.who.int/data/gho/indicator-metadata-registry/imr-details/32,,,,PUBLISHED,Published,,2007.0,2007,,AFR,2007,2007,Africa,,NGA,Nigeria,,AGE45-49,45-49 years,,FMLE,Female,,,,,,,,3472.845,3472.84500,,,,,
4812,LIFE_0000000031,lx - number of people left alive at age x,https://www.who.int/data/gho/indicator-metadata-registry/imr-details/31,,,,PUBLISHED,Published,,2007.0,2007,,AFR,2007,2007,Africa,,NGA,Nigeria,,AGE55-59,55-59 years,,FMLE,Female,,,,,,,,56837.04,56837.04000,,,,,
4813,LIFE_0000000032,ndx - number of people dying between ages x and x+n,https://www.who.int/data/gho/indicator-metadata-registry/imr-details/32,,,,PUBLISHED,Published,,2007.0,2007,,AFR,2007,2007,Africa,,NGA,Nigeria,,AGE55-59,55-59 years,,FMLE,Female,,,,,,,,4823.845,4823.84500,,,,,
4814,LIFE_0000000033,nLx - person-years lived between ages x and x+n,https://www.who.int/data/gho/indicator-metadata-registry/imr-details/33,,,,PUBLISHED,Published,,2007.0,2007,,AFR,2007,2007,Africa,,NGA,Nigeria,,AGE55-59,55-59 years,,FMLE,Female,,,,,,,,272753.6,272753.60000,,,,,
4815,LIFE_0000000034,Tx - person-years lived above age x,https://www.who.int/data/gho/indicator-metadata-registry/imr-details/34,,,,PUBLISHED,Published,,2007.0,2007,,AFR,2007,2007,Africa,,NGA,Nigeria,,AGE55-59,55-59 years,,FMLE,Female,,,,,,,,976828.4,976828.40000,,,,,
4816,LIFE_0000000035,ex - expectation of life at age x,https://www.who.int/data/gho/indicator-metadata-registry/imr-details/35,,,,PUBLISHED,Published,,2007.0,2007,,AFR,2007,2007,Africa,,NGA,Nigeria,,AGE55-59,55-59 years,,FMLE,Female,,,,,,,,17.2,17.18648,,,,,
4817,LIFE_0000000034,Tx - person-years lived above age x,https://www.who.int/data/gho/indicator-metadata-registry/imr-details/34,,,,PUBLISHED,Published,,2007.0,2007,,AFR,2007,2007,Africa,,NGA,Nigeria,,AGE65-69,65-69 years,,FMLE,Female,,,,,,,,462581.9,462581.90000,,,,,
4818,LIFE_0000000035,ex - expectation of life at age x,https://www.who.int/data/gho/indicator-metadata-registry/imr-details/35,,,,PUBLISHED,Published,,2007.0,2007,,AFR,2007,2007,Africa,,NGA,Nigeria,,AGE65-69,65-69 years,,FMLE,Female,,,,,,,,10.5,10.47183,,,,,
4819,LIFE_0000000029,nMx - age-specific death rate between ages x and x+n,https://www.who.int/data/gho/indicator-metadata-registry/imr-details/29,,,,PUBLISHED,Published,,2007.0,2007,,AFR,2007,2007,Africa,,NGA,Nigeria,,AGE70-74,70-74 years,,FMLE,Female,,,,,,,,0.085,0.08511,,,,,
4820,LIFE_0000000030,nqx - probability of dying between ages x and x+n,https://www.who.int/data/gho/indicator-metadata-registry/imr-details/30,,,,PUBLISHED,Published,,2007.0,2007,,AFR,2007,2007,Africa,,NGA,Nigeria,,AGE70-74,70-74 years,,FMLE,Female,,,,,,,,0.352,0.35158,,,,,
4821,LIFE_0000000030,nqx - probability of dying between ages x and x+n,https://www.who.int/data/gho/indicator-metadata-registry/imr-details/30,,,,PUBLISHED,Published,,2007.0,2007,,AFR,2007,2007,Africa,,NGA,Nigeria,,AGE80-84,80-84 years,,FMLE,Female,,,,,,,,0.682,0.68186,,,,,
4822,LIFE_0000000031,lx - number of people left alive at age x,https://www.who.int/data/gho/indicator-metadata-registry/imr-details/31,,,,PUBLISHED,Published,,2007.0,2007,,AFR,2007,2007,Africa,,NGA,Nigeria,,AGE80-84,80-84 years,,FMLE,Female,,,,,,,,10877.35,10877.35000,,,,,
4823,LIFE_0000000032,ndx - number of people dying between ages x and x+n,https://www.who.int/data/gho/indicator-metadata-registry/imr-details/32,,,,PUBLISHED,Published,,2007.0,2007,,AFR,2007,2007,Africa,,NGA,Nigeria,,AGE80-84,80-84 years,,FMLE,Female,,,,,,,,7416.803,7416.80300,,,,,
4824,LIFE_0000000033,nLx - person-years lived between ages x and x+n,https://www.who.int/data/gho/indicator-metadata-registry/imr-details/33,,,,PUBLISHED,Published,,2007.0,2007,,AFR,2007,2007,Africa,,NGA,Nigeria,,AGE80-84,80-84 years,,FMLE,Female,,,,,,,,33761.75,33761.75000,,,,,
4825,LIFE_0000000032,ndx - number of people dying between ages x and x+n,https://www.who.int/data/gho/indicator-metadata-registry/imr-details/32,,,,PUBLISHED,Published,,2008.0,2008,,AFR,2008,2008,Africa,,NGA,Nigeria,,AGELT1,<1 year,,MLE,Male,,,,,,,,9408.822,9408.82200,,,,,
4826,LIFE_0000000033,nLx - person-years lived between ages x and x+n,https://www.who.int/data/gho/indicator-metadata-registry/imr-details/33,,,,PUBLISHED,Published,,2008.0,2008,,AFR,2008,2008,Africa,,NGA,Nigeria,,AGELT1,<1 year,,MLE,Male,,,,,,,,93533.13,93533.13000,,,,,
4827,LIFE_0000000034,Tx - person-years lived above age x,https://www.who.int/data/gho/indicator-metadata-registry/imr-details/34,,,,PUBLISHED,Published,,2008.0,2008,,AFR,2008,2008,Africa,,NGA,Nigeria,,AGELT1,<1 year,,MLE,Male,,,,,,,,5108654,5108654.00000,,,,,
4828,LIFE_0000000035,ex - expectation of life at age x,https://www.who.int/data/gho/indicator-metadata-registry/imr-details/35,,,,PUBLISHED,Published,,2008.0,2008,,AFR,2008,2008,Africa,,NGA,Nigeria,,AGELT1,<1 year,,MLE,Male,,,,,,,,51.1,51.08654,,,,,
4829,LIFE_0000000029,nMx - age-specific death rate between ages x and x+n,https://www.who.int/data/gho/indicator-metadata-registry/imr-details/29,,,,PUBLISHED,Published,,2008.0,2008,,AFR,2008,2008,Africa,,NGA,Nigeria,,AGE1-4,1-4 years,,MLE,Male,,,,,,,,0.015,0.01473,,,,,
4830,LIFE_0000000035,ex - expectation of life at age x,https://www.who.int/data/gho/indicator-metadata-registry/imr-details/35,,,,PUBLISHED,Published,,2008.0,2008,,AFR,2008,2008,Africa,,NGA,Nigeria,,AGE5-9,5-9 years,,MLE,Male,,,,,,,,54.6,54.60647,,,,,
4831,LIFE_0000000029,nMx - age-specific death rate between ages x and x+n,https://www.who.int/data/gho/indicator-metadata-registry/imr-details/29,,,,PUBLISHED,Published,,2008.0,2008,,AFR,2008,2008,Africa,,NGA,Nigeria,,AGE10-14,10-14 years,,MLE,Male,,,,,,,,0.002,0.00157,,,,,
4832,LIFE_0000000030,nqx - probability of dying between ages x and x+n,https://www.who.int/data/gho/indicator-metadata-registry/imr-details/30,,,,PUBLISHED,Published,,2008.0,2008,,AFR,2008,2008,Africa,,NGA,Nigeria,,AGE10-14,10-14 years,,MLE,Male,,,,,,,,0.008,0.00780,,,,,
4833,LIFE_0000000031,lx - number of people left alive at age x,https://www.who.int/data/gho/indicator-metadata-registry/imr-details/31,,,,PUBLISHED,Published,,2008.0,2008,,AFR,2008,2008,Africa,,NGA,Nigeria,,AGE10-14,10-14 years,,MLE,Male,,,,,,,,83957.66,83957.66000,,,,,
4834,LIFE_0000000031,lx - number of people left alive at age x,https://www.who.int/data/gho/indicator-metadata-registry/imr-details/31,,,,PUBLISHED,Published,,2008.0,2008,,AFR,2008,2008,Africa,,NGA,Nigeria,,AGE20-24,20-24 years,,MLE,Male,,,,,,,,81925.79,81925.79000,,,,,
4835,LIFE_0000000032,ndx - number of people dying between ages x and x+n,https://www.who.int/data/gho/indicator-metadata-registry/imr-details/32,,,,PUBLISHED,Published,,2008.0,2008,,AFR,2008,2008,Africa,,NGA,Nigeria,,AGE20-24,20-24 years,,MLE,Male,,,,,,,,2112.891,2112.89100,,,,,
4836,LIFE_0000000033,nLx - person-years lived between ages x and x+n,https://www.who.int/data/gho/indicator-metadata-registry/imr-details/33,,,,PUBLISHED,Published,,2008.0,2008,,AFR,2008,2008,Africa,,NGA,Nigeria,,AGE20-24,20-24 years,,MLE,Male,,,,,,,,404383,404383.00000,,,,,
4837,LIFE_0000000034,Tx - person-years lived above age x,https://www.who.int/data/gho/indicator-metadata-registry/imr-details/34,,,,PUBLISHED,Published,,2008.0,2008,,AFR,2008,2008,Africa,,NGA,Nigeria,,AGE20-24,20-24 years,,MLE,Male,,,,,,,,3411399,3411399.00000,,,,,
4838,LIFE_0000000034,Tx - person-years lived above age x,https://www.who.int/data/gho/indicator-metadata-registry/imr-details/34,,,,PUBLISHED,Published,,2008.0,2008,,AFR,2008,2008,Africa,,NGA,Nigeria,,AGE30-34,30-34 years,,MLE,Male,,,,,,,,2614446,2614446.00000,,,,,
4839,LIFE_0000000035,ex - expectation of life at age x,https://www.who.int/data/gho/indicator-metadata-registry/imr-details/35,,,,PUBLISHED,Published,,2008.0,2008,,AFR,2008,2008,Africa,,NGA,Nigeria,,AGE30-34,30-34 years,,MLE,Male,,,,,,,,33.9,33.86521,,,,,
4840,LIFE_0000000029,nMx - age-specific death rate between ages x and x+n,https://www.who.int/data/gho/indicator-metadata-registry/imr-details/29,,,,PUBLISHED,Published,,2008.0,2008,,AFR,2008,2008,Africa,,NGA,Nigeria,,AGE35-39,35-39 years,,MLE,Male,,,,,,,,0.011,0.01086,,,,,
4841,LIFE_0000000030,nqx - probability of dying between ages x and x+n,https://www.who.int/data/gho/indicator-metadata-registry/imr-details/30,,,,PUBLISHED,Published,,2008.0,2008,,AFR,2008,2008,Africa,,NGA,Nigeria,,AGE35-39,35-39 years,,MLE,Male,,,,,,,,0.053,0.05289,,,,,
4842,LIFE_0000000029,nMx - age-specific death rate between ages x and x+n,https://www.who.int/data/gho/indicator-metadata-registry/imr-details/29,,,,PUBLISHED,Published,,2008.0,2008,,AFR,2008,2008,Africa,,NGA,Nigeria,,AGE45-49,45-49 years,,MLE,Male,,,,,,,,0.014,0.01433,,,,,
4843,LIFE_0000000030,nqx - probability of dying between ages x and x+n,https://www.who.int/data/gho/indicator-metadata-registry/imr-details/30,,,,PUBLISHED,Published,,2008.0,2008,,AFR,2008,2008,Africa,,NGA,Nigeria,,AGE45-49,45-49 years,,MLE,Male,,,,,,,,0.069,0.06926,,,,,
4844,LIFE_0000000031,lx - number of people left alive at age x,https://www.who.int/data/gho/indicator-metadata-registry/imr-details/31,,,,PUBLISHED,Published,,2008.0,2008,,AFR,2008,2008,Africa,,NGA,Nigeria,,AGE45-49,45-49 years,,MLE,Male,,,,,,,,65803.38,65803.38000,,,,,
4845,LIFE_0000000032,ndx - number of people dying between ages x and x+n,https://www.who.int/data/gho/indicator-metadata-registry/imr-details/32,,,,PUBLISHED,Published,,2008.0,2008,,AFR,2008,2008,Africa,,NGA,Nigeria,,AGE45-49,45-49 years,,MLE,Male,,,,,,,,4557.769,4557.76900,,,,,
4846,LIFE_0000000032,ndx - number of people dying between ages x and x+n,https://www.who.int/data/gho/indicator-metadata-registry/imr-details/32,,,,PUBLISHED,Published,,2008.0,2008,,AFR,2008,2008,Africa,,NGA,Nigeria,,AGE55-59,55-59 years,,MLE,Male,,,,,,,,6062.658,6062.65800,,,,,
4847,LIFE_0000000033,nLx - person-years lived between ages x and x+n,https://www.who.int/data/gho/indicator-metadata-registry/imr-details/33,,,,PUBLISHED,Published,,2008.0,2008,,AFR,2008,2008,Africa,,NGA,Nigeria,,AGE55-59,55-59 years,,MLE,Male,,,,,,,,265364.6,265364.60000,,,,,
4848,LIFE_0000000034,Tx - person-years lived above age x,https://www.who.int/data/gho/indicator-metadata-registry/imr-details/34,,,,PUBLISHED,Published,,2008.0,2008,,AFR,2008,2008,Africa,,NGA,Nigeria,,AGE55-59,55-59 years,,MLE,Male,,,,,,,,924631.8,924631.80000,,,,,
4849,LIFE_0000000035,ex - expectation of life at age x,https://www.who.int/data/gho/indicator-metadata-registry/imr-details/35,,,,PUBLISHED,Published,,2008.0,2008,,AFR,2008,2008,Africa,,NGA,Nigeria,,AGE55-59,55-59 years,,MLE,Male,,,,,,,,16.5,16.51659,,,,,
4850,LIFE_0000000035,ex - expectation of life at age x,https://www.who.int/data/gho/indicator-metadata-registry/imr-details/35,,,,PUBLISHED,Published,,2008.0,2008,,AFR,2008,2008,Africa,,NGA,Nigeria,,AGE65-69,65-69 years,,MLE,Male,,,,,,,,10.3,10.31761,,,,,
4851,LIFE_0000000029,nMx - age-specific death rate between ages x and x+n,https://www.who.int/data/gho/indicator-metadata-registry/imr-details/29,,,,PUBLISHED,Published,,2008.0,2008,,AFR,2008,2008,Africa,,NGA,Nigeria,,AGE70-74,70-74 years,,MLE,Male,,,,,,,,0.086,0.08644,,,,,
4852,LIFE_0000000030,nqx - probability of dying between ages x and x+n,https://www.who.int/data/gho/indicator-metadata-registry/imr-details/30,,,,PUBLISHED,Published,,2008.0,2008,,AFR,2008,2008,Africa,,NGA,Nigeria,,AGE70-74,70-74 years,,MLE,Male,,,,,,,,0.356,0.35581,,,,,
4853,LIFE_0000000031,lx - number of people left alive at age x,https://www.who.int/data/gho/indicator-metadata-registry/imr-details/31,,,,PUBLISHED,Published,,2008.0,2008,,AFR,2008,2008,Africa,,NGA,Nigeria,,AGE70-74,70-74 years,,MLE,Male,,,,,,,,31691.33,31691.33000,,,,,
4854,LIFE_0000000030,nqx - probability of dying between ages x and x+n,https://www.who.int/data/gho/indicator-metadata-registry/imr-details/30,,,,PUBLISHED,Published,,2008.0,2008,,AFR,2008,2008,Africa,,NGA,Nigeria,,AGE80-84,80-84 years,,MLE,Male,,,,,,,,0.681,0.68120,,,,,
4855,LIFE_0000000031,lx - number of people left alive at age x,https://www.who.int/data/gho/indicator-metadata-registry/imr-details/31,,,,PUBLISHED,Published,,2008.0,2008,,AFR,2008,2008,Africa,,NGA,Nigeria,,AGE80-84,80-84 years,,MLE,Male,,,,,,,,9988.628,9988.62800,,,,,
4856,LIFE_0000000032,ndx - number of people dying between ages x and x+n,https://www.who.int/data/gho/indicator-metadata-registry/imr-details/32,,,,PUBLISHED,Published,,2008.0,2008,,AFR,2008,2008,Africa,,NGA,Nigeria,,AGE80-84,80-84 years,,MLE,Male,,,,,,,,6804.293,6804.29300,,,,,
4857,LIFE_0000000033,nLx - person-years lived between ages x and x+n,https://www.who.int/data/gho/indicator-metadata-registry/imr-details/33,,,,PUBLISHED,Published,,2008.0,2008,,AFR,2008,2008,Africa,,NGA,Nigeria,,AGE80-84,80-84 years,,MLE,Male,,,,,,,,31045.66,31045.66000,,,,,
4858,LIFE_0000000034,Tx - person-years lived above age x,https://www.who.int/data/gho/indicator-metadata-registry/imr-details/34,,,,PUBLISHED,Published,,2008.0,2008,,AFR,2008,2008,Africa,,NGA,Nigeria,,AGE80-84,80-84 years,,MLE,Male,,,,,,,,40139.32,40139.32000,,,,,
4859,LIFE_0000000033,nLx - person-years lived between ages x and x+n,https://www.who.int/data/gho/indicator-metadata-registry/imr-details/33,,,,PUBLISHED,Published,,2008.0,2008,,AFR,2008,2008,Africa,,NGA,Nigeria,,AGELT1,<1 year,,FMLE,Female,,,,,,,,94227.93,94227.93000,,,,,
4860,LIFE_0000000034,Tx - person-years lived above age x,https://www.who.int/data/gho/indicator-metadata-registry/imr-details/34,,,,PUBLISHED,Published,,2008.0,2008,,AFR,2008,2008,Africa,,NGA,Nigeria,,AGELT1,<1 year,,FMLE,Female,,,,,,,,5160806,5160806.00000,,,,,
4861,LIFE_0000000035,ex - expectation of life at age x,https://www.who.int/data/gho/indicator-metadata-registry/imr-details/35,,,,PUBLISHED,Published,,2008.0,2008,,AFR,2008,2008,Africa,,NGA,Nigeria,,AGELT1,<1 year,,FMLE,Female,,,,,,,,51.6,51.60806,,,,,
4862,LIFE_0000000029,nMx - age-specific death rate between ages x and x+n,https://www.who.int/data/gho/indicator-metadata-registry/imr-details/29,,,,PUBLISHED,Published,,2008.0,2008,,AFR,2008,2008,Africa,,NGA,Nigeria,,AGE1-4,1-4 years,,FMLE,Female,,,,,,,,0.015,0.01546,,,,,
4863,LIFE_0000000029,nMx - age-specific death rate between ages x and x+n,https://www.who.int/data/gho/indicator-metadata-registry/imr-details/29,,,,PUBLISHED,Published,,2008.0,2008,,AFR,2008,2008,Africa,,NGA,Nigeria,,AGE10-14,10-14 years,,FMLE,Female,,,,,,,,0.002,0.00204,,,,,
4864,LIFE_0000000030,nqx - probability of dying between ages x and x+n,https://www.who.int/data/gho/indicator-metadata-registry/imr-details/30,,,,PUBLISHED,Published,,2008.0,2008,,AFR,2008,2008,Africa,,NGA,Nigeria,,AGE10-14,10-14 years,,FMLE,Female,,,,,,,,0.01,0.01016,,,,,
4865,LIFE_0000000031,lx - number of people left alive at age x,https://www.who.int/data/gho/indicator-metadata-registry/imr-details/31,,,,PUBLISHED,Published,,2008.0,2008,,AFR,2008,2008,Africa,,NGA,Nigeria,,AGE10-14,10-14 years,,FMLE,Female,,,,,,,,84341.72,84341.72000,,,,,
4866,LIFE_0000000032,ndx - number of people dying between ages x and x+n,https://www.who.int/data/gho/indicator-metadata-registry/imr-details/32,,,,PUBLISHED,Published,,2008.0,2008,,AFR,2008,2008,Africa,,NGA,Nigeria,,AGE10-14,10-14 years,,FMLE,Female,,,,,,,,856.927,856.92690,,,,,
4867,LIFE_0000000032,ndx - number of people dying between ages x and x+n,https://www.who.int/data/gho/indicator-metadata-registry/imr-details/32,,,,PUBLISHED,Published,,2008.0,2008,,AFR,2008,2008,Africa,,NGA,Nigeria,,AGE20-24,20-24 years,,FMLE,Female,,,,,,,,2321.103,2321.10300,,,,,
4868,LIFE_0000000033,nLx - person-years lived between ages x and x+n,https://www.who.int/data/gho/indicator-metadata-registry/imr-details/33,,,,PUBLISHED,Published,,2008.0,2008,,AFR,2008,2008,Africa,,NGA,Nigeria,,AGE20-24,20-24 years,,FMLE,Female,,,,,,,,402872.4,402872.40000,,,,,
4869,LIFE_0000000034,Tx - person-years lived above age x,https://www.who.int/data/gho/indicator-metadata-registry/imr-details/34,,,,PUBLISHED,Published,,2008.0,2008,,AFR,2008,2008,Africa,,NGA,Nigeria,,AGE20-24,20-24 years,,FMLE,Female,,,,,,,,3454436,3454436.00000,,,,,
4870,LIFE_0000000035,ex - expectation of life at age x,https://www.who.int/data/gho/indicator-metadata-registry/imr-details/35,,,,PUBLISHED,Published,,2008.0,2008,,AFR,2008,2008,Africa,,NGA,Nigeria,,AGE20-24,20-24 years,,FMLE,Female,,,,,,,,42.3,42.27619,,,,,
4871,LIFE_0000000034,Tx - person-years lived above age x,https://www.who.int/data/gho/indicator-metadata-registry/imr-details/34,,,,PUBLISHED,Published,,2008.0,2008,,AFR,2008,2008,Africa,,NGA,Nigeria,,AGE30-34,30-34 years,,FMLE,Female,,,,,,,,2662519,2662519.00000,,,,,
4872,LIFE_0000000035,ex - expectation of life at age x,https://www.who.int/data/gho/indicator-metadata-registry/imr-details/35,,,,PUBLISHED,Published,,2008.0,2008,,AFR,2008,2008,Africa,,NGA,Nigeria,,AGE30-34,30-34 years,,FMLE,Female,,,,,,,,34.9,34.93417,,,,,
4873,LIFE_0000000029,nMx - age-specific death rate between ages x and x+n,https://www.who.int/data/gho/indicator-metadata-registry/imr-details/29,,,,PUBLISHED,Published,,2008.0,2008,,AFR,2008,2008,Africa,,NGA,Nigeria,,AGE35-39,35-39 years,,FMLE,Female,,,,,,,,0.011,0.01132,,,,,
4874,LIFE_0000000030,nqx - probability of dying between ages x and x+n,https://www.who.int/data/gho/indicator-metadata-registry/imr-details/30,,,,PUBLISHED,Published,,2008.0,2008,,AFR,2008,2008,Africa,,NGA,Nigeria,,AGE35-39,35-39 years,,FMLE,Female,,,,,,,,0.055,0.05505,,,,,
4875,LIFE_0000000030,nqx - probability of dying between ages x and x+n,https://www.who.int/data/gho/indicator-metadata-registry/imr-details/30,,,,PUBLISHED,Published,,2008.0,2008,,AFR,2008,2008,Africa,,NGA,Nigeria,,AGE45-49,45-49 years,,FMLE,Female,,,,,,,,0.054,0.05389,,,,,
4876,LIFE_0000000031,lx - number of people left alive at age x,https://www.who.int/data/gho/indicator-metadata-registry/imr-details/31,,,,PUBLISHED,Published,,2008.0,2008,,AFR,2008,2008,Africa,,NGA,Nigeria,,AGE45-49,45-49 years,,FMLE,Female,,,,,,,,64914.16,64914.16000,,,,,
4877,LIFE_0000000032,ndx - number of people dying between ages x and x+n,https://www.who.int/data/gho/indicator-metadata-registry/imr-details/32,,,,PUBLISHED,Published,,2008.0,2008,,AFR,2008,2008,Africa,,NGA,Nigeria,,AGE45-49,45-49 years,,FMLE,Female,,,,,,,,3498.377,3498.37700,,,,,
4878,LIFE_0000000033,nLx - person-years lived between ages x and x+n,https://www.who.int/data/gho/indicator-metadata-registry/imr-details/33,,,,PUBLISHED,Published,,2008.0,2008,,AFR,2008,2008,Africa,,NGA,Nigeria,,AGE45-49,45-49 years,,FMLE,Female,,,,,,,,316029.5,316029.50000,,,,,
4879,LIFE_0000000033,nLx - person-years lived between ages x and x+n,https://www.who.int/data/gho/indicator-metadata-registry/imr-details/33,,,,PUBLISHED,Published,,2008.0,2008,,AFR,2008,2008,Africa,,NGA,Nigeria,,AGE55-59,55-59 years,,FMLE,Female,,,,,,,,275401,275401.00000,,,,,
4880,LIFE_0000000034,Tx - person-years lived above age x,https://www.who.int/data/gho/indicator-metadata-registry/imr-details/34,,,,PUBLISHED,Published,,2008.0,2008,,AFR,2008,2008,Africa,,NGA,Nigeria,,AGE55-59,55-59 years,,FMLE,Female,,,,,,,,990608.3,990608.30000,,,,,
4881,LIFE_0000000035,ex - expectation of life at age x,https://www.who.int/data/gho/indicator-metadata-registry/imr-details/35,,,,PUBLISHED,Published,,2008.0,2008,,AFR,2008,2008,Africa,,NGA,Nigeria,,AGE55-59,55-59 years,,FMLE,Female,,,,,,,,17.3,17.26649,,,,,
4882,LIFE_0000000029,nMx - age-specific death rate between ages x and x+n,https://www.who.int/data/gho/indicator-metadata-registry/imr-details/29,,,,PUBLISHED,Published,,2008.0,2008,,AFR,2008,2008,Africa,,NGA,Nigeria,,AGE60-64,60-64 years,,FMLE,Female,,,,,,,,0.032,0.03204,,,,,
4883,LIFE_0000000035,ex - expectation of life at age x,https://www.who.int/data/gho/indicator-metadata-registry/imr-details/35,,,,PUBLISHED,Published,,2008.0,2008,,AFR,2008,2008,Africa,,NGA,Nigeria,,AGE65-69,65-69 years,,FMLE,Female,,,,,,,,10.5,10.53509,,,,,
4884,LIFE_0000000029,nMx - age-specific death rate between ages x and x+n,https://www.who.int/data/gho/indicator-metadata-registry/imr-details/29,,,,PUBLISHED,Published,,2008.0,2008,,AFR,2008,2008,Africa,,NGA,Nigeria,,AGE70-74,70-74 years,,FMLE,Female,,,,,,,,0.084,0.08419,,,,,
4885,LIFE_0000000030,nqx - probability of dying between ages x and x+n,https://www.who.int/data/gho/indicator-metadata-registry/imr-details/30,,,,PUBLISHED,Published,,2008.0,2008,,AFR,2008,2008,Africa,,NGA,Nigeria,,AGE70-74,70-74 years,,FMLE,Female,,,,,,,,0.348,0.34848,,,,,
4886,LIFE_0000000031,lx - number of people left alive at age x,https://www.who.int/data/gho/indicator-metadata-registry/imr-details/31,,,,PUBLISHED,Published,,2008.0,2008,,AFR,2008,2008,Africa,,NGA,Nigeria,,AGE70-74,70-74 years,,FMLE,Female,,,,,,,,34598.19,34598.19000,,,,,
4887,LIFE_0000000032,ndx - number of people dying between ages x and x+n,https://www.who.int/data/gho/indicator-metadata-registry/imr-details/32,,,,PUBLISHED,Published,,2008.0,2008,,AFR,2008,2008,Africa,,NGA,Nigeria,,AGE70-74,70-74 years,,FMLE,Female,,,,,,,,12056.67,12056.67000,,,,,
4888,LIFE_0000000031,lx - number of people left alive at age x,https://www.who.int/data/gho/indicator-metadata-registry/imr-details/31,,,,PUBLISHED,Published,,2008.0,2008,,AFR,2008,2008,Africa,,NGA,Nigeria,,AGE80-84,80-84 years,,FMLE,Female,,,,,,,,11172.1,11172.10000,,,,,
4889,LIFE_0000000032,ndx - number of people dying between ages x and x+n,https://www.who.int/data/gho/indicator-metadata-registry/imr-details/32,,,,PUBLISHED,Published,,2008.0,2008,,AFR,2008,2008,Africa,,NGA,Nigeria,,AGE80-84,80-84 years,,FMLE,Female,,,,,,,,7587.883,7587.88300,,,,,
4890,LIFE_0000000033,nLx - person-years lived between ages x and x+n,https://www.who.int/data/gho/indicator-metadata-registry/imr-details/33,,,,PUBLISHED,Published,,2008.0,2008,,AFR,2008,2008,Africa,,NGA,Nigeria,,AGE80-84,80-84 years,,FMLE,Female,,,,,,,,34791.16,34791.16000,,,,,
4891,LIFE_0000000034,Tx - person-years lived above age x,https://www.who.int/data/gho/indicator-metadata-registry/imr-details/34,,,,PUBLISHED,Published,,2008.0,2008,,AFR,2008,2008,Africa,,NGA,Nigeria,,AGE80-84,80-84 years,,FMLE,Female,,,,,,,,45301.09,45301.09000,,,,,
4892,LIFE_0000000034,Tx - person-years lived above age x,https://www.who.int/data/gho/indicator-metadata-registry/imr-details/34,,,,PUBLISHED,Published,,2009.0,2009,,AFR,2009,2009,Africa,,NGA,Nigeria,,AGELT1,<1 year,,MLE,Male,,,,,,,,5163389,5163389.00000,,,,,
4893,LIFE_0000000035,ex - expectation of life at age x,https://www.who.int/data/gho/indicator-metadata-registry/imr-details/35,,,,PUBLISHED,Published,,2009.0,2009,,AFR,2009,2009,Africa,,NGA,Nigeria,,AGELT1,<1 year,,MLE,Male,,,,,,,,51.6,51.63389,,,,,
4894,LIFE_0000000029,nMx - age-specific death rate between ages x and x+n,https://www.who.int/data/gho/indicator-metadata-registry/imr-details/29,,,,PUBLISHED,Published,,2009.0,2009,,AFR,2009,2009,Africa,,NGA,Nigeria,,AGE1-4,1-4 years,,MLE,Male,,,,,,,,0.014,0.01401,,,,,
4895,LIFE_0000000030,nqx - probability of dying between ages x and x+n,https://www.who.int/data/gho/indicator-metadata-registry/imr-details/30,,,,PUBLISHED,Published,,2009.0,2009,,AFR,2009,2009,Africa,,NGA,Nigeria,,AGE1-4,1-4 years,,MLE,Male,,,,,,,,0.054,0.05405,,,,,
4896,LIFE_0000000030,nqx - probability of dying between ages x and x+n,https://www.who.int/data/gho/indicator-metadata-registry/imr-details/30,,,,PUBLISHED,Published,,2009.0,2009,,AFR,2009,2009,Africa,,NGA,Nigeria,,AGE10-14,10-14 years,,MLE,Male,,,,,,,,0.008,0.00769,,,,,
4897,LIFE_0000000031,lx - number of people left alive at age x,https://www.who.int/data/gho/indicator-metadata-registry/imr-details/31,,,,PUBLISHED,Published,,2009.0,2009,,AFR,2009,2009,Africa,,NGA,Nigeria,,AGE10-14,10-14 years,,MLE,Male,,,,,,,,84560.68,84560.68000,,,,,
4898,LIFE_0000000032,ndx - number of people dying between ages x and x+n,https://www.who.int/data/gho/indicator-metadata-registry/imr-details/32,,,,PUBLISHED,Published,,2009.0,2009,,AFR,2009,2009,Africa,,NGA,Nigeria,,AGE10-14,10-14 years,,MLE,Male,,,,,,,,649.934,649.93440,,,,,
4899,LIFE_0000000033,nLx - person-years lived between ages x and x+n,https://www.who.int/data/gho/indicator-metadata-registry/imr-details/33,,,,PUBLISHED,Published,,2009.0,2009,,AFR,2009,2009,Africa,,NGA,Nigeria,,AGE10-14,10-14 years,,MLE,Male,,,,,,,,421178.6,421178.60000,,,,,
4900,LIFE_0000000032,ndx - number of people dying between ages x and x+n,https://www.who.int/data/gho/indicator-metadata-registry/imr-details/32,,,,PUBLISHED,Published,,2009.0,2009,,AFR,2009,2009,Africa,,NGA,Nigeria,,AGE20-24,20-24 years,,MLE,Male,,,,,,,,2100.224,2100.22400,,,,,
4901,LIFE_0000000033,nLx - person-years lived between ages x and x+n,https://www.who.int/data/gho/indicator-metadata-registry/imr-details/33,,,,PUBLISHED,Published,,2009.0,2009,,AFR,2009,2009,Africa,,NGA,Nigeria,,AGE20-24,20-24 years,,MLE,Male,,,,,,,,407438.2,407438.20000,,,,,
4902,LIFE_0000000034,Tx - person-years lived above age x,https://www.who.int/data/gho/indicator-metadata-registry/imr-details/34,,,,PUBLISHED,Published,,2009.0,2009,,AFR,2009,2009,Africa,,NGA,Nigeria,,AGE20-24,20-24 years,,MLE,Male,,,,,,,,3455100,3455100.00000,,,,,
4903,LIFE_0000000035,ex - expectation of life at age x,https://www.who.int/data/gho/indicator-metadata-registry/imr-details/35,,,,PUBLISHED,Published,,2009.0,2009,,AFR,2009,2009,Africa,,NGA,Nigeria,,AGE20-24,20-24 years,,MLE,Male,,,,,,,,41.9,41.86478,,,,,
4904,LIFE_0000000035,ex - expectation of life at age x,https://www.who.int/data/gho/indicator-metadata-registry/imr-details/35,,,,PUBLISHED,Published,,2009.0,2009,,AFR,2009,2009,Africa,,NGA,Nigeria,,AGE30-34,30-34 years,,MLE,Male,,,,,,,,34,34.04943,,,,,
4905,LIFE_0000000029,nMx - age-specific death rate between ages x and x+n,https://www.who.int/data/gho/indicator-metadata-registry/imr-details/29,,,,PUBLISHED,Published,,2009.0,2009,,AFR,2009,2009,Africa,,NGA,Nigeria,,AGE35-39,35-39 years,,MLE,Male,,,,,,,,0.011,0.01065,,,,,
4906,LIFE_0000000030,nqx - probability of dying between ages x and x+n,https://www.who.int/data/gho/indicator-metadata-registry/imr-details/30,,,,PUBLISHED,Published,,2009.0,2009,,AFR,2009,2009,Africa,,NGA,Nigeria,,AGE35-39,35-39 years,,MLE,Male,,,,,,,,0.052,0.05190,,,,,
4907,LIFE_0000000031,lx - number of people left alive at age x,https://www.who.int/data/gho/indicator-metadata-registry/imr-details/31,,,,PUBLISHED,Published,,2009.0,2009,,AFR,2009,2009,Africa,,NGA,Nigeria,,AGE35-39,35-39 years,,MLE,Male,,,,,,,,74729.66,74729.66000,,,,,
4908,LIFE_0000000031,lx - number of people left alive at age x,https://www.who.int/data/gho/indicator-metadata-registry/imr-details/31,,,,PUBLISHED,Published,,2009.0,2009,,AFR,2009,2009,Africa,,NGA,Nigeria,,AGE45-49,45-49 years,,MLE,Male,,,,,,,,66627.08,66627.08000,,,,,
4909,LIFE_0000000032,ndx - number of people dying between ages x and x+n,https://www.who.int/data/gho/indicator-metadata-registry/imr-details/32,,,,PUBLISHED,Published,,2009.0,2009,,AFR,2009,2009,Africa,,NGA,Nigeria,,AGE45-49,45-49 years,,MLE,Male,,,,,,,,4549.486,4549.48600,,,,,
4910,LIFE_0000000033,nLx - person-years lived between ages x and x+n,https://www.who.int/data/gho/indicator-metadata-registry/imr-details/33,,,,PUBLISHED,Published,,2009.0,2009,,AFR,2009,2009,Africa,,NGA,Nigeria,,AGE45-49,45-49 years,,MLE,Male,,,,,,,,322103.1,322103.10000,,,,,
4911,LIFE_0000000034,Tx - person-years lived above age x,https://www.who.int/data/gho/indicator-metadata-registry/imr-details/34,,,,PUBLISHED,Published,,2009.0,2009,,AFR,2009,2009,Africa,,NGA,Nigeria,,AGE45-49,45-49 years,,MLE,Male,,,,,,,,1562151,1562151.00000,,,,,
4912,LIFE_0000000033,nLx - person-years lived between ages x and x+n,https://www.who.int/data/gho/indicator-metadata-registry/imr-details/33,,,,PUBLISHED,Published,,2009.0,2009,,AFR,2009,2009,Africa,,NGA,Nigeria,,AGE55-59,55-59 years,,MLE,Male,,,,,,,,269443.2,269443.20000,,,,,
4913,LIFE_0000000034,Tx - person-years lived above age x,https://www.who.int/data/gho/indicator-metadata-registry/imr-details/34,,,,PUBLISHED,Published,,2009.0,2009,,AFR,2009,2009,Africa,,NGA,Nigeria,,AGE55-59,55-59 years,,MLE,Male,,,,,,,,942344.6,942344.60000,,,,,
4914,LIFE_0000000035,ex - expectation of life at age x,https://www.who.int/data/gho/indicator-metadata-registry/imr-details/35,,,,PUBLISHED,Published,,2009.0,2009,,AFR,2009,2009,Africa,,NGA,Nigeria,,AGE55-59,55-59 years,,MLE,Male,,,,,,,,16.6,16.58688,,,,,
4915,LIFE_0000000029,nMx - age-specific death rate between ages x and x+n,https://www.who.int/data/gho/indicator-metadata-registry/imr-details/29,,,,PUBLISHED,Published,,2009.0,2009,,AFR,2009,2009,Africa,,NGA,Nigeria,,AGE60-64,60-64 years,,MLE,Male,,,,,,,,0.036,0.03562,,,,,
4916,LIFE_0000000030,nqx - probability of dying between ages x and x+n,https://www.who.int/data/gho/indicator-metadata-registry/imr-details/30,,,,PUBLISHED,Published,,2009.0,2009,,AFR,2009,2009,Africa,,NGA,Nigeria,,AGE60-64,60-64 years,,MLE,Male,,,,,,,,0.164,0.16405,,,,,
4917,LIFE_0000000029,nMx - age-specific death rate between ages x and x+n,https://www.who.int/data/gho/indicator-metadata-registry/imr-details/29,,,,PUBLISHED,Published,,2009.0,2009,,AFR,2009,2009,Africa,,NGA,Nigeria,,AGE70-74,70-74 years,,MLE,Male,,,,,,,,0.086,0.08578,,,,,
4918,LIFE_0000000030,nqx - probability of dying between ages x and x+n,https://www.who.int/data/gho/indicator-metadata-registry/imr-details/30,,,,PUBLISHED,Published,,2009.0,2009,,AFR,2009,2009,Africa,,NGA,Nigeria,,AGE70-74,70-74 years,,MLE,Male,,,,,,,,0.354,0.35363,,,,,
4919,LIFE_0000000031,lx - number of people left alive at age x,https://www.who.int/data/gho/indicator-metadata-registry/imr-details/31,,,,PUBLISHED,Published,,2009.0,2009,,AFR,2009,2009,Africa,,NGA,Nigeria,,AGE70-74,70-74 years,,MLE,Male,,,,,,,,32356.34,32356.34000,,,,,
4920,LIFE_0000000032,ndx - number of people dying between ages x and x+n,https://www.who.int/data/gho/indicator-metadata-registry/imr-details/32,,,,PUBLISHED,Published,,2009.0,2009,,AFR,2009,2009,Africa,,NGA,Nigeria,,AGE70-74,70-74 years,,MLE,Male,,,,,,,,11442.31,11442.31000,,,,,
4921,LIFE_0000000032,ndx - number of people dying between ages x and x+n,https://www.who.int/data/gho/indicator-metadata-registry/imr-details/32,,,,PUBLISHED,Published,,2009.0,2009,,AFR,2009,2009,Africa,,NGA,Nigeria,,AGE80-84,80-84 years,,MLE,Male,,,,,,,,6985.47,6985.47000,,,,,
4922,LIFE_0000000033,nLx - person-years lived between ages x and x+n,https://www.who.int/data/gho/indicator-metadata-registry/imr-details/33,,,,PUBLISHED,Published,,2009.0,2009,,AFR,2009,2009,Africa,,NGA,Nigeria,,AGE80-84,80-84 years,,MLE,Male,,,,,,,,31980.85,31980.85000,,,,,
4923,LIFE_0000000034,Tx - person-years lived above age x,https://www.who.int/data/gho/indicator-metadata-registry/imr-details/34,,,,PUBLISHED,Published,,2009.0,2009,,AFR,2009,2009,Africa,,NGA,Nigeria,,AGE80-84,80-84 years,,MLE,Male,,,,,,,,41383.61,41383.61000,,,,,
4924,LIFE_0000000035,ex - expectation of life at age x,https://www.who.int/data/gho/indicator-metadata-registry/imr-details/35,,,,PUBLISHED,Published,,2009.0,2009,,AFR,2009,2009,Africa,,NGA,Nigeria,,AGE80-84,80-84 years,,MLE,Male,,,,,,,,4,4.02859,,,,,
4925,LIFE_0000000035,ex - expectation of life at age x,https://www.who.int/data/gho/indicator-metadata-registry/imr-details/35,,,,PUBLISHED,Published,,2009.0,2009,,AFR,2009,2009,Africa,,NGA,Nigeria,,AGELT1,<1 year,,FMLE,Female,,,,,,,,52.2,52.15522,,,,,
4926,LIFE_0000000029,nMx - age-specific death rate between ages x and x+n,https://www.who.int/data/gho/indicator-metadata-registry/imr-details/29,,,,PUBLISHED,Published,,2009.0,2009,,AFR,2009,2009,Africa,,NGA,Nigeria,,AGE1-4,1-4 years,,FMLE,Female,,,,,,,,0.015,0.01475,,,,,
4927,LIFE_0000000030,nqx - probability of dying between ages x and x+n,https://www.who.int/data/gho/indicator-metadata-registry/imr-details/30,,,,PUBLISHED,Published,,2009.0,2009,,AFR,2009,2009,Africa,,NGA,Nigeria,,AGE1-4,1-4 years,,FMLE,Female,,,,,,,,0.057,0.05681,,,,,
4928,LIFE_0000000031,lx - number of people left alive at age x,https://www.who.int/data/gho/indicator-metadata-registry/imr-details/31,,,,PUBLISHED,Published,,2009.0,2009,,AFR,2009,2009,Africa,,NGA,Nigeria,,AGE1-4,1-4 years,,FMLE,Female,,,,,,,,92034.98,92034.98000,,,,,
4929,LIFE_0000000030,nqx - probability of dying between ages x and x+n,https://www.who.int/data/gho/indicator-metadata-registry/imr-details/30,,,,PUBLISHED,Published,,2009.0,2009,,AFR,2009,2009,Africa,,NGA,Nigeria,,AGE10-14,10-14 years,,FMLE,Female,,,,,,,,0.01,0.00997,,,,,
4930,LIFE_0000000031,lx - number of people left alive at age x,https://www.who.int/data/gho/indicator-metadata-registry/imr-details/31,,,,PUBLISHED,Published,,2009.0,2009,,AFR,2009,2009,Africa,,NGA,Nigeria,,AGE10-14,10-14 years,,FMLE,Female,,,,,,,,84916.11,84916.11000,,,,,
4931,LIFE_0000000032,ndx - number of people dying between ages x and x+n,https://www.who.int/data/gho/indicator-metadata-registry/imr-details/32,,,,PUBLISHED,Published,,2009.0,2009,,AFR,2009,2009,Africa,,NGA,Nigeria,,AGE10-14,10-14 years,,FMLE,Female,,,,,,,,846.528,846.52780,,,,,
4932,LIFE_0000000033,nLx - person-years lived between ages x and x+n,https://www.who.int/data/gho/indicator-metadata-registry/imr-details/33,,,,PUBLISHED,Published,,2009.0,2009,,AFR,2009,2009,Africa,,NGA,Nigeria,,AGE10-14,10-14 years,,FMLE,Female,,,,,,,,422464.2,422464.20000,,,,,
4933,LIFE_0000000033,nLx - person-years lived between ages x and x+n,https://www.who.int/data/gho/indicator-metadata-registry/imr-details/33,,,,PUBLISHED,Published,,2009.0,2009,,AFR,2009,2009,Africa,,NGA,Nigeria,,AGE20-24,20-24 years,,FMLE,Female,,,,,,,,405830.5,405830.50000,,,,,
4934,LIFE_0000000034,Tx - person-years lived above age x,https://www.who.int/data/gho/indicator-metadata-registry/imr-details/34,,,,PUBLISHED,Published,,2009.0,2009,,AFR,2009,2009,Africa,,NGA,Nigeria,,AGE20-24,20-24 years,,FMLE,Female,,,,,,,,3498751,3498751.00000,,,,,
4935,LIFE_0000000035,ex - expectation of life at age x,https://www.who.int/data/gho/indicator-metadata-registry/imr-details/35,,,,PUBLISHED,Published,,2009.0,2009,,AFR,2009,2009,Africa,,NGA,Nigeria,,AGE20-24,20-24 years,,FMLE,Female,,,,,,,,42.5,42.51521,,,,,
4936,LIFE_0000000029,nMx - age-specific death rate between ages x and x+n,https://www.who.int/data/gho/indicator-metadata-registry/imr-details/29,,,,PUBLISHED,Published,,2009.0,2009,,AFR,2009,2009,Africa,,NGA,Nigeria,,AGE25-29,25-29 years,,FMLE,Female,,,,,,,,0.008,0.00785,,,,,
4937,LIFE_0000000029,nMx - age-specific death rate between ages x and x+n,https://www.who.int/data/gho/indicator-metadata-registry/imr-details/29,,,,PUBLISHED,Published,,2009.0,2009,,AFR,2009,2009,Africa,,NGA,Nigeria,,AGE35-39,35-39 years,,FMLE,Female,,,,,,,,0.011,0.01115,,,,,
4938,LIFE_0000000030,nqx - probability of dying between ages x and x+n,https://www.who.int/data/gho/indicator-metadata-registry/imr-details/30,,,,PUBLISHED,Published,,2009.0,2009,,AFR,2009,2009,Africa,,NGA,Nigeria,,AGE35-39,35-39 years,,FMLE,Female,,,,,,,,0.054,0.05423,,,,,
4939,LIFE_0000000031,lx - number of people left alive at age x,https://www.who.int/data/gho/indicator-metadata-registry/imr-details/31,,,,PUBLISHED,Published,,2009.0,2009,,AFR,2009,2009,Africa,,NGA,Nigeria,,AGE35-39,35-39 years,,FMLE,Female,,,,,,,,73342.39,73342.39000,,,,,
4940,LIFE_0000000032,ndx - number of people dying between ages x and x+n,https://www.who.int/data/gho/indicator-metadata-registry/imr-details/32,,,,PUBLISHED,Published,,2009.0,2009,,AFR,2009,2009,Africa,,NGA,Nigeria,,AGE35-39,35-39 years,,FMLE,Female,,,,,,,,3977.317,3977.31700,,,,,
4941,LIFE_0000000031,lx - number of people left alive at age x,https://www.who.int/data/gho/indicator-metadata-registry/imr-details/31,,,,PUBLISHED,Published,,2009.0,2009,,AFR,2009,2009,Africa,,NGA,Nigeria,,AGE45-49,45-49 years,,FMLE,Female,,,,,,,,65731.61,65731.61000,,,,,
4942,LIFE_0000000032,ndx - number of people dying between ages x and x+n,https://www.who.int/data/gho/indicator-metadata-registry/imr-details/32,,,,PUBLISHED,Published,,2009.0,2009,,AFR,2009,2009,Africa,,NGA,Nigeria,,AGE45-49,45-49 years,,FMLE,Female,,,,,,,,3501.997,3501.99700,,,,,
4943,LIFE_0000000033,nLx - person-years lived between ages x and x+n,https://www.who.int/data/gho/indicator-metadata-registry/imr-details/33,,,,PUBLISHED,Published,,2009.0,2009,,AFR,2009,2009,Africa,,NGA,Nigeria,,AGE45-49,45-49 years,,FMLE,Female,,,,,,,,320109.3,320109.30000,,,,,
4944,LIFE_0000000034,Tx - person-years lived above age x,https://www.who.int/data/gho/indicator-metadata-registry/imr-details/34,,,,PUBLISHED,Published,,2009.0,2009,,AFR,2009,2009,Africa,,NGA,Nigeria,,AGE45-49,45-49 years,,FMLE,Female,,,,,,,,1630371,1630371.00000,,,,,
4945,LIFE_0000000035,ex - expectation of life at age x,https://www.who.int/data/gho/indicator-metadata-registry/imr-details/35,,,,PUBLISHED,Published,,2009.0,2009,,AFR,2009,2009,Africa,,NGA,Nigeria,,AGE45-49,45-49 years,,FMLE,Female,,,,,,,,24.8,24.80346,,,,,
4946,LIFE_0000000034,Tx - person-years lived above age x,https://www.who.int/data/gho/indicator-metadata-registry/imr-details/34,,,,PUBLISHED,Published,,2009.0,2009,,AFR,2009,2009,Africa,,NGA,Nigeria,,AGE55-59,55-59 years,,FMLE,Female,,,,,,,,1008842,1008842.00000,,,,,
4947,LIFE_0000000035,ex - expectation of life at age x,https://www.who.int/data/gho/indicator-metadata-registry/imr-details/35,,,,PUBLISHED,Published,,2009.0,2009,,AFR,2009,2009,Africa,,NGA,Nigeria,,AGE55-59,55-59 years,,FMLE,Female,,,,,,,,17.3,17.34111,,,,,
4948,LIFE_0000000029,nMx - age-specific death rate between ages x and x+n,https://www.who.int/data/gho/indicator-metadata-registry/imr-details/29,,,,PUBLISHED,Published,,2009.0,2009,,AFR,2009,2009,Africa,,NGA,Nigeria,,AGE60-64,60-64 years,,FMLE,Female,,,,,,,,0.032,0.03163,,,,,
4949,LIFE_0000000030,nqx - probability of dying between ages x and x+n,https://www.who.int/data/gho/indicator-metadata-registry/imr-details/30,,,,PUBLISHED,Published,,2009.0,2009,,AFR,2009,2009,Africa,,NGA,Nigeria,,AGE60-64,60-64 years,,FMLE,Female,,,,,,,,0.147,0.14714,,,,,
4950,LIFE_0000000030,nqx - probability of dying between ages x and x+n,https://www.who.int/data/gho/indicator-metadata-registry/imr-details/30,,,,PUBLISHED,Published,,2009.0,2009,,AFR,2009,2009,Africa,,NGA,Nigeria,,AGE70-74,70-74 years,,FMLE,Female,,,,,,,,0.346,0.34587,,,,,
4951,LIFE_0000000031,lx - number of people left alive at age x,https://www.who.int/data/gho/indicator-metadata-registry/imr-details/31,,,,PUBLISHED,Published,,2009.0,2009,,AFR,2009,2009,Africa,,NGA,Nigeria,,AGE70-74,70-74 years,,FMLE,Female,,,,,,,,35284.48,35284.48000,,,,,
4952,LIFE_0000000032,ndx - number of people dying between ages x and x+n,https://www.who.int/data/gho/indicator-metadata-registry/imr-details/32,,,,PUBLISHED,Published,,2009.0,2009,,AFR,2009,2009,Africa,,NGA,Nigeria,,AGE70-74,70-74 years,,FMLE,Female,,,,,,,,12203.78,12203.78000,,,,,
4953,LIFE_0000000033,nLx - person-years lived between ages x and x+n,https://www.who.int/data/gho/indicator-metadata-registry/imr-details/33,,,,PUBLISHED,Published,,2009.0,2009,,AFR,2009,2009,Africa,,NGA,Nigeria,,AGE70-74,70-74 years,,FMLE,Female,,,,,,,,146311.5,146311.50000,,,,,
4954,LIFE_0000000033,nLx - person-years lived between ages x and x+n,https://www.who.int/data/gho/indicator-metadata-registry/imr-details/33,,,,PUBLISHED,Published,,2009.0,2009,,AFR,2009,2009,Africa,,NGA,Nigeria,,AGE80-84,80-84 years,,FMLE,Female,,,,,,,,35895.96,35895.96000,,,,,
4955,LIFE_0000000034,Tx - person-years lived above age x,https://www.who.int/data/gho/indicator-metadata-registry/imr-details/34,,,,PUBLISHED,Published,,2009.0,2009,,AFR,2009,2009,Africa,,NGA,Nigeria,,AGE80-84,80-84 years,,FMLE,Female,,,,,,,,46808.13,46808.13000,,,,,
4956,LIFE_0000000035,ex - expectation of life at age x,https://www.who.int/data/gho/indicator-metadata-registry/imr-details/35,,,,PUBLISHED,Published,,2009.0,2009,,AFR,2009,2009,Africa,,NGA,Nigeria,,AGE80-84,80-84 years,,FMLE,Female,,,,,,,,4.1,4.07078,,,,,
4957,LIFE_0000000029,nMx - age-specific death rate between ages x and x+n,https://www.who.int/data/gho/indicator-metadata-registry/imr-details/29,,,,PUBLISHED,Published,,2009.0,2009,,AFR,2009,2009,Africa,,NGA,Nigeria,,AGE85PLUS,85+ years,,FMLE,Female,,,,,,,,0.34,0.34007,,,,,
4958,LIFE_0000000035,ex - expectation of life at age x,https://www.who.int/data/gho/indicator-metadata-registry/imr-details/35,,,,PUBLISHED,Published,,2010.0,2010,,AFR,2010,2010,Africa,,NGA,Nigeria,,AGELT1,<1 year,,MLE,Male,,,,,,,,52.1,52.10809,,,,,
4959,LIFE_0000000029,nMx - age-specific death rate between ages x and x+n,https://www.who.int/data/gho/indicator-metadata-registry/imr-details/29,,,,PUBLISHED,Published,,2010.0,2010,,AFR,2010,2010,Africa,,NGA,Nigeria,,AGE1-4,1-4 years,,MLE,Male,,,,,,,,0.013,0.01333,,,,,
4960,LIFE_0000000030,nqx - probability of dying between ages x and x+n,https://www.who.int/data/gho/indicator-metadata-registry/imr-details/30,,,,PUBLISHED,Published,,2010.0,2010,,AFR,2010,2010,Africa,,NGA,Nigeria,,AGE1-4,1-4 years,,MLE,Male,,,,,,,,0.052,0.05151,,,,,
4961,LIFE_0000000031,lx - number of people left alive at age x,https://www.who.int/data/gho/indicator-metadata-registry/imr-details/31,,,,PUBLISHED,Published,,2010.0,2010,,AFR,2010,2010,Africa,,NGA,Nigeria,,AGE1-4,1-4 years,,MLE,Male,,,,,,,,91232.59,91232.59000,,,,,
4962,LIFE_0000000031,lx - number of people left alive at age x,https://www.who.int/data/gho/indicator-metadata-registry/imr-details/31,,,,PUBLISHED,Published,,2010.0,2010,,AFR,2010,2010,Africa,,NGA,Nigeria,,AGE10-14,10-14 years,,MLE,Male,,,,,,,,85137.02,85137.02000,,,,,
4963,LIFE_0000000032,ndx - number of people dying between ages x and x+n,https://www.who.int/data/gho/indicator-metadata-registry/imr-details/32,,,,PUBLISHED,Published,,2010.0,2010,,AFR,2010,2010,Africa,,NGA,Nigeria,,AGE10-14,10-14 years,,MLE,Male,,,,,,,,642.826,642.82570,,,,,
4964,LIFE_0000000033,nLx - person-years lived between ages x and x+n,https://www.who.int/data/gho/indicator-metadata-registry/imr-details/33,,,,PUBLISHED,Published,,2010.0,2010,,AFR,2010,2010,Africa,,NGA,Nigeria,,AGE10-14,10-14 years,,MLE,Male,,,,,,,,424078,424078.00000,,,,,
4965,LIFE_0000000034,Tx - person-years lived above age x,https://www.who.int/data/gho/indicator-metadata-registry/imr-details/34,,,,PUBLISHED,Published,,2010.0,2010,,AFR,2010,2010,Africa,,NGA,Nigeria,,AGE10-14,10-14 years,,MLE,Male,,,,,,,,4335152,4335152.00000,,,,,
4966,LIFE_0000000034,Tx - person-years lived above age x,https://www.who.int/data/gho/indicator-metadata-registry/imr-details/34,,,,PUBLISHED,Published,,2010.0,2010,,AFR,2010,2010,Africa,,NGA,Nigeria,,AGE20-24,20-24 years,,MLE,Male,,,,,,,,3491943,3491943.00000,,,,,
4967,LIFE_0000000035,ex - expectation of life at age x,https://www.who.int/data/gho/indicator-metadata-registry/imr-details/35,,,,PUBLISHED,Published,,2010.0,2010,,AFR,2010,2010,Africa,,NGA,Nigeria,,AGE20-24,20-24 years,,MLE,Male,,,,,,,,42,42.01818,,,,,
4968,LIFE_0000000029,nMx - age-specific death rate between ages x and x+n,https://www.who.int/data/gho/indicator-metadata-registry/imr-details/29,,,,PUBLISHED,Published,,2010.0,2010,,AFR,2010,2010,Africa,,NGA,Nigeria,,AGE25-29,25-29 years,,MLE,Male,,,,,,,,0.006,0.00627,,,,,
4969,LIFE_0000000030,nqx - probability of dying between ages x and x+n,https://www.who.int/data/gho/indicator-metadata-registry/imr-details/30,,,,PUBLISHED,Published,,2010.0,2010,,AFR,2010,2010,Africa,,NGA,Nigeria,,AGE25-29,25-29 years,,MLE,Male,,,,,,,,0.031,0.03086,,,,,
4970,LIFE_0000000029,nMx - age-specific death rate between ages x and x+n,https://www.who.int/data/gho/indicator-metadata-registry/imr-details/29,,,,PUBLISHED,Published,,2010.0,2010,,AFR,2010,2010,Africa,,NGA,Nigeria,,AGE35-39,35-39 years,,MLE,Male,,,,,,,,0.011,0.01061,,,,,
4971,LIFE_0000000030,nqx - probability of dying between ages x and x+n,https://www.who.int/data/gho/indicator-metadata-registry/imr-details/30,,,,PUBLISHED,Published,,2010.0,2010,,AFR,2010,2010,Africa,,NGA,Nigeria,,AGE35-39,35-39 years,,MLE,Male,,,,,,,,0.052,0.05169,,,,,
4972,LIFE_0000000031,lx - number of people left alive at age x,https://www.who.int/data/gho/indicator-metadata-registry/imr-details/31,,,,PUBLISHED,Published,,2010.0,2010,,AFR,2010,2010,Africa,,NGA,Nigeria,,AGE35-39,35-39 years,,MLE,Male,,,,,,,,75399.92,75399.92000,,,,,
4973,LIFE_0000000032,ndx - number of people dying between ages x and x+n,https://www.who.int/data/gho/indicator-metadata-registry/imr-details/32,,,,PUBLISHED,Published,,2010.0,2010,,AFR,2010,2010,Africa,,NGA,Nigeria,,AGE35-39,35-39 years,,MLE,Male,,,,,,,,3897.161,3897.16100,,,,,
4974,LIFE_0000000033,nLx - person-years lived between ages x and x+n,https://www.who.int/data/gho/indicator-metadata-registry/imr-details/33,,,,PUBLISHED,Published,,2010.0,2010,,AFR,2010,2010,Africa,,NGA,Nigeria,,AGE35-39,35-39 years,,MLE,Male,,,,,,,,367446.6,367446.60000,,,,,
4975,LIFE_0000000032,ndx - number of people dying between ages x and x+n,https://www.who.int/data/gho/indicator-metadata-registry/imr-details/32,,,,PUBLISHED,Published,,2010.0,2010,,AFR,2010,2010,Africa,,NGA,Nigeria,,AGE45-49,45-49 years,,MLE,Male,,,,,,,,4557.283,4557.28300,,,,,
4976,LIFE_0000000033,nLx - person-years lived between ages x and x+n,https://www.who.int/data/gho/indicator-metadata-registry/imr-details/33,,,,PUBLISHED,Published,,2010.0,2010,,AFR,2010,2010,Africa,,NGA,Nigeria,,AGE45-49,45-49 years,,MLE,Male,,,,,,,,325513.8,325513.80000,,,,,
4977,LIFE_0000000034,Tx - person-years lived above age x,https://www.who.int/data/gho/indicator-metadata-registry/imr-details/34,,,,PUBLISHED,Published,,2010.0,2010,,AFR,2010,2010,Africa,,NGA,Nigeria,,AGE45-49,45-49 years,,MLE,Male,,,,,,,,1583144,1583144.00000,,,,,
4978,LIFE_0000000035,ex - expectation of life at age x,https://www.who.int/data/gho/indicator-metadata-registry/imr-details/35,,,,PUBLISHED,Published,,2010.0,2010,,AFR,2010,2010,Africa,,NGA,Nigeria,,AGE45-49,45-49 years,,MLE,Male,,,,,,,,23.5,23.51912,,,,,
4979,LIFE_0000000035,ex - expectation of life at age x,https://www.who.int/data/gho/indicator-metadata-registry/imr-details/35,,,,PUBLISHED,Published,,2010.0,2010,,AFR,2010,2010,Africa,,NGA,Nigeria,,AGE55-59,55-59 years,,MLE,Male,,,,,,,,16.6,16.64274,,,,,
4980,LIFE_0000000029,nMx - age-specific death rate between ages x and x+n,https://www.who.int/data/gho/indicator-metadata-registry/imr-details/29,,,,PUBLISHED,Published,,2010.0,2010,,AFR,2010,2010,Africa,,NGA,Nigeria,,AGE60-64,60-64 years,,MLE,Male,,,,,,,,0.035,0.03527,,,,,
4981,LIFE_0000000030,nqx - probability of dying between ages x and x+n,https://www.who.int/data/gho/indicator-metadata-registry/imr-details/30,,,,PUBLISHED,Published,,2010.0,2010,,AFR,2010,2010,Africa,,NGA,Nigeria,,AGE60-64,60-64 years,,MLE,Male,,,,,,,,0.163,0.16256,,,,,
4982,LIFE_0000000031,lx - number of people left alive at age x,https://www.who.int/data/gho/indicator-metadata-registry/imr-details/31,,,,PUBLISHED,Published,,2010.0,2010,,AFR,2010,2010,Africa,,NGA,Nigeria,,AGE60-64,60-64 years,,MLE,Male,,,,,,,,51350.98,51350.98000,,,,,
4983,LIFE_0000000031,lx - number of people left alive at age x,https://www.who.int/data/gho/indicator-metadata-registry/imr-details/31,,,,PUBLISHED,Published,,2010.0,2010,,AFR,2010,2010,Africa,,NGA,Nigeria,,AGE70-74,70-74 years,,MLE,Male,,,,,,,,32892.52,32892.52000,,,,,
4984,LIFE_0000000032,ndx - number of people dying between ages x and x+n,https://www.who.int/data/gho/indicator-metadata-registry/imr-details/32,,,,PUBLISHED,Published,,2010.0,2010,,AFR,2010,2010,Africa,,NGA,Nigeria,,AGE70-74,70-74 years,,MLE,Male,,,,,,,,11574.1,11574.10000,,,,,
4985,LIFE_0000000033,nLx - person-years lived between ages x and x+n,https://www.who.int/data/gho/indicator-metadata-registry/imr-details/33,,,,PUBLISHED,Published,,2010.0,2010,,AFR,2010,2010,Africa,,NGA,Nigeria,,AGE70-74,70-74 years,,MLE,Male,,,,,,,,135765.3,135765.30000,,,,,
4986,LIFE_0000000034,Tx - person-years lived above age x,https://www.who.int/data/gho/indicator-metadata-registry/imr-details/34,,,,PUBLISHED,Published,,2010.0,2010,,AFR,2010,2010,Africa,,NGA,Nigeria,,AGE70-74,70-74 years,,MLE,Male,,,,,,,,256708.1,256708.10000,,,,,
4987,LIFE_0000000033,nLx - person-years lived between ages x and x+n,https://www.who.int/data/gho/indicator-metadata-registry/imr-details/33,,,,PUBLISHED,Published,,2010.0,2010,,AFR,2010,2010,Africa,,NGA,Nigeria,,AGE80-84,80-84 years,,MLE,Male,,,,,,,,32735.58,32735.58000,,,,,
4988,LIFE_0000000034,Tx - person-years lived above age x,https://www.who.int/data/gho/indicator-metadata-registry/imr-details/34,,,,PUBLISHED,Published,,2010.0,2010,,AFR,2010,2010,Africa,,NGA,Nigeria,,AGE80-84,80-84 years,,MLE,Male,,,,,,,,42382.85,42382.85000,,,,,
4989,LIFE_0000000035,ex - expectation of life at age x,https://www.who.int/data/gho/indicator-metadata-registry/imr-details/35,,,,PUBLISHED,Published,,2010.0,2010,,AFR,2010,2010,Africa,,NGA,Nigeria,,AGE80-84,80-84 years,,MLE,Male,,,,,,,,4,4.03544,,,,,
4990,LIFE_0000000029,nMx - age-specific death rate between ages x and x+n,https://www.who.int/data/gho/indicator-metadata-registry/imr-details/29,,,,PUBLISHED,Published,,2010.0,2010,,AFR,2010,2010,Africa,,NGA,Nigeria,,AGE85PLUS,85+ years,,MLE,Male,,,,,,,,0.349,0.34914,,,,,
4991,LIFE_0000000029,nMx - age-specific death rate between ages x and x+n,https://www.who.int/data/gho/indicator-metadata-registry/imr-details/29,,,,PUBLISHED,Published,,2010.0,2010,,AFR,2010,2010,Africa,,NGA,Nigeria,,AGE1-4,1-4 years,,FMLE,Female,,,,,,,,0.014,0.01398,,,,,
4992,LIFE_0000000030,nqx - probability of dying between ages x and x+n,https://www.who.int/data/gho/indicator-metadata-registry/imr-details/30,,,,PUBLISHED,Published,,2010.0,2010,,AFR,2010,2010,Africa,,NGA,Nigeria,,AGE1-4,1-4 years,,FMLE,Female,,,,,,,,0.054,0.05394,,,,,
4993,LIFE_0000000031,lx - number of people left alive at age x,https://www.who.int/data/gho/indicator-metadata-registry/imr-details/31,,,,PUBLISHED,Published,,2010.0,2010,,AFR,2010,2010,Africa,,NGA,Nigeria,,AGE1-4,1-4 years,,FMLE,Female,,,,,,,,92297.74,92297.74000,,,,,
4994,LIFE_0000000032,ndx - number of people dying between ages x and x+n,https://www.who.int/data/gho/indicator-metadata-registry/imr-details/32,,,,PUBLISHED,Published,,2010.0,2010,,AFR,2010,2010,Africa,,NGA,Nigeria,,AGE1-4,1-4 years,,FMLE,Female,,,,,,,,4978.889,4978.88900,,,,,
4995,LIFE_0000000032,ndx - number of people dying between ages x and x+n,https://www.who.int/data/gho/indicator-metadata-registry/imr-details/32,,,,PUBLISHED,Published,,2010.0,2010,,AFR,2010,2010,Africa,,NGA,Nigeria,,AGE10-14,10-14 years,,FMLE,Female,,,,,,,,834.961,834.96090,,,,,
4996,LIFE_0000000033,nLx - person-years lived between ages x and x+n,https://www.who.int/data/gho/indicator-metadata-registry/imr-details/33,,,,PUBLISHED,Published,,2010.0,2010,,AFR,2010,2010,Africa,,NGA,Nigeria,,AGE10-14,10-14 years,,FMLE,Female,,,,,,,,425347,425347.00000,,,,,
4997,LIFE_0000000034,Tx - person-years lived above age x,https://www.who.int/data/gho/indicator-metadata-registry/imr-details/34,,,,PUBLISHED,Published,,2010.0,2010,,AFR,2010,2010,Africa,,NGA,Nigeria,,AGE10-14,10-14 years,,FMLE,Female,,,,,,,,4378761,4378761.00000,,,,,
4998,LIFE_0000000035,ex - expectation of life at age x,https://www.who.int/data/gho/indicator-metadata-registry/imr-details/35,,,,PUBLISHED,Published,,2010.0,2010,,AFR,2010,2010,Africa,,NGA,Nigeria,,AGE10-14,10-14 years,,FMLE,Female,,,,,,,,51.2,51.22144,,,,,
4999,LIFE_0000000034,Tx - person-years lived above age x,https://www.who.int/data/gho/indicator-metadata-registry/imr-details/34,,,,PUBLISHED,Published,,2010.0,2010,,AFR,2010,2010,Africa,,NGA,Nigeria,,AGE20-24,20-24 years,,FMLE,Female,,,,,,,,3534392,3534392.00000,,,,,
5000,LIFE_0000000035,ex - expectation of life at age x,https://www.who.int/data/gho/indicator-metadata-registry/imr-details/35,,,,PUBLISHED,Published,,2010.0,2010,,AFR,2010,2010,Africa,,NGA,Nigeria,,AGE20-24,20-24 years,,FMLE,Female,,,,,,,,42.7,42.65073,,,,,
5001,LIFE_0000000029,nMx - age-specific death rate between ages x and x+n,https://www.who.int/data/gho/indicator-metadata-registry/imr-details/29,,,,PUBLISHED,Published,,2010.0,2010,,AFR,2010,2010,Africa,,NGA,Nigeria,,AGE25-29,25-29 years,,FMLE,Female,,,,,,,,0.008,0.00763,,,,,
5002,LIFE_0000000030,nqx - probability of dying between ages x and x+n,https://www.who.int/data/gho/indicator-metadata-registry/imr-details/30,,,,PUBLISHED,Published,,2010.0,2010,,AFR,2010,2010,Africa,,NGA,Nigeria,,AGE25-29,25-29 years,,FMLE,Female,,,,,,,,0.037,0.03743,,,,,
5003,LIFE_0000000031,lx - number of people left alive at age x,https://www.who.int/data/gho/indicator-metadata-registry/imr-details/31,,,,PUBLISHED,Published,,2010.0,2010,,AFR,2010,2010,Africa,,NGA,Nigeria,,AGE25-29,25-29 years,,FMLE,Female,,,,,,,,80572.7,80572.70000,,,,,
5004,LIFE_0000000030,nqx - probability of dying between ages x and x+n,https://www.who.int/data/gho/indicator-metadata-registry/imr-details/30,,,,PUBLISHED,Published,,2010.0,2010,,AFR,2010,2010,Africa,,NGA,Nigeria,,AGE35-39,35-39 years,,FMLE,Female,,,,,,,,0.054,0.05435,,,,,
5005,LIFE_0000000031,lx - number of people left alive at age x,https://www.who.int/data/gho/indicator-metadata-registry/imr-details/31,,,,PUBLISHED,Published,,2010.0,2010,,AFR,2010,2010,Africa,,NGA,Nigeria,,AGE35-39,35-39 years,,FMLE,Female,,,,,,,,74033.05,74033.05000,,,,,
5006,LIFE_0000000032,ndx - number of people dying between ages x and x+n,https://www.who.int/data/gho/indicator-metadata-registry/imr-details/32,,,,PUBLISHED,Published,,2010.0,2010,,AFR,2010,2010,Africa,,NGA,Nigeria,,AGE35-39,35-39 years,,FMLE,Female,,,,,,,,4023.63,4023.63000,,,,,
5007,LIFE_0000000033,nLx - person-years lived between ages x and x+n,https://www.who.int/data/gho/indicator-metadata-registry/imr-details/33,,,,PUBLISHED,Published,,2010.0,2010,,AFR,2010,2010,Africa,,NGA,Nigeria,,AGE35-39,35-39 years,,FMLE,Female,,,,,,,,360148.8,360148.80000,,,,,
5008,LIFE_0000000033,nLx - person-years lived between ages x and x+n,https://www.who.int/data/gho/indicator-metadata-registry/imr-details/33,,,,PUBLISHED,Published,,2010.0,2010,,AFR,2010,2010,Africa,,NGA,Nigeria,,AGE45-49,45-49 years,,FMLE,Female,,,,,,,,323224,323224.00000,,,,,
5009,LIFE_0000000034,Tx - person-years lived above age x,https://www.who.int/data/gho/indicator-metadata-registry/imr-details/34,,,,PUBLISHED,Published,,2010.0,2010,,AFR,2010,2010,Africa,,NGA,Nigeria,,AGE45-49,45-49 years,,FMLE,Female,,,,,,,,1650172,1650172.00000,,,,,
5010,LIFE_0000000035,ex - expectation of life at age x,https://www.who.int/data/gho/indicator-metadata-registry/imr-details/35,,,,PUBLISHED,Published,,2010.0,2010,,AFR,2010,2010,Africa,,NGA,Nigeria,,AGE45-49,45-49 years,,FMLE,Female,,,,,,,,24.9,24.86428,,,,,
5011,LIFE_0000000029,nMx - age-specific death rate between ages x and x+n,https://www.who.int/data/gho/indicator-metadata-registry/imr-details/29,,,,PUBLISHED,Published,,2010.0,2010,,AFR,2010,2010,Africa,,NGA,Nigeria,,AGE50-54,50-54 years,,FMLE,Female,,,,,,,,0.013,0.01339,,,,,
5012,LIFE_0000000029,nMx - age-specific death rate between ages x and x+n,https://www.who.int/data/gho/indicator-metadata-registry/imr-details/29,,,,PUBLISHED,Published,,2010.0,2010,,AFR,2010,2010,Africa,,NGA,Nigeria,,AGE60-64,60-64 years,,FMLE,Female,,,,,,,,0.031,0.03130,,,,,
5013,LIFE_0000000030,nqx - probability of dying between ages x and x+n,https://www.who.int/data/gho/indicator-metadata-registry/imr-details/30,,,,PUBLISHED,Published,,2010.0,2010,,AFR,2010,2010,Africa,,NGA,Nigeria,,AGE60-64,60-64 years,,FMLE,Female,,,,,,,,0.146,0.14571,,,,,
5014,LIFE_0000000031,lx - number of people left alive at age x,https://www.who.int/data/gho/indicator-metadata-registry/imr-details/31,,,,PUBLISHED,Published,,2010.0,2010,,AFR,2010,2010,Africa,,NGA,Nigeria,,AGE60-64,60-64 years,,FMLE,Female,,,,,,,,53875.21,53875.21000,,,,,
5015,LIFE_0000000032,ndx - number of people dying between ages x and x+n,https://www.who.int/data/gho/indicator-metadata-registry/imr-details/32,,,,PUBLISHED,Published,,2010.0,2010,,AFR,2010,2010,Africa,,NGA,Nigeria,,AGE60-64,60-64 years,,FMLE,Female,,,,,,,,7850.376,7850.37600,,,,,
5016,LIFE_0000000031,lx - number of people left alive at age x,https://www.who.int/data/gho/indicator-metadata-registry/imr-details/31,,,,PUBLISHED,Published,,2010.0,2010,,AFR,2010,2010,Africa,,NGA,Nigeria,,AGE70-74,70-74 years,,FMLE,Female,,,,,,,,35802.63,35802.63000,,,,,
5017,LIFE_0000000032,ndx - number of people dying between ages x and x+n,https://www.who.int/data/gho/indicator-metadata-registry/imr-details/32,,,,PUBLISHED,Published,,2010.0,2010,,AFR,2010,2010,Africa,,NGA,Nigeria,,AGE70-74,70-74 years,,FMLE,Female,,,,,,,,12302.3,12302.30000,,,,,
5018,LIFE_0000000033,nLx - person-years lived between ages x and x+n,https://www.who.int/data/gho/indicator-metadata-registry/imr-details/33,,,,PUBLISHED,Published,,2010.0,2010,,AFR,2010,2010,Africa,,NGA,Nigeria,,AGE70-74,70-74 years,,FMLE,Female,,,,,,,,148688.1,148688.10000,,,,,
5019,LIFE_0000000034,Tx - person-years lived above age x,https://www.who.int/data/gho/indicator-metadata-registry/imr-details/34,,,,PUBLISHED,Published,,2010.0,2010,,AFR,2010,2010,Africa,,NGA,Nigeria,,AGE70-74,70-74 years,,FMLE,Female,,,,,,,,283901.9,283901.90000,,,,,
5020,LIFE_0000000034,Tx - person-years lived above age x,https://www.who.int/data/gho/indicator-metadata-registry/imr-details/34,,,,PUBLISHED,Published,,2010.0,2010,,AFR,2010,2010,Africa,,NGA,Nigeria,,AGE80-84,80-84 years,,FMLE,Female,,,,,,,,48017.41,48017.41000,,,,,
5021,LIFE_0000000035,ex - expectation of life at age x,https://www.who.int/data/gho/indicator-metadata-registry/imr-details/35,,,,PUBLISHED,Published,,2010.0,2010,,AFR,2010,2010,Africa,,NGA,Nigeria,,AGE80-84,80-84 years,,FMLE,Female,,,,,,,,4.1,4.08370,,,,,
5022,LIFE_0000000029,nMx - age-specific death rate between ages x and x+n,https://www.who.int/data/gho/indicator-metadata-registry/imr-details/29,,,,PUBLISHED,Published,,2010.0,2010,,AFR,2010,2010,Africa,,NGA,Nigeria,,AGE85PLUS,85+ years,,FMLE,Female,,,,,,,,0.339,0.33929,,,,,
5023,LIFE_0000000030,nqx - probability of dying between ages x and x+n,https://www.who.int/data/gho/indicator-metadata-registry/imr-details/30,,,,PUBLISHED,Published,,2010.0,2010,,AFR,2010,2010,Africa,,NGA,Nigeria,,AGE85PLUS,85+ years,,FMLE,Female,,,,,,,,1,1.00000,,,,,
5024,LIFE_0000000030,nqx - probability of dying between ages x and x+n,https://www.who.int/data/gho/indicator-metadata-registry/imr-details/30,,,,PUBLISHED,Published,,2011.0,2011,,AFR,2011,2011,Africa,,NGA,Nigeria,,AGE1-4,1-4 years,,MLE,Male,,,,,,,,0.049,0.04905,,,,,
5025,LIFE_0000000031,lx - number of people left alive at age x,https://www.who.int/data/gho/indicator-metadata-registry/imr-details/31,,,,PUBLISHED,Published,,2011.0,2011,,AFR,2011,2011,Africa,,NGA,Nigeria,,AGE1-4,1-4 years,,MLE,Male,,,,,,,,91542.47,91542.47000,,,,,
5026,LIFE_0000000032,ndx - number of people dying between ages x and x+n,https://www.who.int/data/gho/indicator-metadata-registry/imr-details/32,,,,PUBLISHED,Published,,2011.0,2011,,AFR,2011,2011,Africa,,NGA,Nigeria,,AGE1-4,1-4 years,,MLE,Male,,,,,,,,4489.729,4489.72900,,,,,
5027,LIFE_0000000033,nLx - person-years lived between ages x and x+n,https://www.who.int/data/gho/indicator-metadata-registry/imr-details/33,,,,PUBLISHED,Published,,2011.0,2011,,AFR,2011,2011,Africa,,NGA,Nigeria,,AGE1-4,1-4 years,,MLE,Male,,,,,,,,354485.8,354485.80000,,,,,
5028,LIFE_0000000032,ndx - number of people dying between ages x and x+n,https://www.who.int/data/gho/indicator-metadata-registry/imr-details/32,,,,PUBLISHED,Published,,2011.0,2011,,AFR,2011,2011,Africa,,NGA,Nigeria,,AGE10-14,10-14 years,,MLE,Male,,,,,,,,644.844,644.84440,,,,,
5029,LIFE_0000000033,nLx - person-years lived between ages x and x+n,https://www.who.int/data/gho/indicator-metadata-registry/imr-details/33,,,,PUBLISHED,Published,,2011.0,2011,,AFR,2011,2011,Africa,,NGA,Nigeria,,AGE10-14,10-14 years,,MLE,Male,,,,,,,,426898.6,426898.60000,,,,,
5030,LIFE_0000000034,Tx - person-years lived above age x,https://www.who.int/data/gho/indicator-metadata-registry/imr-details/34,,,,PUBLISHED,Published,,2011.0,2011,,AFR,2011,2011,Africa,,NGA,Nigeria,,AGE10-14,10-14 years,,MLE,Male,,,,,,,,4371214,4371214.00000,,,,,
5031,LIFE_0000000035,ex - expectation of life at age x,https://www.who.int/data/gho/indicator-metadata-registry/imr-details/35,,,,PUBLISHED,Published,,2011.0,2011,,AFR,2011,2011,Africa,,NGA,Nigeria,,AGE10-14,10-14 years,,MLE,Male,,,,,,,,51,51.00472,,,,,
5032,LIFE_0000000029,nMx - age-specific death rate between ages x and x+n,https://www.who.int/data/gho/indicator-metadata-registry/imr-details/29,,,,PUBLISHED,Published,,2011.0,2011,,AFR,2011,2011,Africa,,NGA,Nigeria,,AGE15-19,15-19  years,,MLE,Male,,,,,,,,0.003,0.00333,,,,,
5033,LIFE_0000000035,ex - expectation of life at age x,https://www.who.int/data/gho/indicator-metadata-registry/imr-details/35,,,,PUBLISHED,Published,,2011.0,2011,,AFR,2011,2011,Africa,,NGA,Nigeria,,AGE20-24,20-24 years,,MLE,Male,,,,,,,,42.1,42.10752,,,,,
5034,LIFE_0000000029,nMx - age-specific death rate between ages x and x+n,https://www.who.int/data/gho/indicator-metadata-registry/imr-details/29,,,,PUBLISHED,Published,,2011.0,2011,,AFR,2011,2011,Africa,,NGA,Nigeria,,AGE25-29,25-29 years,,MLE,Male,,,,,,,,0.006,0.00616,,,,,
5035,LIFE_0000000030,nqx - probability of dying between ages x and x+n,https://www.who.int/data/gho/indicator-metadata-registry/imr-details/30,,,,PUBLISHED,Published,,2011.0,2011,,AFR,2011,2011,Africa,,NGA,Nigeria,,AGE25-29,25-29 years,,MLE,Male,,,,,,,,0.03,0.03032,,,,,
5036,LIFE_0000000031,lx - number of people left alive at age x,https://www.who.int/data/gho/indicator-metadata-registry/imr-details/31,,,,PUBLISHED,Published,,2011.0,2011,,AFR,2011,2011,Africa,,NGA,Nigeria,,AGE25-29,25-29 years,,MLE,Male,,,,,,,,81556.42,81556.42000,,,,,
5037,LIFE_0000000031,lx - number of people left alive at age x,https://www.who.int/data/gho/indicator-metadata-registry/imr-details/31,,,,PUBLISHED,Published,,2011.0,2011,,AFR,2011,2011,Africa,,NGA,Nigeria,,AGE35-39,35-39 years,,MLE,Male,,,,,,,,75986.84,75986.84000,,,,,
5038,LIFE_0000000032,ndx - number of people dying between ages x and x+n,https://www.who.int/data/gho/indicator-metadata-registry/imr-details/32,,,,PUBLISHED,Published,,2011.0,2011,,AFR,2011,2011,Africa,,NGA,Nigeria,,AGE35-39,35-39 years,,MLE,Male,,,,,,,,3882.736,3882.73600,,,,,
5039,LIFE_0000000033,nLx - person-years lived between ages x and x+n,https://www.who.int/data/gho/indicator-metadata-registry/imr-details/33,,,,PUBLISHED,Published,,2011.0,2011,,AFR,2011,2011,Africa,,NGA,Nigeria,,AGE35-39,35-39 years,,MLE,Male,,,,,,,,370415.2,370415.20000,,,,,
5040,LIFE_0000000034,Tx - person-years lived above age x,https://www.who.int/data/gho/indicator-metadata-registry/imr-details/34,,,,PUBLISHED,Published,,2011.0,2011,,AFR,2011,2011,Africa,,NGA,Nigeria,,AGE35-39,35-39 years,,MLE,Male,,,,,,,,2319963,2319963.00000,,,,,
5041,LIFE_0000000034,Tx - person-years lived above age x,https://www.who.int/data/gho/indicator-metadata-registry/imr-details/34,,,,PUBLISHED,Published,,2011.0,2011,,AFR,2011,2011,Africa,,NGA,Nigeria,,AGE45-49,45-49 years,,MLE,Male,,,,,,,,1599354,1599354.00000,,,,,
5042,LIFE_0000000035,ex - expectation of life at age x,https://www.who.int/data/gho/indicator-metadata-registry/imr-details/35,,,,PUBLISHED,Published,,2011.0,2011,,AFR,2011,2011,Africa,,NGA,Nigeria,,AGE45-49,45-49 years,,MLE,Male,,,,,,,,23.6,23.56597,,,,,
5043,LIFE_0000000029,nMx - age-specific death rate between ages x and x+n,https://www.who.int/data/gho/indicator-metadata-registry/imr-details/29,,,,PUBLISHED,Published,,2011.0,2011,,AFR,2011,2011,Africa,,NGA,Nigeria,,AGE50-54,50-54 years,,MLE,Male,,,,,,,,0.017,0.01747,,,,,
5044,LIFE_0000000030,nqx - probability of dying between ages x and x+n,https://www.who.int/data/gho/indicator-metadata-registry/imr-details/30,,,,PUBLISHED,Published,,2011.0,2011,,AFR,2011,2011,Africa,,NGA,Nigeria,,AGE50-54,50-54 years,,MLE,Male,,,,,,,,0.084,0.08381,,,,,
5045,LIFE_0000000029,nMx - age-specific death rate between ages x and x+n,https://www.who.int/data/gho/indicator-metadata-registry/imr-details/29,,,,PUBLISHED,Published,,2011.0,2011,,AFR,2011,2011,Africa,,NGA,Nigeria,,AGE60-64,60-64 years,,MLE,Male,,,,,,,,0.035,0.03498,,,,,
5046,LIFE_0000000030,nqx - probability of dying between ages x and x+n,https://www.who.int/data/gho/indicator-metadata-registry/imr-details/30,,,,PUBLISHED,Published,,2011.0,2011,,AFR,2011,2011,Africa,,NGA,Nigeria,,AGE60-64,60-64 years,,MLE,Male,,,,,,,,0.161,0.16136,,,,,
5047,LIFE_0000000031,lx - number of people left alive at age x,https://www.who.int/data/gho/indicator-metadata-registry/imr-details/31,,,,PUBLISHED,Published,,2011.0,2011,,AFR,2011,2011,Africa,,NGA,Nigeria,,AGE60-64,60-64 years,,MLE,Male,,,,,,,,51820.67,51820.67000,,,,,
5048,LIFE_0000000032,ndx - number of people dying between ages x and x+n,https://www.who.int/data/gho/indicator-metadata-registry/imr-details/32,,,,PUBLISHED,Published,,2011.0,2011,,AFR,2011,2011,Africa,,NGA,Nigeria,,AGE60-64,60-64 years,,MLE,Male,,,,,,,,8361.63,8361.63000,,,,,
5049,LIFE_0000000032,ndx - number of people dying between ages x and x+n,https://www.who.int/data/gho/indicator-metadata-registry/imr-details/32,,,,PUBLISHED,Published,,2011.0,2011,,AFR,2011,2011,Africa,,NGA,Nigeria,,AGE70-74,70-74 years,,MLE,Male,,,,,,,,11666.2,11666.20000,,,,,
5050,LIFE_0000000033,nLx - person-years lived between ages x and x+n,https://www.who.int/data/gho/indicator-metadata-registry/imr-details/33,,,,PUBLISHED,Published,,2011.0,2011,,AFR,2011,2011,Africa,,NGA,Nigeria,,AGE70-74,70-74 years,,MLE,Male,,,,,,,,137616.9,137616.90000,,,,,
5051,LIFE_0000000034,Tx - person-years lived above age x,https://www.who.int/data/gho/indicator-metadata-registry/imr-details/34,,,,PUBLISHED,Published,,2011.0,2011,,AFR,2011,2011,Africa,,NGA,Nigeria,,AGE70-74,70-74 years,,MLE,Male,,,,,,,,260693.9,260693.90000,,,,,
5052,LIFE_0000000035,ex - expectation of life at age x,https://www.who.int/data/gho/indicator-metadata-registry/imr-details/35,,,,PUBLISHED,Published,,2011.0,2011,,AFR,2011,2011,Africa,,NGA,Nigeria,,AGE70-74,70-74 years,,MLE,Male,,,,,,,,7.8,7.82779,,,,,
5053,LIFE_0000000035,ex - expectation of life at age x,https://www.who.int/data/gho/indicator-metadata-registry/imr-details/35,,,,PUBLISHED,Published,,2011.0,2011,,AFR,2011,2011,Africa,,NGA,Nigeria,,AGE80-84,80-84 years,,MLE,Male,,,,,,,,4,4.04413,,,,,
5054,LIFE_0000000029,nMx - age-specific death rate between ages x and x+n,https://www.who.int/data/gho/indicator-metadata-registry/imr-details/29,,,,PUBLISHED,Published,,2011.0,2011,,AFR,2011,2011,Africa,,NGA,Nigeria,,AGE85PLUS,85+ years,,MLE,Male,,,,,,,,0.349,0.34877,,,,,
5055,LIFE_0000000030,nqx - probability of dying between ages x and x+n,https://www.who.int/data/gho/indicator-metadata-registry/imr-details/30,,,,PUBLISHED,Published,,2011.0,2011,,AFR,2011,2011,Africa,,NGA,Nigeria,,AGE85PLUS,85+ years,,MLE,Male,,,,,,,,1,1.00000,,,,,
5056,LIFE_0000000031,lx - number of people left alive at age x,https://www.who.int/data/gho/indicator-metadata-registry/imr-details/31,,,,PUBLISHED,Published,,2011.0,2011,,AFR,2011,2011,Africa,,NGA,Nigeria,,AGE85PLUS,85+ years,,MLE,Male,,,,,,,,3440.304,3440.30400,,,,,
5057,LIFE_0000000030,nqx - probability of dying between ages x and x+n,https://www.who.int/data/gho/indicator-metadata-registry/imr-details/30,,,,PUBLISHED,Published,,2011.0,2011,,AFR,2011,2011,Africa,,NGA,Nigeria,,AGE1-4,1-4 years,,FMLE,Female,,,,,,,,0.051,0.05136,,,,,
5058,LIFE_0000000031,lx - number of people left alive at age x,https://www.who.int/data/gho/indicator-metadata-registry/imr-details/31,,,,PUBLISHED,Published,,2011.0,2011,,AFR,2011,2011,Africa,,NGA,Nigeria,,AGE1-4,1-4 years,,FMLE,Female,,,,,,,,92581.77,92581.77000,,,,,
5059,LIFE_0000000032,ndx - number of people dying between ages x and x+n,https://www.who.int/data/gho/indicator-metadata-registry/imr-details/32,,,,PUBLISHED,Published,,2011.0,2011,,AFR,2011,2011,Africa,,NGA,Nigeria,,AGE1-4,1-4 years,,FMLE,Female,,,,,,,,4754.663,4754.66300,,,,,
5060,LIFE_0000000033,nLx - person-years lived between ages x and x+n,https://www.who.int/data/gho/indicator-metadata-registry/imr-details/33,,,,PUBLISHED,Published,,2011.0,2011,,AFR,2011,2011,Africa,,NGA,Nigeria,,AGE1-4,1-4 years,,FMLE,Female,,,,,,,,357966.7,357966.70000,,,,,
5061,LIFE_0000000034,Tx - person-years lived above age x,https://www.who.int/data/gho/indicator-metadata-registry/imr-details/34,,,,PUBLISHED,Published,,2011.0,2011,,AFR,2011,2011,Africa,,NGA,Nigeria,,AGE1-4,1-4 years,,FMLE,Female,,,,,,,,5208975,5208975.00000,,,,,
5062,LIFE_0000000033,nLx - person-years lived between ages x and x+n,https://www.who.int/data/gho/indicator-metadata-registry/imr-details/33,,,,PUBLISHED,Published,,2011.0,2011,,AFR,2011,2011,Africa,,NGA,Nigeria,,AGE10-14,10-14 years,,FMLE,Female,,,,,,,,428190.2,428190.20000,,,,,
5063,LIFE_0000000034,Tx - person-years lived above age x,https://www.who.int/data/gho/indicator-metadata-registry/imr-details/34,,,,PUBLISHED,Published,,2011.0,2011,,AFR,2011,2011,Africa,,NGA,Nigeria,,AGE10-14,10-14 years,,FMLE,Female,,,,,,,,4416304,4416304.00000,,,,,
5064,LIFE_0000000035,ex - expectation of life at age x,https://www.who.int/data/gho/indicator-metadata-registry/imr-details/35,,,,PUBLISHED,Published,,2011.0,2011,,AFR,2011,2011,Africa,,NGA,Nigeria,,AGE10-14,10-14 years,,FMLE,Female,,,,,,,,51.3,51.31969,,,,,
5065,LIFE_0000000029,nMx - age-specific death rate between ages x and x+n,https://www.who.int/data/gho/indicator-metadata-registry/imr-details/29,,,,PUBLISHED,Published,,2011.0,2011,,AFR,2011,2011,Africa,,NGA,Nigeria,,AGE15-19,15-19  years,,FMLE,Female,,,,,,,,0.004,0.00426,,,,,
5066,LIFE_0000000029,nMx - age-specific death rate between ages x and x+n,https://www.who.int/data/gho/indicator-metadata-registry/imr-details/29,,,,PUBLISHED,Published,,2011.0,2011,,AFR,2011,2011,Africa,,NGA,Nigeria,,AGE25-29,25-29 years,,FMLE,Female,,,,,,,,0.007,0.00746,,,,,
5067,LIFE_0000000030,nqx - probability of dying between ages x and x+n,https://www.who.int/data/gho/indicator-metadata-registry/imr-details/30,,,,PUBLISHED,Published,,2011.0,2011,,AFR,2011,2011,Africa,,NGA,Nigeria,,AGE25-29,25-29 years,,FMLE,Female,,,,,,,,0.037,0.03660,,,,,
5068,LIFE_0000000031,lx - number of people left alive at age x,https://www.who.int/data/gho/indicator-metadata-registry/imr-details/31,,,,PUBLISHED,Published,,2011.0,2011,,AFR,2011,2011,Africa,,NGA,Nigeria,,AGE25-29,25-29 years,,FMLE,Female,,,,,,,,81129.82,81129.82000,,,,,
5069,LIFE_0000000032,ndx - number of people dying between ages x and x+n,https://www.who.int/data/gho/indicator-metadata-registry/imr-details/32,,,,PUBLISHED,Published,,2011.0,2011,,AFR,2011,2011,Africa,,NGA,Nigeria,,AGE25-29,25-29 years,,FMLE,Female,,,,,,,,2969.344,2969.34400,,,,,
5070,LIFE_0000000031,lx - number of people left alive at age x,https://www.who.int/data/gho/indicator-metadata-registry/imr-details/31,,,,PUBLISHED,Published,,2011.0,2011,,AFR,2011,2011,Africa,,NGA,Nigeria,,AGE35-39,35-39 years,,FMLE,Female,,,,,,,,74674.63,74674.63000,,,,,
5071,LIFE_0000000032,ndx - number of people dying between ages x and x+n,https://www.who.int/data/gho/indicator-metadata-registry/imr-details/32,,,,PUBLISHED,Published,,2011.0,2011,,AFR,2011,2011,Africa,,NGA,Nigeria,,AGE35-39,35-39 years,,FMLE,Female,,,,,,,,4028.801,4028.80100,,,,,
5072,LIFE_0000000033,nLx - person-years lived between ages x and x+n,https://www.who.int/data/gho/indicator-metadata-registry/imr-details/33,,,,PUBLISHED,Published,,2011.0,2011,,AFR,2011,2011,Africa,,NGA,Nigeria,,AGE35-39,35-39 years,,FMLE,Female,,,,,,,,363344.5,363344.50000,,,,,
5073,LIFE_0000000034,Tx - person-years lived above age x,https://www.who.int/data/gho/indicator-metadata-registry/imr-details/34,,,,PUBLISHED,Published,,2011.0,2011,,AFR,2011,2011,Africa,,NGA,Nigeria,,AGE35-39,35-39 years,,FMLE,Female,,,,,,,,2374391,2374391.00000,,,,,
5074,LIFE_0000000035,ex - expectation of life at age x,https://www.who.int/data/gho/indicator-metadata-registry/imr-details/35,,,,PUBLISHED,Published,,2011.0,2011,,AFR,2011,2011,Africa,,NGA,Nigeria,,AGE35-39,35-39 years,,FMLE,Female,,,,,,,,31.8,31.79648,,,,,
5075,LIFE_0000000034,Tx - person-years lived above age x,https://www.who.int/data/gho/indicator-metadata-registry/imr-details/34,,,,PUBLISHED,Published,,2011.0,2011,,AFR,2011,2011,Africa,,NGA,Nigeria,,AGE45-49,45-49 years,,FMLE,Female,,,,,,,,1667060,1667060.00000,,,,,
5076,LIFE_0000000035,ex - expectation of life at age x,https://www.who.int/data/gho/indicator-metadata-registry/imr-details/35,,,,PUBLISHED,Published,,2011.0,2011,,AFR,2011,2011,Africa,,NGA,Nigeria,,AGE45-49,45-49 years,,FMLE,Female,,,,,,,,24.9,24.90823,,,,,
5077,LIFE_0000000029,nMx - age-specific death rate between ages x and x+n,https://www.who.int/data/gho/indicator-metadata-registry/imr-details/29,,,,PUBLISHED,Published,,2011.0,2011,,AFR,2011,2011,Africa,,NGA,Nigeria,,AGE50-54,50-54 years,,FMLE,Female,,,,,,,,0.013,0.01337,,,,,
5078,LIFE_0000000030,nqx - probability of dying between ages x and x+n,https://www.who.int/data/gho/indicator-metadata-registry/imr-details/30,,,,PUBLISHED,Published,,2011.0,2011,,AFR,2011,2011,Africa,,NGA,Nigeria,,AGE50-54,50-54 years,,FMLE,Female,,,,,,,,0.065,0.06479,,,,,
5079,LIFE_0000000030,nqx - probability of dying between ages x and x+n,https://www.who.int/data/gho/indicator-metadata-registry/imr-details/30,,,,PUBLISHED,Published,,2011.0,2011,,AFR,2011,2011,Africa,,NGA,Nigeria,,AGE60-64,60-64 years,,FMLE,Female,,,,,,,,0.144,0.14446,,,,,
5080,LIFE_0000000031,lx - number of people left alive at age x,https://www.who.int/data/gho/indicator-metadata-registry/imr-details/31,,,,PUBLISHED,Published,,2011.0,2011,,AFR,2011,2011,Africa,,NGA,Nigeria,,AGE60-64,60-64 years,,FMLE,Female,,,,,,,,54335.76,54335.76000,,,,,
5081,LIFE_0000000032,ndx - number of people dying between ages x and x+n,https://www.who.int/data/gho/indicator-metadata-registry/imr-details/32,,,,PUBLISHED,Published,,2011.0,2011,,AFR,2011,2011,Africa,,NGA,Nigeria,,AGE60-64,60-64 years,,FMLE,Female,,,,,,,,7849.497,7849.49700,,,,,
5082,LIFE_0000000033,nLx - person-years lived between ages x and x+n,https://www.who.int/data/gho/indicator-metadata-registry/imr-details/33,,,,PUBLISHED,Published,,2011.0,2011,,AFR,2011,2011,Africa,,NGA,Nigeria,,AGE60-64,60-64 years,,FMLE,Female,,,,,,,,253121.1,253121.10000,,,,,
5083,LIFE_0000000033,nLx - person-years lived between ages x and x+n,https://www.who.int/data/gho/indicator-metadata-registry/imr-details/33,,,,PUBLISHED,Published,,2011.0,2011,,AFR,2011,2011,Africa,,NGA,Nigeria,,AGE70-74,70-74 years,,FMLE,Female,,,,,,,,150733.3,150733.30000,,,,,
5084,LIFE_0000000034,Tx - person-years lived above age x,https://www.who.int/data/gho/indicator-metadata-registry/imr-details/34,,,,PUBLISHED,Published,,2011.0,2011,,AFR,2011,2011,Africa,,NGA,Nigeria,,AGE70-74,70-74 years,,FMLE,Female,,,,,,,,288568,288568.00000,,,,,
5085,LIFE_0000000035,ex - expectation of life at age x,https://www.who.int/data/gho/indicator-metadata-registry/imr-details/35,,,,PUBLISHED,Published,,2011.0,2011,,AFR,2011,2011,Africa,,NGA,Nigeria,,AGE70-74,70-74 years,,FMLE,Female,,,,,,,,8,7.96216,,,,,
5086,LIFE_0000000029,nMx - age-specific death rate between ages x and x+n,https://www.who.int/data/gho/indicator-metadata-registry/imr-details/29,,,,PUBLISHED,Published,,2011.0,2011,,AFR,2011,2011,Africa,,NGA,Nigeria,,AGE75-79,75-79 years,,FMLE,Female,,,,,,,,0.134,0.13386,,,,,
5087,LIFE_0000000035,ex - expectation of life at age x,https://www.who.int/data/gho/indicator-metadata-registry/imr-details/35,,,,PUBLISHED,Published,,2011.0,2011,,AFR,2011,2011,Africa,,NGA,Nigeria,,AGE80-84,80-84 years,,FMLE,Female,,,,,,,,4.1,4.09657,,,,,
5088,LIFE_0000000029,nMx - age-specific death rate between ages x and x+n,https://www.who.int/data/gho/indicator-metadata-registry/imr-details/29,,,,PUBLISHED,Published,,2011.0,2011,,AFR,2011,2011,Africa,,NGA,Nigeria,,AGE85PLUS,85+ years,,FMLE,Female,,,,,,,,0.339,0.33860,,,,,
5089,LIFE_0000000030,nqx - probability of dying between ages x and x+n,https://www.who.int/data/gho/indicator-metadata-registry/imr-details/30,,,,PUBLISHED,Published,,2011.0,2011,,AFR,2011,2011,Africa,,NGA,Nigeria,,AGE85PLUS,85+ years,,FMLE,Female,,,,,,,,1,1.00000,,,,,
5090,LIFE_0000000031,lx - number of people left alive at age x,https://www.who.int/data/gho/indicator-metadata-registry/imr-details/31,,,,PUBLISHED,Published,,2011.0,2011,,AFR,2011,2011,Africa,,NGA,Nigeria,,AGE85PLUS,85+ years,,FMLE,Female,,,,,,,,3905.916,3905.91600,,,,,
5091,LIFE_0000000032,ndx - number of people dying between ages x and x+n,https://www.who.int/data/gho/indicator-metadata-registry/imr-details/32,,,,PUBLISHED,Published,,2011.0,2011,,AFR,2011,2011,Africa,,NGA,Nigeria,,AGE85PLUS,85+ years,,FMLE,Female,,,,,,,,3905.916,3905.91600,,,,,
5092,LIFE_0000000031,lx - number of people left alive at age x,https://www.who.int/data/gho/indicator-metadata-registry/imr-details/31,,,,PUBLISHED,Published,,2012.0,2012,,AFR,2012,2012,Africa,,NGA,Nigeria,,AGE1-4,1-4 years,,MLE,Male,,,,,,,,91848.66,91848.66000,,,,,
5093,LIFE_0000000032,ndx - number of people dying between ages x and x+n,https://www.who.int/data/gho/indicator-metadata-registry/imr-details/32,,,,PUBLISHED,Published,,2012.0,2012,,AFR,2012,2012,Africa,,NGA,Nigeria,,AGE1-4,1-4 years,,MLE,Male,,,,,,,,4298.271,4298.27100,,,,,
5094,LIFE_0000000033,nLx - person-years lived between ages x and x+n,https://www.who.int/data/gho/indicator-metadata-registry/imr-details/33,,,,PUBLISHED,Published,,2012.0,2012,,AFR,2012,2012,Africa,,NGA,Nigeria,,AGE1-4,1-4 years,,MLE,Male,,,,,,,,356252.2,356252.20000,,,,,
5095,LIFE_0000000034,Tx - person-years lived above age x,https://www.who.int/data/gho/indicator-metadata-registry/imr-details/34,,,,PUBLISHED,Published,,2012.0,2012,,AFR,2012,2012,Africa,,NGA,Nigeria,,AGE1-4,1-4 years,,MLE,Male,,,,,,,,5202179,5202179.00000,,,,,
5096,LIFE_0000000034,Tx - person-years lived above age x,https://www.who.int/data/gho/indicator-metadata-registry/imr-details/34,,,,PUBLISHED,Published,,2012.0,2012,,AFR,2012,2012,Africa,,NGA,Nigeria,,AGE10-14,10-14 years,,MLE,Male,,,,,,,,4411449,4411449.00000,,,,,
5097,LIFE_0000000035,ex - expectation of life at age x,https://www.who.int/data/gho/indicator-metadata-registry/imr-details/35,,,,PUBLISHED,Published,,2012.0,2012,,AFR,2012,2012,Africa,,NGA,Nigeria,,AGE10-14,10-14 years,,MLE,Male,,,,,,,,51.2,51.15284,,,,,
5098,LIFE_0000000029,nMx - age-specific death rate between ages x and x+n,https://www.who.int/data/gho/indicator-metadata-registry/imr-details/29,,,,PUBLISHED,Published,,2012.0,2012,,AFR,2012,2012,Africa,,NGA,Nigeria,,AGE15-19,15-19  years,,MLE,Male,,,,,,,,0.003,0.00334,,,,,
5099,LIFE_0000000030,nqx - probability of dying between ages x and x+n,https://www.who.int/data/gho/indicator-metadata-registry/imr-details/30,,,,PUBLISHED,Published,,2012.0,2012,,AFR,2012,2012,Africa,,NGA,Nigeria,,AGE15-19,15-19  years,,MLE,Male,,,,,,,,0.017,0.01656,,,,,
5100,LIFE_0000000029,nMx - age-specific death rate between ages x and x+n,https://www.who.int/data/gho/indicator-metadata-registry/imr-details/29,,,,PUBLISHED,Published,,2012.0,2012,,AFR,2012,2012,Africa,,NGA,Nigeria,,AGE25-29,25-29 years,,MLE,Male,,,,,,,,0.006,0.00602,,,,,
5101,LIFE_0000000030,nqx - probability of dying between ages x and x+n,https://www.who.int/data/gho/indicator-metadata-registry/imr-details/30,,,,PUBLISHED,Published,,2012.0,2012,,AFR,2012,2012,Africa,,NGA,Nigeria,,AGE25-29,25-29 years,,MLE,Male,,,,,,,,0.03,0.02968,,,,,
5102,LIFE_0000000031,lx - number of people left alive at age x,https://www.who.int/data/gho/indicator-metadata-registry/imr-details/31,,,,PUBLISHED,Published,,2012.0,2012,,AFR,2012,2012,Africa,,NGA,Nigeria,,AGE25-29,25-29 years,,MLE,Male,,,,,,,,82088.36,82088.36000,,,,,
5103,LIFE_0000000032,ndx - number of people dying between ages x and x+n,https://www.who.int/data/gho/indicator-metadata-registry/imr-details/32,,,,PUBLISHED,Published,,2012.0,2012,,AFR,2012,2012,Africa,,NGA,Nigeria,,AGE25-29,25-29 years,,MLE,Male,,,,,,,,2436.277,2436.27700,,,,,
5104,LIFE_0000000033,nLx - person-years lived between ages x and x+n,https://www.who.int/data/gho/indicator-metadata-registry/imr-details/33,,,,PUBLISHED,Published,,2012.0,2012,,AFR,2012,2012,Africa,,NGA,Nigeria,,AGE25-29,25-29 years,,MLE,Male,,,,,,,,404384.8,404384.80000,,,,,
5105,LIFE_0000000032,ndx - number of people dying between ages x and x+n,https://www.who.int/data/gho/indicator-metadata-registry/imr-details/32,,,,PUBLISHED,Published,,2012.0,2012,,AFR,2012,2012,Africa,,NGA,Nigeria,,AGE35-39,35-39 years,,MLE,Male,,,,,,,,3835.732,3835.73200,,,,,
5106,LIFE_0000000033,nLx - person-years lived between ages x and x+n,https://www.who.int/data/gho/indicator-metadata-registry/imr-details/33,,,,PUBLISHED,Published,,2012.0,2012,,AFR,2012,2012,Africa,,NGA,Nigeria,,AGE35-39,35-39 years,,MLE,Male,,,,,,,,373590.6,373590.60000,,,,,
5107,LIFE_0000000034,Tx - person-years lived above age x,https://www.who.int/data/gho/indicator-metadata-registry/imr-details/34,,,,PUBLISHED,Published,,2012.0,2012,,AFR,2012,2012,Africa,,NGA,Nigeria,,AGE35-39,35-39 years,,MLE,Male,,,,,,,,2346390,2346390.00000,,,,,
5108,LIFE_0000000035,ex - expectation of life at age x,https://www.who.int/data/gho/indicator-metadata-registry/imr-details/35,,,,PUBLISHED,Published,,2012.0,2012,,AFR,2012,2012,Africa,,NGA,Nigeria,,AGE35-39,35-39 years,,MLE,Male,,,,,,,,30.6,30.63205,,,,,
5109,LIFE_0000000035,ex - expectation of life at age x,https://www.who.int/data/gho/indicator-metadata-registry/imr-details/35,,,,PUBLISHED,Published,,2012.0,2012,,AFR,2012,2012,Africa,,NGA,Nigeria,,AGE45-49,45-49 years,,MLE,Male,,,,,,,,23.6,23.63434,,,,,
5110,LIFE_0000000029,nMx - age-specific death rate between ages x and x+n,https://www.who.int/data/gho/indicator-metadata-registry/imr-details/29,,,,PUBLISHED,Published,,2012.0,2012,,AFR,2012,2012,Africa,,NGA,Nigeria,,AGE50-54,50-54 years,,MLE,Male,,,,,,,,0.017,0.01734,,,,,
5111,LIFE_0000000030,nqx - probability of dying between ages x and x+n,https://www.who.int/data/gho/indicator-metadata-registry/imr-details/30,,,,PUBLISHED,Published,,2012.0,2012,,AFR,2012,2012,Africa,,NGA,Nigeria,,AGE50-54,50-54 years,,MLE,Male,,,,,,,,0.083,0.08320,,,,,
5112,LIFE_0000000031,lx - number of people left alive at age x,https://www.who.int/data/gho/indicator-metadata-registry/imr-details/31,,,,PUBLISHED,Published,,2012.0,2012,,AFR,2012,2012,Africa,,NGA,Nigeria,,AGE50-54,50-54 years,,MLE,Male,,,,,,,,63921.59,63921.59000,,,,,
5113,LIFE_0000000031,lx - number of people left alive at age x,https://www.who.int/data/gho/indicator-metadata-registry/imr-details/31,,,,PUBLISHED,Published,,2012.0,2012,,AFR,2012,2012,Africa,,NGA,Nigeria,,AGE60-64,60-64 years,,MLE,Male,,,,,,,,52415.25,52415.25000,,,,,
5114,LIFE_0000000032,ndx - number of people dying between ages x and x+n,https://www.who.int/data/gho/indicator-metadata-registry/imr-details/32,,,,PUBLISHED,Published,,2012.0,2012,,AFR,2012,2012,Africa,,NGA,Nigeria,,AGE60-64,60-64 years,,MLE,Male,,,,,,,,8384.501,8384.50100,,,,,
5115,LIFE_0000000033,nLx - person-years lived between ages x and x+n,https://www.who.int/data/gho/indicator-metadata-registry/imr-details/33,,,,PUBLISHED,Published,,2012.0,2012,,AFR,2012,2012,Africa,,NGA,Nigeria,,AGE60-64,60-64 years,,MLE,Male,,,,,,,,241942.8,241942.80000,,,,,
5116,LIFE_0000000034,Tx - person-years lived above age x,https://www.who.int/data/gho/indicator-metadata-registry/imr-details/34,,,,PUBLISHED,Published,,2012.0,2012,,AFR,2012,2012,Africa,,NGA,Nigeria,,AGE60-64,60-64 years,,MLE,Male,,,,,,,,702906.4,702906.40000,,,,,
5117,LIFE_0000000033,nLx - person-years lived between ages x and x+n,https://www.who.int/data/gho/indicator-metadata-registry/imr-details/33,,,,PUBLISHED,Published,,2012.0,2012,,AFR,2012,2012,Africa,,NGA,Nigeria,,AGE70-74,70-74 years,,MLE,Male,,,,,,,,139903.8,139903.80000,,,,,
5118,LIFE_0000000034,Tx - person-years lived above age x,https://www.who.int/data/gho/indicator-metadata-registry/imr-details/34,,,,PUBLISHED,Published,,2012.0,2012,,AFR,2012,2012,Africa,,NGA,Nigeria,,AGE70-74,70-74 years,,MLE,Male,,,,,,,,265569,265569.00000,,,,,
5119,LIFE_0000000035,ex - expectation of life at age x,https://www.who.int/data/gho/indicator-metadata-registry/imr-details/35,,,,PUBLISHED,Published,,2012.0,2012,,AFR,2012,2012,Africa,,NGA,Nigeria,,AGE70-74,70-74 years,,MLE,Male,,,,,,,,7.9,7.85359,,,,,
5120,LIFE_0000000029,nMx - age-specific death rate between ages x and x+n,https://www.who.int/data/gho/indicator-metadata-registry/imr-details/29,,,,PUBLISHED,Published,,2012.0,2012,,AFR,2012,2012,Africa,,NGA,Nigeria,,AGE75-79,75-79 years,,MLE,Male,,,,,,,,0.136,0.13648,,,,,
5121,LIFE_0000000030,nqx - probability of dying between ages x and x+n,https://www.who.int/data/gho/indicator-metadata-registry/imr-details/30,,,,PUBLISHED,Published,,2012.0,2012,,AFR,2012,2012,Africa,,NGA,Nigeria,,AGE75-79,75-79 years,,MLE,Male,,,,,,,,0.504,0.50432,,,,,
5122,LIFE_0000000029,nMx - age-specific death rate between ages x and x+n,https://www.who.int/data/gho/indicator-metadata-registry/imr-details/29,,,,PUBLISHED,Published,,2012.0,2012,,AFR,2012,2012,Africa,,NGA,Nigeria,,AGE85PLUS,85+ years,,MLE,Male,,,,,,,,0.348,0.34834,,,,,
5123,LIFE_0000000030,nqx - probability of dying between ages x and x+n,https://www.who.int/data/gho/indicator-metadata-registry/imr-details/30,,,,PUBLISHED,Published,,2012.0,2012,,AFR,2012,2012,Africa,,NGA,Nigeria,,AGE85PLUS,85+ years,,MLE,Male,,,,,,,,1,1.00000,,,,,
5124,LIFE_0000000031,lx - number of people left alive at age x,https://www.who.int/data/gho/indicator-metadata-registry/imr-details/31,,,,PUBLISHED,Published,,2012.0,2012,,AFR,2012,2012,Africa,,NGA,Nigeria,,AGE85PLUS,85+ years,,MLE,Male,,,,,,,,3526.164,3526.16400,,,,,
5125,LIFE_0000000032,ndx - number of people dying between ages x and x+n,https://www.who.int/data/gho/indicator-metadata-registry/imr-details/32,,,,PUBLISHED,Published,,2012.0,2012,,AFR,2012,2012,Africa,,NGA,Nigeria,,AGE85PLUS,85+ years,,MLE,Male,,,,,,,,3526.164,3526.16400,,,,,
5126,LIFE_0000000032,ndx - number of people dying between ages x and x+n,https://www.who.int/data/gho/indicator-metadata-registry/imr-details/32,,,,PUBLISHED,Published,,2012.0,2012,,AFR,2012,2012,Africa,,NGA,Nigeria,,AGE1-4,1-4 years,,FMLE,Female,,,,,,,,4558.752,4558.75200,,,,,
5127,LIFE_0000000033,nLx - person-years lived between ages x and x+n,https://www.who.int/data/gho/indicator-metadata-registry/imr-details/33,,,,PUBLISHED,Published,,2012.0,2012,,AFR,2012,2012,Africa,,NGA,Nigeria,,AGE1-4,1-4 years,,FMLE,Female,,,,,,,,359603.4,359603.40000,,,,,
5128,LIFE_0000000034,Tx - person-years lived above age x,https://www.who.int/data/gho/indicator-metadata-registry/imr-details/34,,,,PUBLISHED,Published,,2012.0,2012,,AFR,2012,2012,Africa,,NGA,Nigeria,,AGE1-4,1-4 years,,FMLE,Female,,,,,,,,5257077,5257077.00000,,,,,
5129,LIFE_0000000035,ex - expectation of life at age x,https://www.who.int/data/gho/indicator-metadata-registry/imr-details/35,,,,PUBLISHED,Published,,2012.0,2012,,AFR,2012,2012,Africa,,NGA,Nigeria,,AGE1-4,1-4 years,,FMLE,Female,,,,,,,,56.6,56.61342,,,,,
5130,LIFE_0000000034,Tx - person-years lived above age x,https://www.who.int/data/gho/indicator-metadata-registry/imr-details/34,,,,PUBLISHED,Published,,2012.0,2012,,AFR,2012,2012,Africa,,NGA,Nigeria,,AGE10-14,10-14 years,,FMLE,Female,,,,,,,,4460265,4460265.00000,,,,,
5131,LIFE_0000000035,ex - expectation of life at age x,https://www.who.int/data/gho/indicator-metadata-registry/imr-details/35,,,,PUBLISHED,Published,,2012.0,2012,,AFR,2012,2012,Africa,,NGA,Nigeria,,AGE10-14,10-14 years,,FMLE,Female,,,,,,,,51.5,51.51429,,,,,
5132,LIFE_0000000029,nMx - age-specific death rate between ages x and x+n,https://www.who.int/data/gho/indicator-metadata-registry/imr-details/29,,,,PUBLISHED,Published,,2012.0,2012,,AFR,2012,2012,Africa,,NGA,Nigeria,,AGE15-19,15-19  years,,FMLE,Female,,,,,,,,0.004,0.00425,,,,,
5133,LIFE_0000000030,nqx - probability of dying between ages x and x+n,https://www.who.int/data/gho/indicator-metadata-registry/imr-details/30,,,,PUBLISHED,Published,,2012.0,2012,,AFR,2012,2012,Africa,,NGA,Nigeria,,AGE15-19,15-19  years,,FMLE,Female,,,,,,,,0.021,0.02102,,,,,
5134,LIFE_0000000031,lx - number of people left alive at age x,https://www.who.int/data/gho/indicator-metadata-registry/imr-details/31,,,,PUBLISHED,Published,,2012.0,2012,,AFR,2012,2012,Africa,,NGA,Nigeria,,AGE15-19,15-19  years,,FMLE,Female,,,,,,,,85765.61,85765.61000,,,,,
5135,LIFE_0000000030,nqx - probability of dying between ages x and x+n,https://www.who.int/data/gho/indicator-metadata-registry/imr-details/30,,,,PUBLISHED,Published,,2012.0,2012,,AFR,2012,2012,Africa,,NGA,Nigeria,,AGE25-29,25-29 years,,FMLE,Female,,,,,,,,0.036,0.03561,,,,,
5136,LIFE_0000000031,lx - number of people left alive at age x,https://www.who.int/data/gho/indicator-metadata-registry/imr-details/31,,,,PUBLISHED,Published,,2012.0,2012,,AFR,2012,2012,Africa,,NGA,Nigeria,,AGE25-29,25-29 years,,FMLE,Female,,,,,,,,81669.27,81669.27000,,,,,
5137,LIFE_0000000032,ndx - number of people dying between ages x and x+n,https://www.who.int/data/gho/indicator-metadata-registry/imr-details/32,,,,PUBLISHED,Published,,2012.0,2012,,AFR,2012,2012,Africa,,NGA,Nigeria,,AGE25-29,25-29 years,,FMLE,Female,,,,,,,,2908.151,2908.15100,,,,,
5138,LIFE_0000000033,nLx - person-years lived between ages x and x+n,https://www.who.int/data/gho/indicator-metadata-registry/imr-details/33,,,,PUBLISHED,Published,,2012.0,2012,,AFR,2012,2012,Africa,,NGA,Nigeria,,AGE25-29,25-29 years,,FMLE,Female,,,,,,,,401109.5,401109.50000,,,,,
5139,LIFE_0000000033,nLx - person-years lived between ages x and x+n,https://www.who.int/data/gho/indicator-metadata-registry/imr-details/33,,,,PUBLISHED,Published,,2012.0,2012,,AFR,2012,2012,Africa,,NGA,Nigeria,,AGE35-39,35-39 years,,FMLE,Female,,,,,,,,366914.6,366914.60000,,,,,
5140,LIFE_0000000034,Tx - person-years lived above age x,https://www.who.int/data/gho/indicator-metadata-registry/imr-details/34,,,,PUBLISHED,Published,,2012.0,2012,,AFR,2012,2012,Africa,,NGA,Nigeria,,AGE35-39,35-39 years,,FMLE,Female,,,,,,,,2404198,2404198.00000,,,,,
5141,LIFE_0000000035,ex - expectation of life at age x,https://www.who.int/data/gho/indicator-metadata-registry/imr-details/35,,,,PUBLISHED,Published,,2012.0,2012,,AFR,2012,2012,Africa,,NGA,Nigeria,,AGE35-39,35-39 years,,FMLE,Female,,,,,,,,31.9,31.90246,,,,,
5142,LIFE_0000000029,nMx - age-specific death rate between ages x and x+n,https://www.who.int/data/gho/indicator-metadata-registry/imr-details/29,,,,PUBLISHED,Published,,2012.0,2012,,AFR,2012,2012,Africa,,NGA,Nigeria,,AGE40-44,40-44 years,,FMLE,Female,,,,,,,,0.011,0.01077,,,,,
5143,LIFE_0000000029,nMx - age-specific death rate between ages x and x+n,https://www.who.int/data/gho/indicator-metadata-registry/imr-details/29,,,,PUBLISHED,Published,,2012.0,2012,,AFR,2012,2012,Africa,,NGA,Nigeria,,AGE50-54,50-54 years,,FMLE,Female,,,,,,,,0.013,0.01328,,,,,
5144,LIFE_0000000030,nqx - probability of dying between ages x and x+n,https://www.who.int/data/gho/indicator-metadata-registry/imr-details/30,,,,PUBLISHED,Published,,2012.0,2012,,AFR,2012,2012,Africa,,NGA,Nigeria,,AGE50-54,50-54 years,,FMLE,Female,,,,,,,,0.064,0.06437,,,,,
5145,LIFE_0000000031,lx - number of people left alive at age x,https://www.who.int/data/gho/indicator-metadata-registry/imr-details/31,,,,PUBLISHED,Published,,2012.0,2012,,AFR,2012,2012,Africa,,NGA,Nigeria,,AGE50-54,50-54 years,,FMLE,Female,,,,,,,,64056.3,64056.30000,,,,,
5146,LIFE_0000000032,ndx - number of people dying between ages x and x+n,https://www.who.int/data/gho/indicator-metadata-registry/imr-details/32,,,,PUBLISHED,Published,,2012.0,2012,,AFR,2012,2012,Africa,,NGA,Nigeria,,AGE50-54,50-54 years,,FMLE,Female,,,,,,,,4123.432,4123.43200,,,,,
5147,LIFE_0000000031,lx - number of people left alive at age x,https://www.who.int/data/gho/indicator-metadata-registry/imr-details/31,,,,PUBLISHED,Published,,2012.0,2012,,AFR,2012,2012,Africa,,NGA,Nigeria,,AGE60-64,60-64 years,,FMLE,Female,,,,,,,,54982.5,54982.50000,,,,,
5148,LIFE_0000000032,ndx - number of people dying between ages x and x+n,https://www.who.int/data/gho/indicator-metadata-registry/imr-details/32,,,,PUBLISHED,Published,,2012.0,2012,,AFR,2012,2012,Africa,,NGA,Nigeria,,AGE60-64,60-64 years,,FMLE,Female,,,,,,,,7860.85,7860.85000,,,,,
5149,LIFE_0000000033,nLx - person-years lived between ages x and x+n,https://www.who.int/data/gho/indicator-metadata-registry/imr-details/33,,,,PUBLISHED,Published,,2012.0,2012,,AFR,2012,2012,Africa,,NGA,Nigeria,,AGE60-64,60-64 years,,FMLE,Female,,,,,,,,256338.8,256338.80000,,,,,
5150,LIFE_0000000034,Tx - person-years lived above age x,https://www.who.int/data/gho/indicator-metadata-registry/imr-details/34,,,,PUBLISHED,Published,,2012.0,2012,,AFR,2012,2012,Africa,,NGA,Nigeria,,AGE60-64,60-64 years,,FMLE,Female,,,,,,,,761845.1,761845.10000,,,,,
5151,LIFE_0000000034,Tx - person-years lived above age x,https://www.who.int/data/gho/indicator-metadata-registry/imr-details/34,,,,PUBLISHED,Published,,2012.0,2012,,AFR,2012,2012,Africa,,NGA,Nigeria,,AGE70-74,70-74 years,,FMLE,Female,,,,,,,,294571.9,294571.90000,,,,,
5152,LIFE_0000000035,ex - expectation of life at age x,https://www.who.int/data/gho/indicator-metadata-registry/imr-details/35,,,,PUBLISHED,Published,,2012.0,2012,,AFR,2012,2012,Africa,,NGA,Nigeria,,AGE70-74,70-74 years,,FMLE,Female,,,,,,,,8,7.99807,,,,,
5153,LIFE_0000000029,nMx - age-specific death rate between ages x and x+n,https://www.who.int/data/gho/indicator-metadata-registry/imr-details/29,,,,PUBLISHED,Published,,2012.0,2012,,AFR,2012,2012,Africa,,NGA,Nigeria,,AGE75-79,75-79 years,,FMLE,Female,,,,,,,,0.133,0.13298,,,,,
5154,LIFE_0000000030,nqx - probability of dying between ages x and x+n,https://www.who.int/data/gho/indicator-metadata-registry/imr-details/30,,,,PUBLISHED,Published,,2012.0,2012,,AFR,2012,2012,Africa,,NGA,Nigeria,,AGE75-79,75-79 years,,FMLE,Female,,,,,,,,0.495,0.49530,,,,,
5155,LIFE_0000000030,nqx - probability of dying between ages x and x+n,https://www.who.int/data/gho/indicator-metadata-registry/imr-details/30,,,,PUBLISHED,Published,,2012.0,2012,,AFR,2012,2012,Africa,,NGA,Nigeria,,AGE85PLUS,85+ years,,FMLE,Female,,,,,,,,1,1.00000,,,,,
5156,LIFE_0000000031,lx - number of people left alive at age x,https://www.who.int/data/gho/indicator-metadata-registry/imr-details/31,,,,PUBLISHED,Published,,2012.0,2012,,AFR,2012,2012,Africa,,NGA,Nigeria,,AGE85PLUS,85+ years,,FMLE,Female,,,,,,,,4022.241,4022.24100,,,,,
5157,LIFE_0000000032,ndx - number of people dying between ages x and x+n,https://www.who.int/data/gho/indicator-metadata-registry/imr-details/32,,,,PUBLISHED,Published,,2012.0,2012,,AFR,2012,2012,Africa,,NGA,Nigeria,,AGE85PLUS,85+ years,,FMLE,Female,,,,,,,,4022.241,4022.24100,,,,,
5158,LIFE_0000000033,nLx - person-years lived between ages x and x+n,https://www.who.int/data/gho/indicator-metadata-registry/imr-details/33,,,,PUBLISHED,Published,,2012.0,2012,,AFR,2012,2012,Africa,,NGA,Nigeria,,AGE85PLUS,85+ years,,FMLE,Female,,,,,,,,11906.12,11906.12000,,,,,
5159,LIFE_0000000032,ndx - number of people dying between ages x and x+n,https://www.who.int/data/gho/indicator-metadata-registry/imr-details/32,,,,PUBLISHED,Published,,2013.0,2013,,AFR,2013,2013,Africa,,NGA,Nigeria,,AGE1-4,1-4 years,,MLE,Male,,,,,,,,4111.028,4111.02800,,,,,
5160,LIFE_0000000033,nLx - person-years lived between ages x and x+n,https://www.who.int/data/gho/indicator-metadata-registry/imr-details/33,,,,PUBLISHED,Published,,2013.0,2013,,AFR,2013,2013,Africa,,NGA,Nigeria,,AGE1-4,1-4 years,,MLE,Male,,,,,,,,357959.9,357959.90000,,,,,
5161,LIFE_0000000034,Tx - person-years lived above age x,https://www.who.int/data/gho/indicator-metadata-registry/imr-details/34,,,,PUBLISHED,Published,,2013.0,2013,,AFR,2013,2013,Africa,,NGA,Nigeria,,AGE1-4,1-4 years,,MLE,Male,,,,,,,,5246480,5246480.00000,,,,,
5162,LIFE_0000000035,ex - expectation of life at age x,https://www.who.int/data/gho/indicator-metadata-registry/imr-details/35,,,,PUBLISHED,Published,,2013.0,2013,,AFR,2013,2013,Africa,,NGA,Nigeria,,AGE1-4,1-4 years,,MLE,Male,,,,,,,,56.9,56.93709,,,,,
5163,LIFE_0000000029,nMx - age-specific death rate between ages x and x+n,https://www.who.int/data/gho/indicator-metadata-registry/imr-details/29,,,,PUBLISHED,Published,,2013.0,2013,,AFR,2013,2013,Africa,,NGA,Nigeria,,AGE5-9,5-9 years,,MLE,Male,,,,,,,,0.003,0.00290,,,,,
5164,LIFE_0000000035,ex - expectation of life at age x,https://www.who.int/data/gho/indicator-metadata-registry/imr-details/35,,,,PUBLISHED,Published,,2013.0,2013,,AFR,2013,2013,Africa,,NGA,Nigeria,,AGE10-14,10-14 years,,MLE,Male,,,,,,,,51.3,51.30557,,,,,
5165,LIFE_0000000029,nMx - age-specific death rate between ages x and x+n,https://www.who.int/data/gho/indicator-metadata-registry/imr-details/29,,,,PUBLISHED,Published,,2013.0,2013,,AFR,2013,2013,Africa,,NGA,Nigeria,,AGE15-19,15-19  years,,MLE,Male,,,,,,,,0.003,0.00335,,,,,
5166,LIFE_0000000030,nqx - probability of dying between ages x and x+n,https://www.who.int/data/gho/indicator-metadata-registry/imr-details/30,,,,PUBLISHED,Published,,2013.0,2013,,AFR,2013,2013,Africa,,NGA,Nigeria,,AGE15-19,15-19  years,,MLE,Male,,,,,,,,0.017,0.01660,,,,,
5167,LIFE_0000000031,lx - number of people left alive at age x,https://www.who.int/data/gho/indicator-metadata-registry/imr-details/31,,,,PUBLISHED,Published,,2013.0,2013,,AFR,2013,2013,Africa,,NGA,Nigeria,,AGE15-19,15-19  years,,MLE,Male,,,,,,,,86140.41,86140.41000,,,,,
5168,LIFE_0000000031,lx - number of people left alive at age x,https://www.who.int/data/gho/indicator-metadata-registry/imr-details/31,,,,PUBLISHED,Published,,2013.0,2013,,AFR,2013,2013,Africa,,NGA,Nigeria,,AGE25-29,25-29 years,,MLE,Male,,,,,,,,82599.28,82599.28000,,,,,
5169,LIFE_0000000032,ndx - number of people dying between ages x and x+n,https://www.who.int/data/gho/indicator-metadata-registry/imr-details/32,,,,PUBLISHED,Published,,2013.0,2013,,AFR,2013,2013,Africa,,NGA,Nigeria,,AGE25-29,25-29 years,,MLE,Male,,,,,,,,2412.118,2412.11800,,,,,
5170,LIFE_0000000033,nLx - person-years lived between ages x and x+n,https://www.who.int/data/gho/indicator-metadata-registry/imr-details/33,,,,PUBLISHED,Published,,2013.0,2013,,AFR,2013,2013,Africa,,NGA,Nigeria,,AGE25-29,25-29 years,,MLE,Male,,,,,,,,407000.4,407000.40000,,,,,
5171,LIFE_0000000034,Tx - person-years lived above age x,https://www.who.int/data/gho/indicator-metadata-registry/imr-details/34,,,,PUBLISHED,Published,,2013.0,2013,,AFR,2013,2013,Africa,,NGA,Nigeria,,AGE25-29,25-29 years,,MLE,Male,,,,,,,,3173650,3173650.00000,,,,,
5172,LIFE_0000000034,Tx - person-years lived above age x,https://www.who.int/data/gho/indicator-metadata-registry/imr-details/34,,,,PUBLISHED,Published,,2013.0,2013,,AFR,2013,2013,Africa,,NGA,Nigeria,,AGE35-39,35-39 years,,MLE,Male,,,,,,,,2373187,2373187.00000,,,,,
5173,LIFE_0000000035,ex - expectation of life at age x,https://www.who.int/data/gho/indicator-metadata-registry/imr-details/35,,,,PUBLISHED,Published,,2013.0,2013,,AFR,2013,2013,Africa,,NGA,Nigeria,,AGE35-39,35-39 years,,MLE,Male,,,,,,,,30.8,30.75090,,,,,
5174,LIFE_0000000029,nMx - age-specific death rate between ages x and x+n,https://www.who.int/data/gho/indicator-metadata-registry/imr-details/29,,,,PUBLISHED,Published,,2013.0,2013,,AFR,2013,2013,Africa,,NGA,Nigeria,,AGE40-44,40-44 years,,MLE,Male,,,,,,,,0.012,0.01189,,,,,
5175,LIFE_0000000030,nqx - probability of dying between ages x and x+n,https://www.who.int/data/gho/indicator-metadata-registry/imr-details/30,,,,PUBLISHED,Published,,2013.0,2013,,AFR,2013,2013,Africa,,NGA,Nigeria,,AGE40-44,40-44 years,,MLE,Male,,,,,,,,0.058,0.05780,,,,,
5176,LIFE_0000000029,nMx - age-specific death rate between ages x and x+n,https://www.who.int/data/gho/indicator-metadata-registry/imr-details/29,,,,PUBLISHED,Published,,2013.0,2013,,AFR,2013,2013,Africa,,NGA,Nigeria,,AGE50-54,50-54 years,,MLE,Male,,,,,,,,0.017,0.01716,,,,,
5177,LIFE_0000000030,nqx - probability of dying between ages x and x+n,https://www.who.int/data/gho/indicator-metadata-registry/imr-details/30,,,,PUBLISHED,Published,,2013.0,2013,,AFR,2013,2013,Africa,,NGA,Nigeria,,AGE50-54,50-54 years,,MLE,Male,,,,,,,,0.082,0.08241,,,,,
5178,LIFE_0000000031,lx - number of people left alive at age x,https://www.who.int/data/gho/indicator-metadata-registry/imr-details/31,,,,PUBLISHED,Published,,2013.0,2013,,AFR,2013,2013,Africa,,NGA,Nigeria,,AGE50-54,50-54 years,,MLE,Male,,,,,,,,64554.97,64554.97000,,,,,
5179,LIFE_0000000032,ndx - number of people dying between ages x and x+n,https://www.who.int/data/gho/indicator-metadata-registry/imr-details/32,,,,PUBLISHED,Published,,2013.0,2013,,AFR,2013,2013,Africa,,NGA,Nigeria,,AGE50-54,50-54 years,,MLE,Male,,,,,,,,5320.275,5320.27500,,,,,
5180,LIFE_0000000032,ndx - number of people dying between ages x and x+n,https://www.who.int/data/gho/indicator-metadata-registry/imr-details/32,,,,PUBLISHED,Published,,2013.0,2013,,AFR,2013,2013,Africa,,NGA,Nigeria,,AGE60-64,60-64 years,,MLE,Male,,,,,,,,8393.317,8393.31700,,,,,
5181,LIFE_0000000033,nLx - person-years lived between ages x and x+n,https://www.who.int/data/gho/indicator-metadata-registry/imr-details/33,,,,PUBLISHED,Published,,2013.0,2013,,AFR,2013,2013,Africa,,NGA,Nigeria,,AGE60-64,60-64 years,,MLE,Male,,,,,,,,244956.8,244956.80000,,,,,
5182,LIFE_0000000034,Tx - person-years lived above age x,https://www.who.int/data/gho/indicator-metadata-registry/imr-details/34,,,,PUBLISHED,Published,,2013.0,2013,,AFR,2013,2013,Africa,,NGA,Nigeria,,AGE60-64,60-64 years,,MLE,Male,,,,,,,,714150.8,714150.80000,,,,,
5183,LIFE_0000000035,ex - expectation of life at age x,https://www.who.int/data/gho/indicator-metadata-registry/imr-details/35,,,,PUBLISHED,Published,,2013.0,2013,,AFR,2013,2013,Africa,,NGA,Nigeria,,AGE60-64,60-64 years,,MLE,Male,,,,,,,,13.5,13.46948,,,,,
5184,LIFE_0000000035,ex - expectation of life at age x,https://www.who.int/data/gho/indicator-metadata-registry/imr-details/35,,,,PUBLISHED,Published,,2013.0,2013,,AFR,2013,2013,Africa,,NGA,Nigeria,,AGE70-74,70-74 years,,MLE,Male,,,,,,,,7.9,7.88489,,,,,
5185,LIFE_0000000029,nMx - age-specific death rate between ages x and x+n,https://www.who.int/data/gho/indicator-metadata-registry/imr-details/29,,,,PUBLISHED,Published,,2013.0,2013,,AFR,2013,2013,Africa,,NGA,Nigeria,,AGE75-79,75-79 years,,MLE,Male,,,,,,,,0.136,0.13572,,,,,
5186,LIFE_0000000030,nqx - probability of dying between ages x and x+n,https://www.who.int/data/gho/indicator-metadata-registry/imr-details/30,,,,PUBLISHED,Published,,2013.0,2013,,AFR,2013,2013,Africa,,NGA,Nigeria,,AGE75-79,75-79 years,,MLE,Male,,,,,,,,0.502,0.50238,,,,,
5187,LIFE_0000000031,lx - number of people left alive at age x,https://www.who.int/data/gho/indicator-metadata-registry/imr-details/31,,,,PUBLISHED,Published,,2013.0,2013,,AFR,2013,2013,Africa,,NGA,Nigeria,,AGE75-79,75-79 years,,MLE,Male,,,,,,,,22458.85,22458.85000,,,,,
5188,LIFE_0000000030,nqx - probability of dying between ages x and x+n,https://www.who.int/data/gho/indicator-metadata-registry/imr-details/30,,,,PUBLISHED,Published,,2013.0,2013,,AFR,2013,2013,Africa,,NGA,Nigeria,,AGE85PLUS,85+ years,,MLE,Male,,,,,,,,1,1.00000,,,,,
5189,LIFE_0000000031,lx - number of people left alive at age x,https://www.who.int/data/gho/indicator-metadata-registry/imr-details/31,,,,PUBLISHED,Published,,2013.0,2013,,AFR,2013,2013,Africa,,NGA,Nigeria,,AGE85PLUS,85+ years,,MLE,Male,,,,,,,,3624.39,3624.39000,,,,,
5190,LIFE_0000000032,ndx - number of people dying between ages x and x+n,https://www.who.int/data/gho/indicator-metadata-registry/imr-details/32,,,,PUBLISHED,Published,,2013.0,2013,,AFR,2013,2013,Africa,,NGA,Nigeria,,AGE85PLUS,85+ years,,MLE,Male,,,,,,,,3624.39,3624.39000,,,,,
5191,LIFE_0000000033,nLx - person-years lived between ages x and x+n,https://www.who.int/data/gho/indicator-metadata-registry/imr-details/33,,,,PUBLISHED,Published,,2013.0,2013,,AFR,2013,2013,Africa,,NGA,Nigeria,,AGE85PLUS,85+ years,,MLE,Male,,,,,,,,10424.42,10424.42000,,,,,
5192,LIFE_0000000034,Tx - person-years lived above age x,https://www.who.int/data/gho/indicator-metadata-registry/imr-details/34,,,,PUBLISHED,Published,,2013.0,2013,,AFR,2013,2013,Africa,,NGA,Nigeria,,AGE85PLUS,85+ years,,MLE,Male,,,,,,,,10424.42,10424.42000,,,,,
5193,LIFE_0000000033,nLx - person-years lived between ages x and x+n,https://www.who.int/data/gho/indicator-metadata-registry/imr-details/33,,,,PUBLISHED,Published,,2013.0,2013,,AFR,2013,2013,Africa,,NGA,Nigeria,,AGE1-4,1-4 years,,FMLE,Female,,,,,,,,361172.9,361172.90000,,,,,
5194,LIFE_0000000034,Tx - person-years lived above age x,https://www.who.int/data/gho/indicator-metadata-registry/imr-details/34,,,,PUBLISHED,Published,,2013.0,2013,,AFR,2013,2013,Africa,,NGA,Nigeria,,AGE1-4,1-4 years,,FMLE,Female,,,,,,,,5325382,5325382.00000,,,,,
5195,LIFE_0000000035,ex - expectation of life at age x,https://www.who.int/data/gho/indicator-metadata-registry/imr-details/35,,,,PUBLISHED,Published,,2013.0,2013,,AFR,2013,2013,Africa,,NGA,Nigeria,,AGE1-4,1-4 years,,FMLE,Female,,,,,,,,57.2,57.19052,,,,,
5196,LIFE_0000000029,nMx - age-specific death rate between ages x and x+n,https://www.who.int/data/gho/indicator-metadata-registry/imr-details/29,,,,PUBLISHED,Published,,2013.0,2013,,AFR,2013,2013,Africa,,NGA,Nigeria,,AGE5-9,5-9 years,,FMLE,Female,,,,,,,,0.004,0.00378,,,,,
5197,LIFE_0000000029,nMx - age-specific death rate between ages x and x+n,https://www.who.int/data/gho/indicator-metadata-registry/imr-details/29,,,,PUBLISHED,Published,,2013.0,2013,,AFR,2013,2013,Africa,,NGA,Nigeria,,AGE15-19,15-19  years,,FMLE,Female,,,,,,,,0.004,0.00421,,,,,
5198,LIFE_0000000030,nqx - probability of dying between ages x and x+n,https://www.who.int/data/gho/indicator-metadata-registry/imr-details/30,,,,PUBLISHED,Published,,2013.0,2013,,AFR,2013,2013,Africa,,NGA,Nigeria,,AGE15-19,15-19  years,,FMLE,Female,,,,,,,,0.021,0.02084,,,,,
5199,LIFE_0000000031,lx - number of people left alive at age x,https://www.who.int/data/gho/indicator-metadata-registry/imr-details/31,,,,PUBLISHED,Published,,2013.0,2013,,AFR,2013,2013,Africa,,NGA,Nigeria,,AGE15-19,15-19  years,,FMLE,Female,,,,,,,,86298.13,86298.13000,,,,,
5200,LIFE_0000000032,ndx - number of people dying between ages x and x+n,https://www.who.int/data/gho/indicator-metadata-registry/imr-details/32,,,,PUBLISHED,Published,,2013.0,2013,,AFR,2013,2013,Africa,,NGA,Nigeria,,AGE15-19,15-19  years,,FMLE,Female,,,,,,,,1798.606,1798.60600,,,,,
5201,LIFE_0000000032,ndx - number of people dying between ages x and x+n,https://www.who.int/data/gho/indicator-metadata-registry/imr-details/32,,,,PUBLISHED,Published,,2013.0,2013,,AFR,2013,2013,Africa,,NGA,Nigeria,,AGE25-29,25-29 years,,FMLE,Female,,,,,,,,2798.962,2798.96200,,,,,
5202,LIFE_0000000033,nLx - person-years lived between ages x and x+n,https://www.who.int/data/gho/indicator-metadata-registry/imr-details/33,,,,PUBLISHED,Published,,2013.0,2013,,AFR,2013,2013,Africa,,NGA,Nigeria,,AGE25-29,25-29 years,,FMLE,Female,,,,,,,,404108.7,404108.70000,,,,,
5203,LIFE_0000000034,Tx - person-years lived above age x,https://www.who.int/data/gho/indicator-metadata-registry/imr-details/34,,,,PUBLISHED,Published,,2013.0,2013,,AFR,2013,2013,Africa,,NGA,Nigeria,,AGE25-29,25-29 years,,FMLE,Female,,,,,,,,3246936,3246936.00000,,,,,
5204,LIFE_0000000035,ex - expectation of life at age x,https://www.who.int/data/gho/indicator-metadata-registry/imr-details/35,,,,PUBLISHED,Published,,2013.0,2013,,AFR,2013,2013,Africa,,NGA,Nigeria,,AGE25-29,25-29 years,,FMLE,Female,,,,,,,,39.5,39.49346,,,,,
5205,LIFE_0000000034,Tx - person-years lived above age x,https://www.who.int/data/gho/indicator-metadata-registry/imr-details/34,,,,PUBLISHED,Published,,2013.0,2013,,AFR,2013,2013,Africa,,NGA,Nigeria,,AGE35-39,35-39 years,,FMLE,Female,,,,,,,,2453732,2453732.00000,,,,,
5206,LIFE_0000000035,ex - expectation of life at age x,https://www.who.int/data/gho/indicator-metadata-registry/imr-details/35,,,,PUBLISHED,Published,,2013.0,2013,,AFR,2013,2013,Africa,,NGA,Nigeria,,AGE35-39,35-39 years,,FMLE,Female,,,,,,,,32.2,32.19586,,,,,
5207,LIFE_0000000029,nMx - age-specific death rate between ages x and x+n,https://www.who.int/data/gho/indicator-metadata-registry/imr-details/29,,,,PUBLISHED,Published,,2013.0,2013,,AFR,2013,2013,Africa,,NGA,Nigeria,,AGE40-44,40-44 years,,FMLE,Female,,,,,,,,0.01,0.01032,,,,,
5208,LIFE_0000000030,nqx - probability of dying between ages x and x+n,https://www.who.int/data/gho/indicator-metadata-registry/imr-details/30,,,,PUBLISHED,Published,,2013.0,2013,,AFR,2013,2013,Africa,,NGA,Nigeria,,AGE40-44,40-44 years,,FMLE,Female,,,,,,,,0.05,0.05031,,,,,
5209,LIFE_0000000030,nqx - probability of dying between ages x and x+n,https://www.who.int/data/gho/indicator-metadata-registry/imr-details/30,,,,PUBLISHED,Published,,2013.0,2013,,AFR,2013,2013,Africa,,NGA,Nigeria,,AGE50-54,50-54 years,,FMLE,Female,,,,,,,,0.063,0.06293,,,,,
5210,LIFE_0000000031,lx - number of people left alive at age x,https://www.who.int/data/gho/indicator-metadata-registry/imr-details/31,,,,PUBLISHED,Published,,2013.0,2013,,AFR,2013,2013,Africa,,NGA,Nigeria,,AGE50-54,50-54 years,,FMLE,Female,,,,,,,,65266,65266.00000,,,,,
5211,LIFE_0000000032,ndx - number of people dying between ages x and x+n,https://www.who.int/data/gho/indicator-metadata-registry/imr-details/32,,,,PUBLISHED,Published,,2013.0,2013,,AFR,2013,2013,Africa,,NGA,Nigeria,,AGE50-54,50-54 years,,FMLE,Female,,,,,,,,4107.42,4107.42000,,,,,
5212,LIFE_0000000033,nLx - person-years lived between ages x and x+n,https://www.who.int/data/gho/indicator-metadata-registry/imr-details/33,,,,PUBLISHED,Published,,2013.0,2013,,AFR,2013,2013,Africa,,NGA,Nigeria,,AGE50-54,50-54 years,,FMLE,Female,,,,,,,,316482.2,316482.20000,,,,,
5213,LIFE_0000000033,nLx - person-years lived between ages x and x+n,https://www.who.int/data/gho/indicator-metadata-registry/imr-details/33,,,,PUBLISHED,Published,,2013.0,2013,,AFR,2013,2013,Africa,,NGA,Nigeria,,AGE60-64,60-64 years,,FMLE,Female,,,,,,,,262194.9,262194.90000,,,,,
5214,LIFE_0000000034,Tx - person-years lived above age x,https://www.who.int/data/gho/indicator-metadata-registry/imr-details/34,,,,PUBLISHED,Published,,2013.0,2013,,AFR,2013,2013,Africa,,NGA,Nigeria,,AGE60-64,60-64 years,,FMLE,Female,,,,,,,,782952.5,782952.50000,,,,,
5215,LIFE_0000000035,ex - expectation of life at age x,https://www.who.int/data/gho/indicator-metadata-registry/imr-details/35,,,,PUBLISHED,Published,,2013.0,2013,,AFR,2013,2013,Africa,,NGA,Nigeria,,AGE60-64,60-64 years,,FMLE,Female,,,,,,,,13.9,13.93759,,,,,
5216,LIFE_0000000029,nMx - age-specific death rate between ages x and x+n,https://www.who.int/data/gho/indicator-metadata-registry/imr-details/29,,,,PUBLISHED,Published,,2013.0,2013,,AFR,2013,2013,Africa,,NGA,Nigeria,,AGE65-69,65-69 years,,FMLE,Female,,,,,,,,0.048,0.04815,,,,,
5217,LIFE_0000000035,ex - expectation of life at age x,https://www.who.int/data/gho/indicator-metadata-registry/imr-details/35,,,,PUBLISHED,Published,,2013.0,2013,,AFR,2013,2013,Africa,,NGA,Nigeria,,AGE70-74,70-74 years,,FMLE,Female,,,,,,,,8,8.04298,,,,,
5218,LIFE_0000000029,nMx - age-specific death rate between ages x and x+n,https://www.who.int/data/gho/indicator-metadata-registry/imr-details/29,,,,PUBLISHED,Published,,2013.0,2013,,AFR,2013,2013,Africa,,NGA,Nigeria,,AGE75-79,75-79 years,,FMLE,Female,,,,,,,,0.132,0.13190,,,,,
5219,LIFE_0000000030,nqx - probability of dying between ages x and x+n,https://www.who.int/data/gho/indicator-metadata-registry/imr-details/30,,,,PUBLISHED,Published,,2013.0,2013,,AFR,2013,2013,Africa,,NGA,Nigeria,,AGE75-79,75-79 years,,FMLE,Female,,,,,,,,0.492,0.49244,,,,,
5220,LIFE_0000000031,lx - number of people left alive at age x,https://www.who.int/data/gho/indicator-metadata-registry/imr-details/31,,,,PUBLISHED,Published,,2013.0,2013,,AFR,2013,2013,Africa,,NGA,Nigeria,,AGE75-79,75-79 years,,FMLE,Female,,,,,,,,25121.71,25121.71000,,,,,
5221,LIFE_0000000032,ndx - number of people dying between ages x and x+n,https://www.who.int/data/gho/indicator-metadata-registry/imr-details/32,,,,PUBLISHED,Published,,2013.0,2013,,AFR,2013,2013,Africa,,NGA,Nigeria,,AGE75-79,75-79 years,,FMLE,Female,,,,,,,,12370.83,12370.83000,,,,,
5222,LIFE_0000000031,lx - number of people left alive at age x,https://www.who.int/data/gho/indicator-metadata-registry/imr-details/31,,,,PUBLISHED,Published,,2013.0,2013,,AFR,2013,2013,Africa,,NGA,Nigeria,,AGE85PLUS,85+ years,,FMLE,Female,,,,,,,,4203.296,4203.29600,,,,,
5223,LIFE_0000000032,ndx - number of people dying between ages x and x+n,https://www.who.int/data/gho/indicator-metadata-registry/imr-details/32,,,,PUBLISHED,Published,,2013.0,2013,,AFR,2013,2013,Africa,,NGA,Nigeria,,AGE85PLUS,85+ years,,FMLE,Female,,,,,,,,4203.296,4203.29600,,,,,
5224,LIFE_0000000033,nLx - person-years lived between ages x and x+n,https://www.who.int/data/gho/indicator-metadata-registry/imr-details/33,,,,PUBLISHED,Published,,2013.0,2013,,AFR,2013,2013,Africa,,NGA,Nigeria,,AGE85PLUS,85+ years,,FMLE,Female,,,,,,,,12480.91,12480.91000,,,,,
5225,LIFE_0000000034,Tx - person-years lived above age x,https://www.who.int/data/gho/indicator-metadata-registry/imr-details/34,,,,PUBLISHED,Published,,2013.0,2013,,AFR,2013,2013,Africa,,NGA,Nigeria,,AGE85PLUS,85+ years,,FMLE,Female,,,,,,,,12480.91,12480.91000,,,,,
5226,LIFE_0000000034,Tx - person-years lived above age x,https://www.who.int/data/gho/indicator-metadata-registry/imr-details/34,,,,PUBLISHED,Published,,2014.0,2014,,AFR,2014,2014,Africa,,NGA,Nigeria,,AGE1-4,1-4 years,,MLE,Male,,,,,,,,5283339,5283339.00000,,,,,
5227,LIFE_0000000035,ex - expectation of life at age x,https://www.who.int/data/gho/indicator-metadata-registry/imr-details/35,,,,PUBLISHED,Published,,2014.0,2014,,AFR,2014,2014,Africa,,NGA,Nigeria,,AGE1-4,1-4 years,,MLE,Male,,,,,,,,57.2,57.16651,,,,,
5228,LIFE_0000000029,nMx - age-specific death rate between ages x and x+n,https://www.who.int/data/gho/indicator-metadata-registry/imr-details/29,,,,PUBLISHED,Published,,2014.0,2014,,AFR,2014,2014,Africa,,NGA,Nigeria,,AGE5-9,5-9 years,,MLE,Male,,,,,,,,0.003,0.00281,,,,,
5229,LIFE_0000000030,nqx - probability of dying between ages x and x+n,https://www.who.int/data/gho/indicator-metadata-registry/imr-details/30,,,,PUBLISHED,Published,,2014.0,2014,,AFR,2014,2014,Africa,,NGA,Nigeria,,AGE5-9,5-9 years,,MLE,Male,,,,,,,,0.014,0.01396,,,,,
5230,LIFE_0000000030,nqx - probability of dying between ages x and x+n,https://www.who.int/data/gho/indicator-metadata-registry/imr-details/30,,,,PUBLISHED,Published,,2014.0,2014,,AFR,2014,2014,Africa,,NGA,Nigeria,,AGE15-19,15-19  years,,MLE,Male,,,,,,,,0.017,0.01688,,,,,
5231,LIFE_0000000031,lx - number of people left alive at age x,https://www.who.int/data/gho/indicator-metadata-registry/imr-details/31,,,,PUBLISHED,Published,,2014.0,2014,,AFR,2014,2014,Africa,,NGA,Nigeria,,AGE15-19,15-19  years,,MLE,Male,,,,,,,,86607.02,86607.02000,,,,,
5232,LIFE_0000000032,ndx - number of people dying between ages x and x+n,https://www.who.int/data/gho/indicator-metadata-registry/imr-details/32,,,,PUBLISHED,Published,,2014.0,2014,,AFR,2014,2014,Africa,,NGA,Nigeria,,AGE15-19,15-19  years,,MLE,Male,,,,,,,,1461.569,1461.56900,,,,,
5233,LIFE_0000000033,nLx - person-years lived between ages x and x+n,https://www.who.int/data/gho/indicator-metadata-registry/imr-details/33,,,,PUBLISHED,Published,,2014.0,2014,,AFR,2014,2014,Africa,,NGA,Nigeria,,AGE15-19,15-19  years,,MLE,Male,,,,,,,,429536,429536.00000,,,,,
5234,LIFE_0000000032,ndx - number of people dying between ages x and x+n,https://www.who.int/data/gho/indicator-metadata-registry/imr-details/32,,,,PUBLISHED,Published,,2014.0,2014,,AFR,2014,2014,Africa,,NGA,Nigeria,,AGE25-29,25-29 years,,MLE,Male,,,,,,,,2430.897,2430.89700,,,,,
5235,LIFE_0000000033,nLx - person-years lived between ages x and x+n,https://www.who.int/data/gho/indicator-metadata-registry/imr-details/33,,,,PUBLISHED,Published,,2014.0,2014,,AFR,2014,2014,Africa,,NGA,Nigeria,,AGE25-29,25-29 years,,MLE,Male,,,,,,,,408835.3,408835.30000,,,,,
5236,LIFE_0000000034,Tx - person-years lived above age x,https://www.who.int/data/gho/indicator-metadata-registry/imr-details/34,,,,PUBLISHED,Published,,2014.0,2014,,AFR,2014,2014,Africa,,NGA,Nigeria,,AGE25-29,25-29 years,,MLE,Male,,,,,,,,3200064,3200064.00000,,,,,
5237,LIFE_0000000035,ex - expectation of life at age x,https://www.who.int/data/gho/indicator-metadata-registry/imr-details/35,,,,PUBLISHED,Published,,2014.0,2014,,AFR,2014,2014,Africa,,NGA,Nigeria,,AGE25-29,25-29 years,,MLE,Male,,,,,,,,38.6,38.56645,,,,,
5238,LIFE_0000000035,ex - expectation of life at age x,https://www.who.int/data/gho/indicator-metadata-registry/imr-details/35,,,,PUBLISHED,Published,,2014.0,2014,,AFR,2014,2014,Africa,,NGA,Nigeria,,AGE35-39,35-39 years,,MLE,Male,,,,,,,,30.9,30.89461,,,,,
5239,LIFE_0000000029,nMx - age-specific death rate between ages x and x+n,https://www.who.int/data/gho/indicator-metadata-registry/imr-details/29,,,,PUBLISHED,Published,,2014.0,2014,,AFR,2014,2014,Africa,,NGA,Nigeria,,AGE40-44,40-44 years,,MLE,Male,,,,,,,,0.012,0.01173,,,,,
5240,LIFE_0000000030,nqx - probability of dying between ages x and x+n,https://www.who.int/data/gho/indicator-metadata-registry/imr-details/30,,,,PUBLISHED,Published,,2014.0,2014,,AFR,2014,2014,Africa,,NGA,Nigeria,,AGE40-44,40-44 years,,MLE,Male,,,,,,,,0.057,0.05701,,,,,
5241,LIFE_0000000031,lx - number of people left alive at age x,https://www.who.int/data/gho/indicator-metadata-registry/imr-details/31,,,,PUBLISHED,Published,,2014.0,2014,,AFR,2014,2014,Africa,,NGA,Nigeria,,AGE40-44,40-44 years,,MLE,Male,,,,,,,,73821.41,73821.41000,,,,,
5242,LIFE_0000000031,lx - number of people left alive at age x,https://www.who.int/data/gho/indicator-metadata-registry/imr-details/31,,,,PUBLISHED,Published,,2014.0,2014,,AFR,2014,2014,Africa,,NGA,Nigeria,,AGE50-54,50-54 years,,MLE,Male,,,,,,,,65061.49,65061.49000,,,,,
5243,LIFE_0000000032,ndx - number of people dying between ages x and x+n,https://www.who.int/data/gho/indicator-metadata-registry/imr-details/32,,,,PUBLISHED,Published,,2014.0,2014,,AFR,2014,2014,Africa,,NGA,Nigeria,,AGE50-54,50-54 years,,MLE,Male,,,,,,,,5294.479,5294.47900,,,,,
5244,LIFE_0000000033,nLx - person-years lived between ages x and x+n,https://www.who.int/data/gho/indicator-metadata-registry/imr-details/33,,,,PUBLISHED,Published,,2014.0,2014,,AFR,2014,2014,Africa,,NGA,Nigeria,,AGE50-54,50-54 years,,MLE,Male,,,,,,,,312560.9,312560.90000,,,,,
5245,LIFE_0000000034,Tx - person-years lived above age x,https://www.who.int/data/gho/indicator-metadata-registry/imr-details/34,,,,PUBLISHED,Published,,2014.0,2014,,AFR,2014,2014,Africa,,NGA,Nigeria,,AGE50-54,50-54 years,,MLE,Male,,,,,,,,1321451,1321451.00000,,,,,
5246,LIFE_0000000033,nLx - person-years lived between ages x and x+n,https://www.who.int/data/gho/indicator-metadata-registry/imr-details/33,,,,PUBLISHED,Published,,2014.0,2014,,AFR,2014,2014,Africa,,NGA,Nigeria,,AGE60-64,60-64 years,,MLE,Male,,,,,,,,247676.5,247676.50000,,,,,
5247,LIFE_0000000034,Tx - person-years lived above age x,https://www.who.int/data/gho/indicator-metadata-registry/imr-details/34,,,,PUBLISHED,Published,,2014.0,2014,,AFR,2014,2014,Africa,,NGA,Nigeria,,AGE60-64,60-64 years,,MLE,Male,,,,,,,,724930.8,724930.80000,,,,,
5248,LIFE_0000000035,ex - expectation of life at age x,https://www.who.int/data/gho/indicator-metadata-registry/imr-details/35,,,,PUBLISHED,Published,,2014.0,2014,,AFR,2014,2014,Africa,,NGA,Nigeria,,AGE60-64,60-64 years,,MLE,Male,,,,,,,,13.5,13.53663,,,,,
5249,LIFE_0000000029,nMx - age-specific death rate between ages x and x+n,https://www.who.int/data/gho/indicator-metadata-registry/imr-details/29,,,,PUBLISHED,Published,,2014.0,2014,,AFR,2014,2014,Africa,,NGA,Nigeria,,AGE65-69,65-69 years,,MLE,Male,,,,,,,,0.051,0.05121,,,,,
5250,LIFE_0000000030,nqx - probability of dying between ages x and x+n,https://www.who.int/data/gho/indicator-metadata-registry/imr-details/30,,,,PUBLISHED,Published,,2014.0,2014,,AFR,2014,2014,Africa,,NGA,Nigeria,,AGE65-69,65-69 years,,MLE,Male,,,,,,,,0.228,0.22783,,,,,
5251,LIFE_0000000029,nMx - age-specific death rate between ages x and x+n,https://www.who.int/data/gho/indicator-metadata-registry/imr-details/29,,,,PUBLISHED,Published,,2014.0,2014,,AFR,2014,2014,Africa,,NGA,Nigeria,,AGE75-79,75-79 years,,MLE,Male,,,,,,,,0.135,0.13488,,,,,
5252,LIFE_0000000030,nqx - probability of dying between ages x and x+n,https://www.who.int/data/gho/indicator-metadata-registry/imr-details/30,,,,PUBLISHED,Published,,2014.0,2014,,AFR,2014,2014,Africa,,NGA,Nigeria,,AGE75-79,75-79 years,,MLE,Male,,,,,,,,0.5,0.50019,,,,,
5253,LIFE_0000000031,lx - number of people left alive at age x,https://www.who.int/data/gho/indicator-metadata-registry/imr-details/31,,,,PUBLISHED,Published,,2014.0,2014,,AFR,2014,2014,Africa,,NGA,Nigeria,,AGE75-79,75-79 years,,MLE,Male,,,,,,,,22885.68,22885.68000,,,,,
5254,LIFE_0000000032,ndx - number of people dying between ages x and x+n,https://www.who.int/data/gho/indicator-metadata-registry/imr-details/32,,,,PUBLISHED,Published,,2014.0,2014,,AFR,2014,2014,Africa,,NGA,Nigeria,,AGE75-79,75-79 years,,MLE,Male,,,,,,,,11447.07,11447.07000,,,,,
5255,LIFE_0000000032,ndx - number of people dying between ages x and x+n,https://www.who.int/data/gho/indicator-metadata-registry/imr-details/32,,,,PUBLISHED,Published,,2014.0,2014,,AFR,2014,2014,Africa,,NGA,Nigeria,,AGE85PLUS,85+ years,,MLE,Male,,,,,,,,3727.07,3727.07000,,,,,
5256,LIFE_0000000033,nLx - person-years lived between ages x and x+n,https://www.who.int/data/gho/indicator-metadata-registry/imr-details/33,,,,PUBLISHED,Published,,2014.0,2014,,AFR,2014,2014,Africa,,NGA,Nigeria,,AGE85PLUS,85+ years,,MLE,Male,,,,,,,,10739.92,10739.92000,,,,,
5257,LIFE_0000000034,Tx - person-years lived above age x,https://www.who.int/data/gho/indicator-metadata-registry/imr-details/34,,,,PUBLISHED,Published,,2014.0,2014,,AFR,2014,2014,Africa,,NGA,Nigeria,,AGE85PLUS,85+ years,,MLE,Male,,,,,,,,10739.92,10739.92000,,,,,
5258,LIFE_0000000035,ex - expectation of life at age x,https://www.who.int/data/gho/indicator-metadata-registry/imr-details/35,,,,PUBLISHED,Published,,2014.0,2014,,AFR,2014,2014,Africa,,NGA,Nigeria,,AGE85PLUS,85+ years,,MLE,Male,,,,,,,,2.9,2.88160,,,,,
5259,LIFE_0000000035,ex - expectation of life at age x,https://www.who.int/data/gho/indicator-metadata-registry/imr-details/35,,,,PUBLISHED,Published,,2014.0,2014,,AFR,2014,2014,Africa,,NGA,Nigeria,,AGE1-4,1-4 years,,FMLE,Female,,,,,,,,57.7,57.72882,,,,,
5260,LIFE_0000000029,nMx - age-specific death rate between ages x and x+n,https://www.who.int/data/gho/indicator-metadata-registry/imr-details/29,,,,PUBLISHED,Published,,2014.0,2014,,AFR,2014,2014,Africa,,NGA,Nigeria,,AGE5-9,5-9 years,,FMLE,Female,,,,,,,,0.004,0.00364,,,,,
5261,LIFE_0000000030,nqx - probability of dying between ages x and x+n,https://www.who.int/data/gho/indicator-metadata-registry/imr-details/30,,,,PUBLISHED,Published,,2014.0,2014,,AFR,2014,2014,Africa,,NGA,Nigeria,,AGE5-9,5-9 years,,FMLE,Female,,,,,,,,0.018,0.01801,,,,,
5262,LIFE_0000000031,lx - number of people left alive at age x,https://www.who.int/data/gho/indicator-metadata-registry/imr-details/31,,,,PUBLISHED,Published,,2014.0,2014,,AFR,2014,2014,Africa,,NGA,Nigeria,,AGE5-9,5-9 years,,FMLE,Female,,,,,,,,89171.43,89171.43000,,,,,
5263,LIFE_0000000030,nqx - probability of dying between ages x and x+n,https://www.who.int/data/gho/indicator-metadata-registry/imr-details/30,,,,PUBLISHED,Published,,2014.0,2014,,AFR,2014,2014,Africa,,NGA,Nigeria,,AGE15-19,15-19  years,,FMLE,Female,,,,,,,,0.021,0.02078,,,,,
5264,LIFE_0000000031,lx - number of people left alive at age x,https://www.who.int/data/gho/indicator-metadata-registry/imr-details/31,,,,PUBLISHED,Published,,2014.0,2014,,AFR,2014,2014,Africa,,NGA,Nigeria,,AGE15-19,15-19  years,,FMLE,Female,,,,,,,,86777.39,86777.39000,,,,,
5265,LIFE_0000000032,ndx - number of people dying between ages x and x+n,https://www.who.int/data/gho/indicator-metadata-registry/imr-details/32,,,,PUBLISHED,Published,,2014.0,2014,,AFR,2014,2014,Africa,,NGA,Nigeria,,AGE15-19,15-19  years,,FMLE,Female,,,,,,,,1803.389,1803.38900,,,,,
5266,LIFE_0000000033,nLx - person-years lived between ages x and x+n,https://www.who.int/data/gho/indicator-metadata-registry/imr-details/33,,,,PUBLISHED,Published,,2014.0,2014,,AFR,2014,2014,Africa,,NGA,Nigeria,,AGE15-19,15-19  years,,FMLE,Female,,,,,,,,429612.3,429612.30000,,,,,
5267,LIFE_0000000033,nLx - person-years lived between ages x and x+n,https://www.who.int/data/gho/indicator-metadata-registry/imr-details/33,,,,PUBLISHED,Published,,2014.0,2014,,AFR,2014,2014,Africa,,NGA,Nigeria,,AGE25-29,25-29 years,,FMLE,Female,,,,,,,,406738.8,406738.80000,,,,,
5268,LIFE_0000000034,Tx - person-years lived above age x,https://www.who.int/data/gho/indicator-metadata-registry/imr-details/34,,,,PUBLISHED,Published,,2014.0,2014,,AFR,2014,2014,Africa,,NGA,Nigeria,,AGE25-29,25-29 years,,FMLE,Female,,,,,,,,3300510,3300510.00000,,,,,
5269,LIFE_0000000035,ex - expectation of life at age x,https://www.who.int/data/gho/indicator-metadata-registry/imr-details/35,,,,PUBLISHED,Published,,2014.0,2014,,AFR,2014,2014,Africa,,NGA,Nigeria,,AGE25-29,25-29 years,,FMLE,Female,,,,,,,,39.9,39.91356,,,,,
5270,LIFE_0000000029,nMx - age-specific death rate between ages x and x+n,https://www.who.int/data/gho/indicator-metadata-registry/imr-details/29,,,,PUBLISHED,Published,,2014.0,2014,,AFR,2014,2014,Africa,,NGA,Nigeria,,AGE30-34,30-34 years,,FMLE,Female,,,,,,,,0.008,0.00767,,,,,
5271,LIFE_0000000029,nMx - age-specific death rate between ages x and x+n,https://www.who.int/data/gho/indicator-metadata-registry/imr-details/29,,,,PUBLISHED,Published,,2014.0,2014,,AFR,2014,2014,Africa,,NGA,Nigeria,,AGE40-44,40-44 years,,FMLE,Female,,,,,,,,0.01,0.00986,,,,,
5272,LIFE_0000000030,nqx - probability of dying between ages x and x+n,https://www.who.int/data/gho/indicator-metadata-registry/imr-details/30,,,,PUBLISHED,Published,,2014.0,2014,,AFR,2014,2014,Africa,,NGA,Nigeria,,AGE40-44,40-44 years,,FMLE,Female,,,,,,,,0.048,0.04811,,,,,
5273,LIFE_0000000031,lx - number of people left alive at age x,https://www.who.int/data/gho/indicator-metadata-registry/imr-details/31,,,,PUBLISHED,Published,,2014.0,2014,,AFR,2014,2014,Africa,,NGA,Nigeria,,AGE40-44,40-44 years,,FMLE,Female,,,,,,,,73440.86,73440.86000,,,,,
5274,LIFE_0000000032,ndx - number of people dying between ages x and x+n,https://www.who.int/data/gho/indicator-metadata-registry/imr-details/32,,,,PUBLISHED,Published,,2014.0,2014,,AFR,2014,2014,Africa,,NGA,Nigeria,,AGE40-44,40-44 years,,FMLE,Female,,,,,,,,3533.193,3533.19300,,,,,
5275,LIFE_0000000031,lx - number of people left alive at age x,https://www.who.int/data/gho/indicator-metadata-registry/imr-details/31,,,,PUBLISHED,Published,,2014.0,2014,,AFR,2014,2014,Africa,,NGA,Nigeria,,AGE50-54,50-54 years,,FMLE,Female,,,,,,,,66421.36,66421.36000,,,,,
5276,LIFE_0000000032,ndx - number of people dying between ages x and x+n,https://www.who.int/data/gho/indicator-metadata-registry/imr-details/32,,,,PUBLISHED,Published,,2014.0,2014,,AFR,2014,2014,Africa,,NGA,Nigeria,,AGE50-54,50-54 years,,FMLE,Female,,,,,,,,4090.73,4090.73000,,,,,
5277,LIFE_0000000033,nLx - person-years lived between ages x and x+n,https://www.who.int/data/gho/indicator-metadata-registry/imr-details/33,,,,PUBLISHED,Published,,2014.0,2014,,AFR,2014,2014,Africa,,NGA,Nigeria,,AGE50-54,50-54 years,,FMLE,Female,,,,,,,,322301.6,322301.60000,,,,,
5278,LIFE_0000000034,Tx - person-years lived above age x,https://www.who.int/data/gho/indicator-metadata-registry/imr-details/34,,,,PUBLISHED,Published,,2014.0,2014,,AFR,2014,2014,Africa,,NGA,Nigeria,,AGE50-54,50-54 years,,FMLE,Female,,,,,,,,1425772,1425772.00000,,,,,
5279,LIFE_0000000035,ex - expectation of life at age x,https://www.who.int/data/gho/indicator-metadata-registry/imr-details/35,,,,PUBLISHED,Published,,2014.0,2014,,AFR,2014,2014,Africa,,NGA,Nigeria,,AGE50-54,50-54 years,,FMLE,Female,,,,,,,,21.5,21.46556,,,,,
5280,LIFE_0000000034,Tx - person-years lived above age x,https://www.who.int/data/gho/indicator-metadata-registry/imr-details/34,,,,PUBLISHED,Published,,2014.0,2014,,AFR,2014,2014,Africa,,NGA,Nigeria,,AGE60-64,60-64 years,,FMLE,Female,,,,,,,,803667.3,803667.30000,,,,,
5281,LIFE_0000000035,ex - expectation of life at age x,https://www.who.int/data/gho/indicator-metadata-registry/imr-details/35,,,,PUBLISHED,Published,,2014.0,2014,,AFR,2014,2014,Africa,,NGA,Nigeria,,AGE60-64,60-64 years,,FMLE,Female,,,,,,,,14,14.02139,,,,,
5282,LIFE_0000000029,nMx - age-specific death rate between ages x and x+n,https://www.who.int/data/gho/indicator-metadata-registry/imr-details/29,,,,PUBLISHED,Published,,2014.0,2014,,AFR,2014,2014,Africa,,NGA,Nigeria,,AGE65-69,65-69 years,,FMLE,Female,,,,,,,,0.047,0.04750,,,,,
5283,LIFE_0000000030,nqx - probability of dying between ages x and x+n,https://www.who.int/data/gho/indicator-metadata-registry/imr-details/30,,,,PUBLISHED,Published,,2014.0,2014,,AFR,2014,2014,Africa,,NGA,Nigeria,,AGE65-69,65-69 years,,FMLE,Female,,,,,,,,0.213,0.21325,,,,,
5284,LIFE_0000000030,nqx - probability of dying between ages x and x+n,https://www.who.int/data/gho/indicator-metadata-registry/imr-details/30,,,,PUBLISHED,Published,,2014.0,2014,,AFR,2014,2014,Africa,,NGA,Nigeria,,AGE75-79,75-79 years,,FMLE,Female,,,,,,,,0.489,0.48943,,,,,
5285,LIFE_0000000031,lx - number of people left alive at age x,https://www.who.int/data/gho/indicator-metadata-registry/imr-details/31,,,,PUBLISHED,Published,,2014.0,2014,,AFR,2014,2014,Africa,,NGA,Nigeria,,AGE75-79,75-79 years,,FMLE,Female,,,,,,,,25899,25899.00000,,,,,
5286,LIFE_0000000032,ndx - number of people dying between ages x and x+n,https://www.who.int/data/gho/indicator-metadata-registry/imr-details/32,,,,PUBLISHED,Published,,2014.0,2014,,AFR,2014,2014,Africa,,NGA,Nigeria,,AGE75-79,75-79 years,,FMLE,Female,,,,,,,,12675.62,12675.62000,,,,,
5287,LIFE_0000000033,nLx - person-years lived between ages x and x+n,https://www.who.int/data/gho/indicator-metadata-registry/imr-details/33,,,,PUBLISHED,Published,,2014.0,2014,,AFR,2014,2014,Africa,,NGA,Nigeria,,AGE75-79,75-79 years,,FMLE,Female,,,,,,,,96935.2,96935.20000,,,,,
5288,LIFE_0000000033,nLx - person-years lived between ages x and x+n,https://www.who.int/data/gho/indicator-metadata-registry/imr-details/33,,,,PUBLISHED,Published,,2014.0,2014,,AFR,2014,2014,Africa,,NGA,Nigeria,,AGE85PLUS,85+ years,,FMLE,Female,,,,,,,,13076.34,13076.34000,,,,,
5289,LIFE_0000000034,Tx - person-years lived above age x,https://www.who.int/data/gho/indicator-metadata-registry/imr-details/34,,,,PUBLISHED,Published,,2014.0,2014,,AFR,2014,2014,Africa,,NGA,Nigeria,,AGE85PLUS,85+ years,,FMLE,Female,,,,,,,,13076.34,13076.34000,,,,,
5290,LIFE_0000000035,ex - expectation of life at age x,https://www.who.int/data/gho/indicator-metadata-registry/imr-details/35,,,,PUBLISHED,Published,,2014.0,2014,,AFR,2014,2014,Africa,,NGA,Nigeria,,AGE85PLUS,85+ years,,FMLE,Female,,,,,,,,3,2.97887,,,,,
5291,LIFE_0000000029,nMx - age-specific death rate between ages x and x+n,https://www.who.int/data/gho/indicator-metadata-registry/imr-details/29,,,,PUBLISHED,Published,,2015.0,2015,,AFR,2015,2015,Africa,,NGA,Nigeria,,AGELT1,<1 year,,MLE,Male,,,,,,,,0.078,0.07769,,,,,
5292,LIFE_0000000035,ex - expectation of life at age x,https://www.who.int/data/gho/indicator-metadata-registry/imr-details/35,,,,PUBLISHED,Published,,2015.0,2015,,AFR,2015,2015,Africa,,NGA,Nigeria,,AGE1-4,1-4 years,,MLE,Male,,,,,,,,57.5,57.54240,,,,,
5293,LIFE_0000000029,nMx - age-specific death rate between ages x and x+n,https://www.who.int/data/gho/indicator-metadata-registry/imr-details/29,,,,PUBLISHED,Published,,2015.0,2015,,AFR,2015,2015,Africa,,NGA,Nigeria,,AGE5-9,5-9 years,,MLE,Male,,,,,,,,0.003,0.00271,,,,,
5294,LIFE_0000000030,nqx - probability of dying between ages x and x+n,https://www.who.int/data/gho/indicator-metadata-registry/imr-details/30,,,,PUBLISHED,Published,,2015.0,2015,,AFR,2015,2015,Africa,,NGA,Nigeria,,AGE5-9,5-9 years,,MLE,Male,,,,,,,,0.013,0.01346,,,,,
5295,LIFE_0000000031,lx - number of people left alive at age x,https://www.who.int/data/gho/indicator-metadata-registry/imr-details/31,,,,PUBLISHED,Published,,2015.0,2015,,AFR,2015,2015,Africa,,NGA,Nigeria,,AGE5-9,5-9 years,,MLE,Male,,,,,,,,88859.92,88859.92000,,,,,
5296,LIFE_0000000031,lx - number of people left alive at age x,https://www.who.int/data/gho/indicator-metadata-registry/imr-details/31,,,,PUBLISHED,Published,,2015.0,2015,,AFR,2015,2015,Africa,,NGA,Nigeria,,AGE15-19,15-19  years,,MLE,Male,,,,,,,,87055.55,87055.55000,,,,,
5297,LIFE_0000000032,ndx - number of people dying between ages x and x+n,https://www.who.int/data/gho/indicator-metadata-registry/imr-details/32,,,,PUBLISHED,Published,,2015.0,2015,,AFR,2015,2015,Africa,,NGA,Nigeria,,AGE15-19,15-19  years,,MLE,Male,,,,,,,,1455.734,1455.73400,,,,,
5298,LIFE_0000000033,nLx - person-years lived between ages x and x+n,https://www.who.int/data/gho/indicator-metadata-registry/imr-details/33,,,,PUBLISHED,Published,,2015.0,2015,,AFR,2015,2015,Africa,,NGA,Nigeria,,AGE15-19,15-19  years,,MLE,Male,,,,,,,,431796.1,431796.10000,,,,,
5299,LIFE_0000000034,Tx - person-years lived above age x,https://www.who.int/data/gho/indicator-metadata-registry/imr-details/34,,,,PUBLISHED,Published,,2015.0,2015,,AFR,2015,2015,Africa,,NGA,Nigeria,,AGE15-19,15-19  years,,MLE,Male,,,,,,,,4092730,4092730.00000,,,,,
5300,LIFE_0000000034,Tx - person-years lived above age x,https://www.who.int/data/gho/indicator-metadata-registry/imr-details/34,,,,PUBLISHED,Published,,2015.0,2015,,AFR,2015,2015,Africa,,NGA,Nigeria,,AGE25-29,25-29 years,,MLE,Male,,,,,,,,3238266,3238266.00000,,,,,
5301,LIFE_0000000035,ex - expectation of life at age x,https://www.who.int/data/gho/indicator-metadata-registry/imr-details/35,,,,PUBLISHED,Published,,2015.0,2015,,AFR,2015,2015,Africa,,NGA,Nigeria,,AGE25-29,25-29 years,,MLE,Male,,,,,,,,38.8,38.80916,,,,,
5302,LIFE_0000000029,nMx - age-specific death rate between ages x and x+n,https://www.who.int/data/gho/indicator-metadata-registry/imr-details/29,,,,PUBLISHED,Published,,2015.0,2015,,AFR,2015,2015,Africa,,NGA,Nigeria,,AGE30-34,30-34 years,,MLE,Male,,,,,,,,0.007,0.00732,,,,,
5303,LIFE_0000000030,nqx - probability of dying between ages x and x+n,https://www.who.int/data/gho/indicator-metadata-registry/imr-details/30,,,,PUBLISHED,Published,,2015.0,2015,,AFR,2015,2015,Africa,,NGA,Nigeria,,AGE30-34,30-34 years,,MLE,Male,,,,,,,,0.036,0.03596,,,,,
5304,LIFE_0000000029,nMx - age-specific death rate between ages x and x+n,https://www.who.int/data/gho/indicator-metadata-registry/imr-details/29,,,,PUBLISHED,Published,,2015.0,2015,,AFR,2015,2015,Africa,,NGA,Nigeria,,AGE40-44,40-44 years,,MLE,Male,,,,,,,,0.012,0.01150,,,,,
5305,LIFE_0000000030,nqx - probability of dying between ages x and x+n,https://www.who.int/data/gho/indicator-metadata-registry/imr-details/30,,,,PUBLISHED,Published,,2015.0,2015,,AFR,2015,2015,Africa,,NGA,Nigeria,,AGE40-44,40-44 years,,MLE,Male,,,,,,,,0.056,0.05594,,,,,
5306,LIFE_0000000031,lx - number of people left alive at age x,https://www.who.int/data/gho/indicator-metadata-registry/imr-details/31,,,,PUBLISHED,Published,,2015.0,2015,,AFR,2015,2015,Africa,,NGA,Nigeria,,AGE40-44,40-44 years,,MLE,Male,,,,,,,,74501.51,74501.51000,,,,,
5307,LIFE_0000000032,ndx - number of people dying between ages x and x+n,https://www.who.int/data/gho/indicator-metadata-registry/imr-details/32,,,,PUBLISHED,Published,,2015.0,2015,,AFR,2015,2015,Africa,,NGA,Nigeria,,AGE40-44,40-44 years,,MLE,Male,,,,,,,,4167.51,4167.51000,,,,,
5308,LIFE_0000000033,nLx - person-years lived between ages x and x+n,https://www.who.int/data/gho/indicator-metadata-registry/imr-details/33,,,,PUBLISHED,Published,,2015.0,2015,,AFR,2015,2015,Africa,,NGA,Nigeria,,AGE40-44,40-44 years,,MLE,Male,,,,,,,,362344.1,362344.10000,,,,,
5309,LIFE_0000000032,ndx - number of people dying between ages x and x+n,https://www.who.int/data/gho/indicator-metadata-registry/imr-details/32,,,,PUBLISHED,Published,,2015.0,2015,,AFR,2015,2015,Africa,,NGA,Nigeria,,AGE50-54,50-54 years,,MLE,Male,,,,,,,,5273.16,5273.16000,,,,,
5310,LIFE_0000000033,nLx - person-years lived between ages x and x+n,https://www.who.int/data/gho/indicator-metadata-registry/imr-details/33,,,,PUBLISHED,Published,,2015.0,2015,,AFR,2015,2015,Africa,,NGA,Nigeria,,AGE50-54,50-54 years,,MLE,Male,,,,,,,,316544.7,316544.70000,,,,,
5311,LIFE_0000000034,Tx - person-years lived above age x,https://www.who.int/data/gho/indicator-metadata-registry/imr-details/34,,,,PUBLISHED,Published,,2015.0,2015,,AFR,2015,2015,Africa,,NGA,Nigeria,,AGE50-54,50-54 years,,MLE,Male,,,,,,,,1344033,1344033.00000,,,,,
5312,LIFE_0000000035,ex - expectation of life at age x,https://www.who.int/data/gho/indicator-metadata-registry/imr-details/35,,,,PUBLISHED,Published,,2015.0,2015,,AFR,2015,2015,Africa,,NGA,Nigeria,,AGE50-54,50-54 years,,MLE,Male,,,,,,,,20.4,20.41128,,,,,
5313,LIFE_0000000035,ex - expectation of life at age x,https://www.who.int/data/gho/indicator-metadata-registry/imr-details/35,,,,PUBLISHED,Published,,2015.0,2015,,AFR,2015,2015,Africa,,NGA,Nigeria,,AGE60-64,60-64 years,,MLE,Male,,,,,,,,13.6,13.60851,,,,,
5314,LIFE_0000000029,nMx - age-specific death rate between ages x and x+n,https://www.who.int/data/gho/indicator-metadata-registry/imr-details/29,,,,PUBLISHED,Published,,2015.0,2015,,AFR,2015,2015,Africa,,NGA,Nigeria,,AGE65-69,65-69 years,,MLE,Male,,,,,,,,0.051,0.05062,,,,,
5315,LIFE_0000000030,nqx - probability of dying between ages x and x+n,https://www.who.int/data/gho/indicator-metadata-registry/imr-details/30,,,,PUBLISHED,Published,,2015.0,2015,,AFR,2015,2015,Africa,,NGA,Nigeria,,AGE65-69,65-69 years,,MLE,Male,,,,,,,,0.225,0.22549,,,,,
5316,LIFE_0000000031,lx - number of people left alive at age x,https://www.who.int/data/gho/indicator-metadata-registry/imr-details/31,,,,PUBLISHED,Published,,2015.0,2015,,AFR,2015,2015,Africa,,NGA,Nigeria,,AGE65-69,65-69 years,,MLE,Male,,,,,,,,45956.02,45956.02000,,,,,
5317,LIFE_0000000031,lx - number of people left alive at age x,https://www.who.int/data/gho/indicator-metadata-registry/imr-details/31,,,,PUBLISHED,Published,,2015.0,2015,,AFR,2015,2015,Africa,,NGA,Nigeria,,AGE75-79,75-79 years,,MLE,Male,,,,,,,,23441.13,23441.13000,,,,,
5318,LIFE_0000000032,ndx - number of people dying between ages x and x+n,https://www.who.int/data/gho/indicator-metadata-registry/imr-details/32,,,,PUBLISHED,Published,,2015.0,2015,,AFR,2015,2015,Africa,,NGA,Nigeria,,AGE75-79,75-79 years,,MLE,Male,,,,,,,,11671.37,11671.37000,,,,,
5319,LIFE_0000000033,nLx - person-years lived between ages x and x+n,https://www.who.int/data/gho/indicator-metadata-registry/imr-details/33,,,,PUBLISHED,Published,,2015.0,2015,,AFR,2015,2015,Africa,,NGA,Nigeria,,AGE75-79,75-79 years,,MLE,Male,,,,,,,,87098.09,87098.09000,,,,,
5320,LIFE_0000000034,Tx - person-years lived above age x,https://www.who.int/data/gho/indicator-metadata-registry/imr-details/34,,,,PUBLISHED,Published,,2015.0,2015,,AFR,2015,2015,Africa,,NGA,Nigeria,,AGE75-79,75-79 years,,MLE,Male,,,,,,,,135225.5,135225.50000,,,,,
5321,LIFE_0000000033,nLx - person-years lived between ages x and x+n,https://www.who.int/data/gho/indicator-metadata-registry/imr-details/33,,,,PUBLISHED,Published,,2015.0,2015,,AFR,2015,2015,Africa,,NGA,Nigeria,,AGE85PLUS,85+ years,,MLE,Male,,,,,,,,11126.18,11126.18000,,,,,
5322,LIFE_0000000034,Tx - person-years lived above age x,https://www.who.int/data/gho/indicator-metadata-registry/imr-details/34,,,,PUBLISHED,Published,,2015.0,2015,,AFR,2015,2015,Africa,,NGA,Nigeria,,AGE85PLUS,85+ years,,MLE,Male,,,,,,,,11126.18,11126.18000,,,,,
5323,LIFE_0000000035,ex - expectation of life at age x,https://www.who.int/data/gho/indicator-metadata-registry/imr-details/35,,,,PUBLISHED,Published,,2015.0,2015,,AFR,2015,2015,Africa,,NGA,Nigeria,,AGE85PLUS,85+ years,,MLE,Male,,,,,,,,2.9,2.88769,,,,,
5324,LIFE_0000000029,nMx - age-specific death rate between ages x and x+n,https://www.who.int/data/gho/indicator-metadata-registry/imr-details/29,,,,PUBLISHED,Published,,2015.0,2015,,AFR,2015,2015,Africa,,NGA,Nigeria,,AGELT1,<1 year,,FMLE,Female,,,,,,,,0.068,0.06762,,,,,
5325,LIFE_0000000029,nMx - age-specific death rate between ages x and x+n,https://www.who.int/data/gho/indicator-metadata-registry/imr-details/29,,,,PUBLISHED,Published,,2015.0,2015,,AFR,2015,2015,Africa,,NGA,Nigeria,,AGE5-9,5-9 years,,FMLE,Female,,,,,,,,0.004,0.00350,,,,,
5326,LIFE_0000000030,nqx - probability of dying between ages x and x+n,https://www.who.int/data/gho/indicator-metadata-registry/imr-details/30,,,,PUBLISHED,Published,,2015.0,2015,,AFR,2015,2015,Africa,,NGA,Nigeria,,AGE5-9,5-9 years,,FMLE,Female,,,,,,,,0.017,0.01735,,,,,
5327,LIFE_0000000031,lx - number of people left alive at age x,https://www.who.int/data/gho/indicator-metadata-registry/imr-details/31,,,,PUBLISHED,Published,,2015.0,2015,,AFR,2015,2015,Africa,,NGA,Nigeria,,AGE5-9,5-9 years,,FMLE,Female,,,,,,,,89539.17,89539.17000,,,,,
5328,LIFE_0000000032,ndx - number of people dying between ages x and x+n,https://www.who.int/data/gho/indicator-metadata-registry/imr-details/32,,,,PUBLISHED,Published,,2015.0,2015,,AFR,2015,2015,Africa,,NGA,Nigeria,,AGE5-9,5-9 years,,FMLE,Female,,,,,,,,1553.465,1553.46500,,,,,
5329,LIFE_0000000032,ndx - number of people dying between ages x and x+n,https://www.who.int/data/gho/indicator-metadata-registry/imr-details/32,,,,PUBLISHED,Published,,2015.0,2015,,AFR,2015,2015,Africa,,NGA,Nigeria,,AGE15-19,15-19  years,,FMLE,Female,,,,,,,,1800.887,1800.88700,,,,,
5330,LIFE_0000000033,nLx - person-years lived between ages x and x+n,https://www.who.int/data/gho/indicator-metadata-registry/imr-details/33,,,,PUBLISHED,Published,,2015.0,2015,,AFR,2015,2015,Africa,,NGA,Nigeria,,AGE15-19,15-19  years,,FMLE,Female,,,,,,,,431835.9,431835.90000,,,,,
5331,LIFE_0000000034,Tx - person-years lived above age x,https://www.who.int/data/gho/indicator-metadata-registry/imr-details/34,,,,PUBLISHED,Published,,2015.0,2015,,AFR,2015,2015,Africa,,NGA,Nigeria,,AGE15-19,15-19  years,,FMLE,Female,,,,,,,,4190241,4190241.00000,,,,,
5332,LIFE_0000000035,ex - expectation of life at age x,https://www.who.int/data/gho/indicator-metadata-registry/imr-details/35,,,,PUBLISHED,Published,,2015.0,2015,,AFR,2015,2015,Africa,,NGA,Nigeria,,AGE15-19,15-19  years,,FMLE,Female,,,,,,,,48,48.04200,,,,,
5333,LIFE_0000000034,Tx - person-years lived above age x,https://www.who.int/data/gho/indicator-metadata-registry/imr-details/34,,,,PUBLISHED,Published,,2015.0,2015,,AFR,2015,2015,Africa,,NGA,Nigeria,,AGE25-29,25-29 years,,FMLE,Female,,,,,,,,3336855,3336855.00000,,,,,
5334,LIFE_0000000035,ex - expectation of life at age x,https://www.who.int/data/gho/indicator-metadata-registry/imr-details/35,,,,PUBLISHED,Published,,2015.0,2015,,AFR,2015,2015,Africa,,NGA,Nigeria,,AGE25-29,25-29 years,,FMLE,Female,,,,,,,,40.1,40.13163,,,,,
5335,LIFE_0000000029,nMx - age-specific death rate between ages x and x+n,https://www.who.int/data/gho/indicator-metadata-registry/imr-details/29,,,,PUBLISHED,Published,,2015.0,2015,,AFR,2015,2015,Africa,,NGA,Nigeria,,AGE30-34,30-34 years,,FMLE,Female,,,,,,,,0.007,0.00741,,,,,
5336,LIFE_0000000030,nqx - probability of dying between ages x and x+n,https://www.who.int/data/gho/indicator-metadata-registry/imr-details/30,,,,PUBLISHED,Published,,2015.0,2015,,AFR,2015,2015,Africa,,NGA,Nigeria,,AGE30-34,30-34 years,,FMLE,Female,,,,,,,,0.036,0.03638,,,,,
5337,LIFE_0000000031,lx - number of people left alive at age x,https://www.who.int/data/gho/indicator-metadata-registry/imr-details/31,,,,PUBLISHED,Published,,2015.0,2015,,AFR,2015,2015,Africa,,NGA,Nigeria,,AGE30-34,30-34 years,,FMLE,Female,,,,,,,,80489.94,80489.94000,,,,,
5338,LIFE_0000000030,nqx - probability of dying between ages x and x+n,https://www.who.int/data/gho/indicator-metadata-registry/imr-details/30,,,,PUBLISHED,Published,,2015.0,2015,,AFR,2015,2015,Africa,,NGA,Nigeria,,AGE40-44,40-44 years,,FMLE,Female,,,,,,,,0.047,0.04744,,,,,
5339,LIFE_0000000031,lx - number of people left alive at age x,https://www.who.int/data/gho/indicator-metadata-registry/imr-details/31,,,,PUBLISHED,Published,,2015.0,2015,,AFR,2015,2015,Africa,,NGA,Nigeria,,AGE40-44,40-44 years,,FMLE,Female,,,,,,,,74108.23,74108.23000,,,,,
5340,LIFE_0000000032,ndx - number of people dying between ages x and x+n,https://www.who.int/data/gho/indicator-metadata-registry/imr-details/32,,,,PUBLISHED,Published,,2015.0,2015,,AFR,2015,2015,Africa,,NGA,Nigeria,,AGE40-44,40-44 years,,FMLE,Female,,,,,,,,3515.381,3515.38100,,,,,
5341,LIFE_0000000033,nLx - person-years lived between ages x and x+n,https://www.who.int/data/gho/indicator-metadata-registry/imr-details/33,,,,PUBLISHED,Published,,2015.0,2015,,AFR,2015,2015,Africa,,NGA,Nigeria,,AGE40-44,40-44 years,,FMLE,Female,,,,,,,,361805.2,361805.20000,,,,,
5342,LIFE_0000000033,nLx - person-years lived between ages x and x+n,https://www.who.int/data/gho/indicator-metadata-registry/imr-details/33,,,,PUBLISHED,Published,,2015.0,2015,,AFR,2015,2015,Africa,,NGA,Nigeria,,AGE50-54,50-54 years,,FMLE,Female,,,,,,,,325824.2,325824.20000,,,,,
5343,LIFE_0000000034,Tx - person-years lived above age x,https://www.who.int/data/gho/indicator-metadata-registry/imr-details/34,,,,PUBLISHED,Published,,2015.0,2015,,AFR,2015,2015,Africa,,NGA,Nigeria,,AGE50-54,50-54 years,,FMLE,Female,,,,,,,,1447046,1447046.00000,,,,,
5344,LIFE_0000000035,ex - expectation of life at age x,https://www.who.int/data/gho/indicator-metadata-registry/imr-details/35,,,,PUBLISHED,Published,,2015.0,2015,,AFR,2015,2015,Africa,,NGA,Nigeria,,AGE50-54,50-54 years,,FMLE,Female,,,,,,,,21.6,21.55720,,,,,
5345,LIFE_0000000029,nMx - age-specific death rate between ages x and x+n,https://www.who.int/data/gho/indicator-metadata-registry/imr-details/29,,,,PUBLISHED,Published,,2015.0,2015,,AFR,2015,2015,Africa,,NGA,Nigeria,,AGE55-59,55-59 years,,FMLE,Female,,,,,,,,0.017,0.01659,,,,,
5346,LIFE_0000000029,nMx - age-specific death rate between ages x and x+n,https://www.who.int/data/gho/indicator-metadata-registry/imr-details/29,,,,PUBLISHED,Published,,2015.0,2015,,AFR,2015,2015,Africa,,NGA,Nigeria,,AGE65-69,65-69 years,,FMLE,Female,,,,,,,,0.047,0.04688,,,,,
5347,LIFE_0000000030,nqx - probability of dying between ages x and x+n,https://www.who.int/data/gho/indicator-metadata-registry/imr-details/30,,,,PUBLISHED,Published,,2015.0,2015,,AFR,2015,2015,Africa,,NGA,Nigeria,,AGE65-69,65-69 years,,FMLE,Female,,,,,,,,0.211,0.21077,,,,,
5348,LIFE_0000000031,lx - number of people left alive at age x,https://www.who.int/data/gho/indicator-metadata-registry/imr-details/31,,,,PUBLISHED,Published,,2015.0,2015,,AFR,2015,2015,Africa,,NGA,Nigeria,,AGE65-69,65-69 years,,FMLE,Female,,,,,,,,50066.47,50066.47000,,,,,
5349,LIFE_0000000032,ndx - number of people dying between ages x and x+n,https://www.who.int/data/gho/indicator-metadata-registry/imr-details/32,,,,PUBLISHED,Published,,2015.0,2015,,AFR,2015,2015,Africa,,NGA,Nigeria,,AGE65-69,65-69 years,,FMLE,Female,,,,,,,,10552.43,10552.43000,,,,,
5350,LIFE_0000000031,lx - number of people left alive at age x,https://www.who.int/data/gho/indicator-metadata-registry/imr-details/31,,,,PUBLISHED,Published,,2015.0,2015,,AFR,2015,2015,Africa,,NGA,Nigeria,,AGE75-79,75-79 years,,FMLE,Female,,,,,,,,26468.68,26468.68000,,,,,
5351,LIFE_0000000032,ndx - number of people dying between ages x and x+n,https://www.who.int/data/gho/indicator-metadata-registry/imr-details/32,,,,PUBLISHED,Published,,2015.0,2015,,AFR,2015,2015,Africa,,NGA,Nigeria,,AGE75-79,75-79 years,,FMLE,Female,,,,,,,,12873.21,12873.21000,,,,,
5352,LIFE_0000000033,nLx - person-years lived between ages x and x+n,https://www.who.int/data/gho/indicator-metadata-registry/imr-details/33,,,,PUBLISHED,Published,,2015.0,2015,,AFR,2015,2015,Africa,,NGA,Nigeria,,AGE75-79,75-79 years,,FMLE,Female,,,,,,,,99318.91,99318.91000,,,,,
5353,LIFE_0000000034,Tx - person-years lived above age x,https://www.who.int/data/gho/indicator-metadata-registry/imr-details/34,,,,PUBLISHED,Published,,2015.0,2015,,AFR,2015,2015,Africa,,NGA,Nigeria,,AGE75-79,75-79 years,,FMLE,Female,,,,,,,,155975.6,155975.60000,,,,,
5354,LIFE_0000000034,Tx - person-years lived above age x,https://www.who.int/data/gho/indicator-metadata-registry/imr-details/34,,,,PUBLISHED,Published,,2015.0,2015,,AFR,2015,2015,Africa,,NGA,Nigeria,,AGE85PLUS,85+ years,,FMLE,Female,,,,,,,,13587.5,13587.50000,,,,,
5355,LIFE_0000000035,ex - expectation of life at age x,https://www.who.int/data/gho/indicator-metadata-registry/imr-details/35,,,,PUBLISHED,Published,,2015.0,2015,,AFR,2015,2015,Africa,,NGA,Nigeria,,AGE85PLUS,85+ years,,FMLE,Female,,,,,,,,3,2.98929,,,,,
5356,LIFE_0000000029,nMx - age-specific death rate between ages x and x+n,https://www.who.int/data/gho/indicator-metadata-registry/imr-details/29,,,,PUBLISHED,Published,,2016.0,2016,,AFR,2016,2016,Africa,,NGA,Nigeria,,AGELT1,<1 year,,MLE,Male,,,,,,,,0.075,0.07534,,,,,
5357,LIFE_0000000030,nqx - probability of dying between ages x and x+n,https://www.who.int/data/gho/indicator-metadata-registry/imr-details/30,,,,PUBLISHED,Published,,2016.0,2016,,AFR,2016,2016,Africa,,NGA,Nigeria,,AGELT1,<1 year,,MLE,Male,,,,,,,,0.071,0.07128,,,,,
5358,LIFE_0000000030,nqx - probability of dying between ages x and x+n,https://www.who.int/data/gho/indicator-metadata-registry/imr-details/30,,,,PUBLISHED,Published,,2016.0,2016,,AFR,2016,2016,Africa,,NGA,Nigeria,,AGE5-9,5-9 years,,MLE,Male,,,,,,,,0.013,0.01289,,,,,
5359,LIFE_0000000031,lx - number of people left alive at age x,https://www.who.int/data/gho/indicator-metadata-registry/imr-details/31,,,,PUBLISHED,Published,,2016.0,2016,,AFR,2016,2016,Africa,,NGA,Nigeria,,AGE5-9,5-9 years,,MLE,Male,,,,,,,,89237.13,89237.13000,,,,,
5360,LIFE_0000000032,ndx - number of people dying between ages x and x+n,https://www.who.int/data/gho/indicator-metadata-registry/imr-details/32,,,,PUBLISHED,Published,,2016.0,2016,,AFR,2016,2016,Africa,,NGA,Nigeria,,AGE5-9,5-9 years,,MLE,Male,,,,,,,,1150.685,1150.68500,,,,,
5361,LIFE_0000000033,nLx - person-years lived between ages x and x+n,https://www.who.int/data/gho/indicator-metadata-registry/imr-details/33,,,,PUBLISHED,Published,,2016.0,2016,,AFR,2016,2016,Africa,,NGA,Nigeria,,AGE5-9,5-9 years,,MLE,Male,,,,,,,,443308.9,443308.90000,,,,,
5362,LIFE_0000000032,ndx - number of people dying between ages x and x+n,https://www.who.int/data/gho/indicator-metadata-registry/imr-details/32,,,,PUBLISHED,Published,,2016.0,2016,,AFR,2016,2016,Africa,,NGA,Nigeria,,AGE15-19,15-19  years,,MLE,Male,,,,,,,,1454.239,1454.23900,,,,,
5363,LIFE_0000000033,nLx - person-years lived between ages x and x+n,https://www.who.int/data/gho/indicator-metadata-registry/imr-details/33,,,,PUBLISHED,Published,,2016.0,2016,,AFR,2016,2016,Africa,,NGA,Nigeria,,AGE15-19,15-19  years,,MLE,Male,,,,,,,,433972.8,433972.80000,,,,,
5364,LIFE_0000000034,Tx - person-years lived above age x,https://www.who.int/data/gho/indicator-metadata-registry/imr-details/34,,,,PUBLISHED,Published,,2016.0,2016,,AFR,2016,2016,Africa,,NGA,Nigeria,,AGE15-19,15-19  years,,MLE,Male,,,,,,,,4128777,4128777.00000,,,,,
5365,LIFE_0000000035,ex - expectation of life at age x,https://www.who.int/data/gho/indicator-metadata-registry/imr-details/35,,,,PUBLISHED,Published,,2016.0,2016,,AFR,2016,2016,Africa,,NGA,Nigeria,,AGE15-19,15-19  years,,MLE,Male,,,,,,,,47.2,47.19167,,,,,
5366,LIFE_0000000029,nMx - age-specific death rate between ages x and x+n,https://www.who.int/data/gho/indicator-metadata-registry/imr-details/29,,,,PUBLISHED,Published,,2016.0,2016,,AFR,2016,2016,Africa,,NGA,Nigeria,,AGE20-24,20-24 years,,MLE,Male,,,,,,,,0.005,0.00507,,,,,
5367,LIFE_0000000035,ex - expectation of life at age x,https://www.who.int/data/gho/indicator-metadata-registry/imr-details/35,,,,PUBLISHED,Published,,2016.0,2016,,AFR,2016,2016,Africa,,NGA,Nigeria,,AGE25-29,25-29 years,,MLE,Male,,,,,,,,39,38.98208,,,,,
5368,LIFE_0000000029,nMx - age-specific death rate between ages x and x+n,https://www.who.int/data/gho/indicator-metadata-registry/imr-details/29,,,,PUBLISHED,Published,,2016.0,2016,,AFR,2016,2016,Africa,,NGA,Nigeria,,AGE30-34,30-34 years,,MLE,Male,,,,,,,,0.007,0.00713,,,,,
5369,LIFE_0000000030,nqx - probability of dying between ages x and x+n,https://www.who.int/data/gho/indicator-metadata-registry/imr-details/30,,,,PUBLISHED,Published,,2016.0,2016,,AFR,2016,2016,Africa,,NGA,Nigeria,,AGE30-34,30-34 years,,MLE,Male,,,,,,,,0.035,0.03501,,,,,
5370,LIFE_0000000031,lx - number of people left alive at age x,https://www.who.int/data/gho/indicator-metadata-registry/imr-details/31,,,,PUBLISHED,Published,,2016.0,2016,,AFR,2016,2016,Africa,,NGA,Nigeria,,AGE30-34,30-34 years,,MLE,Male,,,,,,,,81529.16,81529.16000,,,,,
5371,LIFE_0000000031,lx - number of people left alive at age x,https://www.who.int/data/gho/indicator-metadata-registry/imr-details/31,,,,PUBLISHED,Published,,2016.0,2016,,AFR,2016,2016,Africa,,NGA,Nigeria,,AGE40-44,40-44 years,,MLE,Male,,,,,,,,75099.65,75099.65000,,,,,
5372,LIFE_0000000032,ndx - number of people dying between ages x and x+n,https://www.who.int/data/gho/indicator-metadata-registry/imr-details/32,,,,PUBLISHED,Published,,2016.0,2016,,AFR,2016,2016,Africa,,NGA,Nigeria,,AGE40-44,40-44 years,,MLE,Male,,,,,,,,4119.349,4119.34900,,,,,
5373,LIFE_0000000033,nLx - person-years lived between ages x and x+n,https://www.who.int/data/gho/indicator-metadata-registry/imr-details/33,,,,PUBLISHED,Published,,2016.0,2016,,AFR,2016,2016,Africa,,NGA,Nigeria,,AGE40-44,40-44 years,,MLE,Male,,,,,,,,365450.8,365450.80000,,,,,
5374,LIFE_0000000034,Tx - person-years lived above age x,https://www.who.int/data/gho/indicator-metadata-registry/imr-details/34,,,,PUBLISHED,Published,,2016.0,2016,,AFR,2016,2016,Africa,,NGA,Nigeria,,AGE40-44,40-44 years,,MLE,Male,,,,,,,,2071201,2071201.00000,,,,,
5375,LIFE_0000000034,Tx - person-years lived above age x,https://www.who.int/data/gho/indicator-metadata-registry/imr-details/34,,,,PUBLISHED,Published,,2016.0,2016,,AFR,2016,2016,Africa,,NGA,Nigeria,,AGE50-54,50-54 years,,MLE,Male,,,,,,,,1361746,1361746.00000,,,,,
5376,LIFE_0000000035,ex - expectation of life at age x,https://www.who.int/data/gho/indicator-metadata-registry/imr-details/35,,,,PUBLISHED,Published,,2016.0,2016,,AFR,2016,2016,Africa,,NGA,Nigeria,,AGE50-54,50-54 years,,MLE,Male,,,,,,,,20.5,20.48130,,,,,
5377,LIFE_0000000029,nMx - age-specific death rate between ages x and x+n,https://www.who.int/data/gho/indicator-metadata-registry/imr-details/29,,,,PUBLISHED,Published,,2016.0,2016,,AFR,2016,2016,Africa,,NGA,Nigeria,,AGE55-59,55-59 years,,MLE,Male,,,,,,,,0.022,0.02153,,,,,
5378,LIFE_0000000030,nqx - probability of dying between ages x and x+n,https://www.who.int/data/gho/indicator-metadata-registry/imr-details/30,,,,PUBLISHED,Published,,2016.0,2016,,AFR,2016,2016,Africa,,NGA,Nigeria,,AGE55-59,55-59 years,,MLE,Male,,,,,,,,0.102,0.10236,,,,,
5379,LIFE_0000000029,nMx - age-specific death rate between ages x and x+n,https://www.who.int/data/gho/indicator-metadata-registry/imr-details/29,,,,PUBLISHED,Published,,2016.0,2016,,AFR,2016,2016,Africa,,NGA,Nigeria,,AGE65-69,65-69 years,,MLE,Male,,,,,,,,0.05,0.05011,,,,,
5380,LIFE_0000000030,nqx - probability of dying between ages x and x+n,https://www.who.int/data/gho/indicator-metadata-registry/imr-details/30,,,,PUBLISHED,Published,,2016.0,2016,,AFR,2016,2016,Africa,,NGA,Nigeria,,AGE65-69,65-69 years,,MLE,Male,,,,,,,,0.223,0.22350,,,,,
5381,LIFE_0000000031,lx - number of people left alive at age x,https://www.who.int/data/gho/indicator-metadata-registry/imr-details/31,,,,PUBLISHED,Published,,2016.0,2016,,AFR,2016,2016,Africa,,NGA,Nigeria,,AGE65-69,65-69 years,,MLE,Male,,,,,,,,46545.7,46545.70000,,,,,
5382,LIFE_0000000032,ndx - number of people dying between ages x and x+n,https://www.who.int/data/gho/indicator-metadata-registry/imr-details/32,,,,PUBLISHED,Published,,2016.0,2016,,AFR,2016,2016,Africa,,NGA,Nigeria,,AGE65-69,65-69 years,,MLE,Male,,,,,,,,10402.88,10402.88000,,,,,
5383,LIFE_0000000032,ndx - number of people dying between ages x and x+n,https://www.who.int/data/gho/indicator-metadata-registry/imr-details/32,,,,PUBLISHED,Published,,2016.0,2016,,AFR,2016,2016,Africa,,NGA,Nigeria,,AGE75-79,75-79 years,,MLE,Male,,,,,,,,11838.97,11838.97000,,,,,
5384,LIFE_0000000033,nLx - person-years lived between ages x and x+n,https://www.who.int/data/gho/indicator-metadata-registry/imr-details/33,,,,PUBLISHED,Published,,2016.0,2016,,AFR,2016,2016,Africa,,NGA,Nigeria,,AGE75-79,75-79 years,,MLE,Male,,,,,,,,88919.28,88919.28000,,,,,
5385,LIFE_0000000034,Tx - person-years lived above age x,https://www.who.int/data/gho/indicator-metadata-registry/imr-details/34,,,,PUBLISHED,Published,,2016.0,2016,,AFR,2016,2016,Africa,,NGA,Nigeria,,AGE75-79,75-79 years,,MLE,Male,,,,,,,,138348,138348.00000,,,,,
5386,LIFE_0000000035,ex - expectation of life at age x,https://www.who.int/data/gho/indicator-metadata-registry/imr-details/35,,,,PUBLISHED,Published,,2016.0,2016,,AFR,2016,2016,Africa,,NGA,Nigeria,,AGE75-79,75-79 years,,MLE,Male,,,,,,,,5.8,5.79209,,,,,
5387,LIFE_0000000035,ex - expectation of life at age x,https://www.who.int/data/gho/indicator-metadata-registry/imr-details/35,,,,PUBLISHED,Published,,2016.0,2016,,AFR,2016,2016,Africa,,NGA,Nigeria,,AGE85PLUS,85+ years,,MLE,Male,,,,,,,,2.9,2.89427,,,,,
5388,LIFE_0000000029,nMx - age-specific death rate between ages x and x+n,https://www.who.int/data/gho/indicator-metadata-registry/imr-details/29,,,,PUBLISHED,Published,,2016.0,2016,,AFR,2016,2016,Africa,,NGA,Nigeria,,AGELT1,<1 year,,FMLE,Female,,,,,,,,0.066,0.06553,,,,,
5389,LIFE_0000000030,nqx - probability of dying between ages x and x+n,https://www.who.int/data/gho/indicator-metadata-registry/imr-details/30,,,,PUBLISHED,Published,,2016.0,2016,,AFR,2016,2016,Africa,,NGA,Nigeria,,AGELT1,<1 year,,FMLE,Female,,,,,,,,0.062,0.06243,,,,,
5390,LIFE_0000000031,lx - number of people left alive at age x,https://www.who.int/data/gho/indicator-metadata-registry/imr-details/31,,,,PUBLISHED,Published,,2016.0,2016,,AFR,2016,2016,Africa,,NGA,Nigeria,,AGELT1,<1 year,,FMLE,Female,,,,,,,,100000,100000.00000,,,,,
5391,LIFE_0000000030,nqx - probability of dying between ages x and x+n,https://www.who.int/data/gho/indicator-metadata-registry/imr-details/30,,,,PUBLISHED,Published,,2016.0,2016,,AFR,2016,2016,Africa,,NGA,Nigeria,,AGE5-9,5-9 years,,FMLE,Female,,,,,,,,0.017,0.01657,,,,,
5392,LIFE_0000000031,lx - number of people left alive at age x,https://www.who.int/data/gho/indicator-metadata-registry/imr-details/31,,,,PUBLISHED,Published,,2016.0,2016,,AFR,2016,2016,Africa,,NGA,Nigeria,,AGE5-9,5-9 years,,FMLE,Female,,,,,,,,89918.19,89918.19000,,,,,
5393,LIFE_0000000032,ndx - number of people dying between ages x and x+n,https://www.who.int/data/gho/indicator-metadata-registry/imr-details/32,,,,PUBLISHED,Published,,2016.0,2016,,AFR,2016,2016,Africa,,NGA,Nigeria,,AGE5-9,5-9 years,,FMLE,Female,,,,,,,,1489.976,1489.97600,,,,,
5394,LIFE_0000000033,nLx - person-years lived between ages x and x+n,https://www.who.int/data/gho/indicator-metadata-registry/imr-details/33,,,,PUBLISHED,Published,,2016.0,2016,,AFR,2016,2016,Africa,,NGA,Nigeria,,AGE5-9,5-9 years,,FMLE,Female,,,,,,,,445866,445866.00000,,,,,
5395,LIFE_0000000034,Tx - person-years lived above age x,https://www.who.int/data/gho/indicator-metadata-registry/imr-details/34,,,,PUBLISHED,Published,,2016.0,2016,,AFR,2016,2016,Africa,,NGA,Nigeria,,AGE5-9,5-9 years,,FMLE,Female,,,,,,,,5110815,5110815.00000,,,,,
5396,LIFE_0000000033,nLx - person-years lived between ages x and x+n,https://www.who.int/data/gho/indicator-metadata-registry/imr-details/33,,,,PUBLISHED,Published,,2016.0,2016,,AFR,2016,2016,Africa,,NGA,Nigeria,,AGE15-19,15-19  years,,FMLE,Female,,,,,,,,434119.4,434119.40000,,,,,
5397,LIFE_0000000034,Tx - person-years lived above age x,https://www.who.int/data/gho/indicator-metadata-registry/imr-details/34,,,,PUBLISHED,Published,,2016.0,2016,,AFR,2016,2016,Africa,,NGA,Nigeria,,AGE15-19,15-19  years,,FMLE,Female,,,,,,,,4224689,4224689.00000,,,,,
5398,LIFE_0000000035,ex - expectation of life at age x,https://www.who.int/data/gho/indicator-metadata-registry/imr-details/35,,,,PUBLISHED,Published,,2016.0,2016,,AFR,2016,2016,Africa,,NGA,Nigeria,,AGE15-19,15-19  years,,FMLE,Female,,,,,,,,48.2,48.18546,,,,,
5399,LIFE_0000000029,nMx - age-specific death rate between ages x and x+n,https://www.who.int/data/gho/indicator-metadata-registry/imr-details/29,,,,PUBLISHED,Published,,2016.0,2016,,AFR,2016,2016,Africa,,NGA,Nigeria,,AGE20-24,20-24 years,,FMLE,Female,,,,,,,,0.005,0.00535,,,,,
5400,LIFE_0000000029,nMx - age-specific death rate between ages x and x+n,https://www.who.int/data/gho/indicator-metadata-registry/imr-details/29,,,,PUBLISHED,Published,,2016.0,2016,,AFR,2016,2016,Africa,,NGA,Nigeria,,AGE30-34,30-34 years,,FMLE,Female,,,,,,,,0.007,0.00727,,,,,
5401,LIFE_0000000030,nqx - probability of dying between ages x and x+n,https://www.who.int/data/gho/indicator-metadata-registry/imr-details/30,,,,PUBLISHED,Published,,2016.0,2016,,AFR,2016,2016,Africa,,NGA,Nigeria,,AGE30-34,30-34 years,,FMLE,Female,,,,,,,,0.036,0.03568,,,,,
5402,LIFE_0000000031,lx - number of people left alive at age x,https://www.who.int/data/gho/indicator-metadata-registry/imr-details/31,,,,PUBLISHED,Published,,2016.0,2016,,AFR,2016,2016,Africa,,NGA,Nigeria,,AGE30-34,30-34 years,,FMLE,Female,,,,,,,,80968.83,80968.83000,,,,,
5403,LIFE_0000000032,ndx - number of people dying between ages x and x+n,https://www.who.int/data/gho/indicator-metadata-registry/imr-details/32,,,,PUBLISHED,Published,,2016.0,2016,,AFR,2016,2016,Africa,,NGA,Nigeria,,AGE30-34,30-34 years,,FMLE,Female,,,,,,,,2888.91,2888.91000,,,,,
5404,LIFE_0000000031,lx - number of people left alive at age x,https://www.who.int/data/gho/indicator-metadata-registry/imr-details/31,,,,PUBLISHED,Published,,2016.0,2016,,AFR,2016,2016,Africa,,NGA,Nigeria,,AGE40-44,40-44 years,,FMLE,Female,,,,,,,,74664.32,74664.32000,,,,,
5405,LIFE_0000000032,ndx - number of people dying between ages x and x+n,https://www.who.int/data/gho/indicator-metadata-registry/imr-details/32,,,,PUBLISHED,Published,,2016.0,2016,,AFR,2016,2016,Africa,,NGA,Nigeria,,AGE40-44,40-44 years,,FMLE,Female,,,,,,,,3502.933,3502.93300,,,,,
5406,LIFE_0000000033,nLx - person-years lived between ages x and x+n,https://www.who.int/data/gho/indicator-metadata-registry/imr-details/33,,,,PUBLISHED,Published,,2016.0,2016,,AFR,2016,2016,Africa,,NGA,Nigeria,,AGE40-44,40-44 years,,FMLE,Female,,,,,,,,364617.7,364617.70000,,,,,
5407,LIFE_0000000034,Tx - person-years lived above age x,https://www.who.int/data/gho/indicator-metadata-registry/imr-details/34,,,,PUBLISHED,Published,,2016.0,2016,,AFR,2016,2016,Africa,,NGA,Nigeria,,AGE40-44,40-44 years,,FMLE,Female,,,,,,,,2175690,2175690.00000,,,,,
5408,LIFE_0000000035,ex - expectation of life at age x,https://www.who.int/data/gho/indicator-metadata-registry/imr-details/35,,,,PUBLISHED,Published,,2016.0,2016,,AFR,2016,2016,Africa,,NGA,Nigeria,,AGE40-44,40-44 years,,FMLE,Female,,,,,,,,29.1,29.13962,,,,,
5409,LIFE_0000000034,Tx - person-years lived above age x,https://www.who.int/data/gho/indicator-metadata-registry/imr-details/34,,,,PUBLISHED,Published,,2016.0,2016,,AFR,2016,2016,Africa,,NGA,Nigeria,,AGE50-54,50-54 years,,FMLE,Female,,,,,,,,1463799,1463799.00000,,,,,
5410,LIFE_0000000035,ex - expectation of life at age x,https://www.who.int/data/gho/indicator-metadata-registry/imr-details/35,,,,PUBLISHED,Published,,2016.0,2016,,AFR,2016,2016,Africa,,NGA,Nigeria,,AGE50-54,50-54 years,,FMLE,Female,,,,,,,,21.6,21.63412,,,,,
5411,LIFE_0000000029,nMx - age-specific death rate between ages x and x+n,https://www.who.int/data/gho/indicator-metadata-registry/imr-details/29,,,,PUBLISHED,Published,,2016.0,2016,,AFR,2016,2016,Africa,,NGA,Nigeria,,AGE55-59,55-59 years,,FMLE,Female,,,,,,,,0.017,0.01653,,,,,
5412,LIFE_0000000030,nqx - probability of dying between ages x and x+n,https://www.who.int/data/gho/indicator-metadata-registry/imr-details/30,,,,PUBLISHED,Published,,2016.0,2016,,AFR,2016,2016,Africa,,NGA,Nigeria,,AGE55-59,55-59 years,,FMLE,Female,,,,,,,,0.08,0.07952,,,,,
5413,LIFE_0000000030,nqx - probability of dying between ages x and x+n,https://www.who.int/data/gho/indicator-metadata-registry/imr-details/30,,,,PUBLISHED,Published,,2016.0,2016,,AFR,2016,2016,Africa,,NGA,Nigeria,,AGE65-69,65-69 years,,FMLE,Female,,,,,,,,0.208,0.20838,,,,,
5414,LIFE_0000000031,lx - number of people left alive at age x,https://www.who.int/data/gho/indicator-metadata-registry/imr-details/31,,,,PUBLISHED,Published,,2016.0,2016,,AFR,2016,2016,Africa,,NGA,Nigeria,,AGE65-69,65-69 years,,FMLE,Female,,,,,,,,50594.3,50594.30000,,,,,
5415,LIFE_0000000032,ndx - number of people dying between ages x and x+n,https://www.who.int/data/gho/indicator-metadata-registry/imr-details/32,,,,PUBLISHED,Published,,2016.0,2016,,AFR,2016,2016,Africa,,NGA,Nigeria,,AGE65-69,65-69 years,,FMLE,Female,,,,,,,,10542.99,10542.99000,,,,,
5416,LIFE_0000000033,nLx - person-years lived between ages x and x+n,https://www.who.int/data/gho/indicator-metadata-registry/imr-details/33,,,,PUBLISHED,Published,,2016.0,2016,,AFR,2016,2016,Africa,,NGA,Nigeria,,AGE65-69,65-69 years,,FMLE,Female,,,,,,,,227777.3,227777.30000,,,,,
5417,LIFE_0000000033,nLx - person-years lived between ages x and x+n,https://www.who.int/data/gho/indicator-metadata-registry/imr-details/33,,,,PUBLISHED,Published,,2016.0,2016,,AFR,2016,2016,Africa,,NGA,Nigeria,,AGE75-79,75-79 years,,FMLE,Female,,,,,,,,101386,101386.00000,,,,,
5418,LIFE_0000000034,Tx - person-years lived above age x,https://www.who.int/data/gho/indicator-metadata-registry/imr-details/34,,,,PUBLISHED,Published,,2016.0,2016,,AFR,2016,2016,Africa,,NGA,Nigeria,,AGE75-79,75-79 years,,FMLE,Female,,,,,,,,159718.3,159718.30000,,,,,
5419,LIFE_0000000035,ex - expectation of life at age x,https://www.who.int/data/gho/indicator-metadata-registry/imr-details/35,,,,PUBLISHED,Published,,2016.0,2016,,AFR,2016,2016,Africa,,NGA,Nigeria,,AGE75-79,75-79 years,,FMLE,Female,,,,,,,,5.9,5.92656,,,,,
5420,LIFE_0000000029,nMx - age-specific death rate between ages x and x+n,https://www.who.int/data/gho/indicator-metadata-registry/imr-details/29,,,,PUBLISHED,Published,,2016.0,2016,,AFR,2016,2016,Africa,,NGA,Nigeria,,AGE80-84,80-84 years,,FMLE,Female,,,,,,,,0.209,0.20869,,,,,
5421,LIFE_0000000035,ex - expectation of life at age x,https://www.who.int/data/gho/indicator-metadata-registry/imr-details/35,,,,PUBLISHED,Published,,2016.0,2016,,AFR,2016,2016,Africa,,NGA,Nigeria,,AGE85PLUS,85+ years,,FMLE,Female,,,,,,,,3,3.00040,,,,,
5422,WHOSIS_000004,Adult mortality rate (probability of dying between 15 and 60 years per 1000 population),https://www.who.int/data/gho/indicator-metadata-registry/imr-details/64,,,,PUBLISHED,Published,,2004.0,2004,,AFR,2004,2004,Africa,,NGA,Nigeria,,,,,FMLE,Female,,,,,,,,394,393.69660,,,,,
5423,WHOSIS_000004,Adult mortality rate (probability of dying between 15 and 60 years per 1000 population),https://www.who.int/data/gho/indicator-metadata-registry/imr-details/64,,,,PUBLISHED,Published,,2004.0,2004,,AFR,2004,2004,Africa,,NGA,Nigeria,,,,,BTSX,Both sexes,,,,,,,,411,410.92800,,,,,
5424,WHOSIS_000004,Adult mortality rate (probability of dying between 15 and 60 years per 1000 population),https://www.who.int/data/gho/indicator-metadata-registry/imr-details/64,,,,PUBLISHED,Published,,2005.0,2005,,AFR,2005,2005,Africa,,NGA,Nigeria,,,,,MLE,Male,,,,,,,,419,419.02540,,,,,
5425,WHOSIS_000004,Adult mortality rate (probability of dying between 15 and 60 years per 1000 population),https://www.who.int/data/gho/indicator-metadata-registry/imr-details/64,,,,PUBLISHED,Published,,2005.0,2005,,AFR,2005,2005,Africa,,NGA,Nigeria,,,,,FMLE,Female,,,,,,,,386,385.97610,,,,,
5426,WHOSIS_000004,Adult mortality rate (probability of dying between 15 and 60 years per 1000 population),https://www.who.int/data/gho/indicator-metadata-registry/imr-details/64,,,,PUBLISHED,Published,,2010.0,2010,,AFR,2010,2010,Africa,,NGA,Nigeria,,,,,MLE,Male,,,,,,,,392,392.25440,,,,,
5427,WHOSIS_000004,Adult mortality rate (probability of dying between 15 and 60 years per 1000 population),https://www.who.int/data/gho/indicator-metadata-registry/imr-details/64,,,,PUBLISHED,Published,,2010.0,2010,,AFR,2010,2010,Africa,,NGA,Nigeria,,,,,FMLE,Female,,,,,,,,364,363.56770,,,,,
5428,WHOSIS_000004,Adult mortality rate (probability of dying between 15 and 60 years per 1000 population),https://www.who.int/data/gho/indicator-metadata-registry/imr-details/64,,,,PUBLISHED,Published,,2010.0,2010,,AFR,2010,2010,Africa,,NGA,Nigeria,,,,,BTSX,Both sexes,,,,,,,,378,377.62450,,,,,
5429,WHOSIS_000004,Adult mortality rate (probability of dying between 15 and 60 years per 1000 population),https://www.who.int/data/gho/indicator-metadata-registry/imr-details/64,,,,PUBLISHED,Published,,2011.0,2011,,AFR,2011,2011,Africa,,NGA,Nigeria,,,,,MLE,Male,,,,,,,,391,390.75570,,,,,
5430,WHOSIS_000004,Adult mortality rate (probability of dying between 15 and 60 years per 1000 population),https://www.who.int/data/gho/indicator-metadata-registry/imr-details/64,,,,PUBLISHED,Published,,2015.0,2015,,AFR,2015,2015,Africa,,NGA,Nigeria,,,,,FMLE,Female,,,,,,,,335,334.99530,,,,,
5431,WHOSIS_000004,Adult mortality rate (probability of dying between 15 and 60 years per 1000 population),https://www.who.int/data/gho/indicator-metadata-registry/imr-details/64,,,,PUBLISHED,Published,,2015.0,2015,,AFR,2015,2015,Africa,,NGA,Nigeria,,,,,BTSX,Both sexes,,,,,,,,355,355.42560,,,,,
5432,WHOSIS_000004,Adult mortality rate (probability of dying between 15 and 60 years per 1000 population),https://www.who.int/data/gho/indicator-metadata-registry/imr-details/64,,,,PUBLISHED,Published,,2016.0,2016,,AFR,2016,2016,Africa,,NGA,Nigeria,,,,,MLE,Male,,,,,,,,372,372.07230,,,,,
5433,WHOSIS_000004,Adult mortality rate (probability of dying between 15 and 60 years per 1000 population),https://www.who.int/data/gho/indicator-metadata-registry/imr-details/64,,,,PUBLISHED,Published,,2016.0,2016,,AFR,2016,2016,Africa,,NGA,Nigeria,,,,,FMLE,Female,,,,,,,,333,332.79590,,,,,
5434,WHOSIS_000004,Adult mortality rate (probability of dying between 15 and 60 years per 1000 population),https://www.who.int/data/gho/indicator-metadata-registry/imr-details/64,,,,PUBLISHED,Published,,2016.0,2016,,AFR,2016,2016,Africa,,NGA,Nigeria,,,,,BTSX,Both sexes,,,,,,,,352,352.46900,,,,,
5435,MORT_100,Number of deaths,https://www.who.int/data/gho/indicator-metadata-registry/imr-details/3365,,,,PUBLISHED,Published,,2000.0,2000,,AFR,2000,2000,Africa,,NGA,Nigeria,,YEARS0-4,0-4 years,,,,,,,,CH2,HIV/AIDSHIV/AIDS,,21930,21930.00000,,,,,
5436,MORT_200,Deaths per 1 000 live births,https://www.who.int/data/gho/indicator-metadata-registry/imr-details/3366,,,,PUBLISHED,Published,,2000.0,2000,,AFR,2000,2000,Africa,,NGA,Nigeria,,YEARS0-4,0-4 years,,,,,,,,CH2,HIV/AIDSHIV/AIDS,,4.1,4.14527,,,,,
5437,MORT_300,Distribution of causes of death among children aged < 5 years (%),https://www.who.int/data/gho/indicator-metadata-registry/imr-details/89,,,,PUBLISHED,Published,,2000.0,2000,,AFR,2000,2000,Africa,,NGA,Nigeria,,YEARS0-4,0-4 years,,,,,,,,CH2,HIV/AIDSHIV/AIDS,,0,0.02122,,,,,
5438,MORT_100,Number of deaths,https://www.who.int/data/gho/indicator-metadata-registry/imr-details/3365,,,,PUBLISHED,Published,,2000.0,2000,,AFR,2000,2000,Africa,,NGA,Nigeria,,DAYS0-27,0-27 days,,,,,,,,CH3,Diarrhoeal diseasesDiarrhoeal diseases,,2855,2854.65200,,,,,
5439,MORT_300,Distribution of causes of death among children aged < 5 years (%),https://www.who.int/data/gho/indicator-metadata-registry/imr-details/89,,,,PUBLISHED,Published,,2000.0,2000,,AFR,2000,2000,Africa,,NGA,Nigeria,,MONTHS1-59,1-59 months,,,,,,,,CH5,TetanusTetanus,,0,0.00016,,,,,
5440,MORT_100,Number of deaths,https://www.who.int/data/gho/indicator-metadata-registry/imr-details/3365,,,,PUBLISHED,Published,,2000.0,2000,,AFR,2000,2000,Africa,,NGA,Nigeria,,YEARS0-4,0-4 years,,,,,,,,CH5,TetanusTetanus,,18352,18351.56000,,,,,
5441,MORT_200,Deaths per 1 000 live births,https://www.who.int/data/gho/indicator-metadata-registry/imr-details/3366,,,,PUBLISHED,Published,,2000.0,2000,,AFR,2000,2000,Africa,,NGA,Nigeria,,YEARS0-4,0-4 years,,,,,,,,CH5,TetanusTetanus,,3.5,3.46887,,,,,
5442,MORT_300,Distribution of causes of death among children aged < 5 years (%),https://www.who.int/data/gho/indicator-metadata-registry/imr-details/89,,,,PUBLISHED,Published,,2000.0,2000,,AFR,2000,2000,Africa,,NGA,Nigeria,,YEARS0-4,0-4 years,,,,,,,,CH5,TetanusTetanus,,0,0.01776,,,,,
5443,MORT_200,Deaths per 1 000 live births,https://www.who.int/data/gho/indicator-metadata-registry/imr-details/3366,,,,PUBLISHED,Published,,2000.0,2000,,AFR,2000,2000,Africa,,NGA,Nigeria,,MONTHS1-59,1-59 months,,,,,,,,CH7,Meningitis/encephalitisMeningitis/encephalitis,,4.1,4.12406,,,,,
5444,MORT_300,Distribution of causes of death among children aged < 5 years (%),https://www.who.int/data/gho/indicator-metadata-registry/imr-details/89,,,,PUBLISHED,Published,,2000.0,2000,,AFR,2000,2000,Africa,,NGA,Nigeria,,MONTHS1-59,1-59 months,,,,,,,,CH7,Meningitis/encephalitisMeningitis/encephalitis,,0,0.02800,,,,,
5445,MORT_100,Number of deaths,https://www.who.int/data/gho/indicator-metadata-registry/imr-details/3365,,,,PUBLISHED,Published,,2000.0,2000,,AFR,2000,2000,Africa,,NGA,Nigeria,,YEARS0-4,0-4 years,,,,,,,,CH7,Meningitis/encephalitisMeningitis/encephalitis,,25498,25498.09000,,,,,
5446,MORT_200,Deaths per 1 000 live births,https://www.who.int/data/gho/indicator-metadata-registry/imr-details/3366,,,,PUBLISHED,Published,,2000.0,2000,,AFR,2000,2000,Africa,,NGA,Nigeria,,YEARS0-4,0-4 years,,,,,,,,CH7,Meningitis/encephalitisMeningitis/encephalitis,,4.8,4.81973,,,,,
5447,MORT_300,Distribution of causes of death among children aged < 5 years (%),https://www.who.int/data/gho/indicator-metadata-registry/imr-details/89,,,,PUBLISHED,Published,,2000.0,2000,,AFR,2000,2000,Africa,,NGA,Nigeria,,DAYS0-27,0-27 days,,,,,,,,CH9,Acute lower respiratory infectionsAcute lower respiratory infections,,0.1,0.07729,,,,,
5448,MORT_100,Number of deaths,https://www.who.int/data/gho/indicator-metadata-registry/imr-details/3365,,,,PUBLISHED,Published,,2000.0,2000,,AFR,2000,2000,Africa,,NGA,Nigeria,,MONTHS1-59,1-59 months,,,,,,,,CH9,Acute lower respiratory infectionsAcute lower respiratory infections,,130964,130964.10000,,,,,
5449,MORT_200,Deaths per 1 000 live births,https://www.who.int/data/gho/indicator-metadata-registry/imr-details/3366,,,,PUBLISHED,Published,,2000.0,2000,,AFR,2000,2000,Africa,,NGA,Nigeria,,MONTHS1-59,1-59 months,,,,,,,,CH9,Acute lower respiratory infectionsAcute lower respiratory infections,,24.8,24.75522,,,,,
5450,MORT_300,Distribution of causes of death among children aged < 5 years (%),https://www.who.int/data/gho/indicator-metadata-registry/imr-details/89,,,,PUBLISHED,Published,,2000.0,2000,,AFR,2000,2000,Africa,,NGA,Nigeria,,MONTHS1-59,1-59 months,,,,,,,,CH9,Acute lower respiratory infectionsAcute lower respiratory infections,,0.2,0.16806,,,,,
5451,MORT_200,Deaths per 1 000 live births,https://www.who.int/data/gho/indicator-metadata-registry/imr-details/3366,,,,PUBLISHED,Published,,2000.0,2000,,AFR,2000,2000,Africa,,NGA,Nigeria,,DAYS0-27,0-27 days,,,,,,,,CH11,Birth asphyxia and birth traumaBirth asphyxia and birth trauma,,15.6,15.60911,,,,,
5452,MORT_300,Distribution of causes of death among children aged < 5 years (%),https://www.who.int/data/gho/indicator-metadata-registry/imr-details/89,,,,PUBLISHED,Published,,2000.0,2000,,AFR,2000,2000,Africa,,NGA,Nigeria,,DAYS0-27,0-27 days,,,,,,,,CH11,Birth asphyxia and birth traumaBirth asphyxia and birth trauma,,0.3,0.32512,,,,,
5453,MORT_100,Number of deaths,https://www.who.int/data/gho/indicator-metadata-registry/imr-details/3365,,,,PUBLISHED,Published,,2000.0,2000,,AFR,2000,2000,Africa,,NGA,Nigeria,,MONTHS1-59,1-59 months,,,,,,,,CH11,Birth asphyxia and birth traumaBirth asphyxia and birth trauma,,9370,9370.06500,,,,,
5454,MORT_200,Deaths per 1 000 live births,https://www.who.int/data/gho/indicator-metadata-registry/imr-details/3366,,,,PUBLISHED,Published,,2000.0,2000,,AFR,2000,2000,Africa,,NGA,Nigeria,,MONTHS1-59,1-59 months,,,,,,,,CH11,Birth asphyxia and birth traumaBirth asphyxia and birth trauma,,1.8,1.77116,,,,,
5455,MORT_100,Number of deaths,https://www.who.int/data/gho/indicator-metadata-registry/imr-details/3365,,,,PUBLISHED,Published,,2000.0,2000,,AFR,2000,2000,Africa,,NGA,Nigeria,,DAYS0-27,0-27 days,,,,,,,,CH13,"Other communicable, perinatal and nutritional conditionsOther communicable, perinatal and nutritional conditions",,9873,9872.94800,,,,,
5456,MORT_200,Deaths per 1 000 live births,https://www.who.int/data/gho/indicator-metadata-registry/imr-details/3366,,,,PUBLISHED,Published,,2000.0,2000,,AFR,2000,2000,Africa,,NGA,Nigeria,,DAYS0-27,0-27 days,,,,,,,,CH13,"Other communicable, perinatal and nutritional conditionsOther communicable, perinatal and nutritional conditions",,1.9,1.86621,,,,,
5457,MORT_300,Distribution of causes of death among children aged < 5 years (%),https://www.who.int/data/gho/indicator-metadata-registry/imr-details/89,,,,PUBLISHED,Published,,2000.0,2000,,AFR,2000,2000,Africa,,NGA,Nigeria,,DAYS0-27,0-27 days,,,,,,,,CH13,"Other communicable, perinatal and nutritional conditionsOther communicable, perinatal and nutritional conditions",,0,0.03887,,,,,
5458,MORT_100,Number of deaths,https://www.who.int/data/gho/indicator-metadata-registry/imr-details/3365,,,,PUBLISHED,Published,,2000.0,2000,,AFR,2000,2000,Africa,,NGA,Nigeria,,MONTHS1-59,1-59 months,,,,,,,,CH13,"Other communicable, perinatal and nutritional conditionsOther communicable, perinatal and nutritional conditions",,56606,56606.22000,,,,,
5459,MORT_200,Deaths per 1 000 live births,https://www.who.int/data/gho/indicator-metadata-registry/imr-details/3366,,,,PUBLISHED,Published,,2000.0,2000,,AFR,2000,2000,Africa,,NGA,Nigeria,,YEARS0-4,0-4 years,,,,,,,,CH15,Congenital anomaliesCongenital anomalies,,5.7,5.66752,,,,,
5460,MORT_300,Distribution of causes of death among children aged < 5 years (%),https://www.who.int/data/gho/indicator-metadata-registry/imr-details/89,,,,PUBLISHED,Published,,2000.0,2000,,AFR,2000,2000,Africa,,NGA,Nigeria,,YEARS0-4,0-4 years,,,,,,,,CH15,Congenital anomaliesCongenital anomalies,,0,0.02902,,,,,
5461,MORT_100,Number of deaths,https://www.who.int/data/gho/indicator-metadata-registry/imr-details/3365,,,,PUBLISHED,Published,,2000.0,2000,,AFR,2000,2000,Africa,,NGA,Nigeria,,DAYS0-27,0-27 days,,,,,,,,CH16,Other noncommunicable diseasesOther noncommunicable diseases,,249,249.17070,,,,,
5462,MORT_200,Deaths per 1 000 live births,https://www.who.int/data/gho/indicator-metadata-registry/imr-details/3366,,,,PUBLISHED,Published,,2000.0,2000,,AFR,2000,2000,Africa,,NGA,Nigeria,,DAYS0-27,0-27 days,,,,,,,,CH16,Other noncommunicable diseasesOther noncommunicable diseases,,0,0.04710,,,,,
5463,MORT_300,Distribution of causes of death among children aged < 5 years (%),https://www.who.int/data/gho/indicator-metadata-registry/imr-details/89,,,,PUBLISHED,Published,,2000.0,2000,,AFR,2000,2000,Africa,,NGA,Nigeria,,DAYS0-27,0-27 days,,,,,,,,CH16,Other noncommunicable diseasesOther noncommunicable diseases,,0,0.00098,,,,,
5464,MORT_100,Number of deaths,https://www.who.int/data/gho/indicator-metadata-registry/imr-details/3365,,,,PUBLISHED,Published,,2000.0,2000,,AFR,2000,2000,Africa,,NGA,Nigeria,,YEARS0-4,0-4 years,,,,,,,,CH17,InjuriesInjuries,,27613,27612.87000,,,,,
5465,MORT_200,Deaths per 1 000 live births,https://www.who.int/data/gho/indicator-metadata-registry/imr-details/3366,,,,PUBLISHED,Published,,2000.0,2000,,AFR,2000,2000,Africa,,NGA,Nigeria,,YEARS0-4,0-4 years,,,,,,,,CH17,InjuriesInjuries,,5.2,5.21947,,,,,
5466,MORT_300,Distribution of causes of death among children aged < 5 years (%),https://www.who.int/data/gho/indicator-metadata-registry/imr-details/89,,,,PUBLISHED,Published,,2000.0,2000,,AFR,2000,2000,Africa,,NGA,Nigeria,,YEARS0-4,0-4 years,,,,,,,,CH17,InjuriesInjuries,,0,0.02672,,,,,
5467,MORT_100,Number of deaths,https://www.who.int/data/gho/indicator-metadata-registry/imr-details/3365,,,,PUBLISHED,Published,,2001.0,2001,,AFR,2001,2001,Africa,,NGA,Nigeria,,DAYS0-27,0-27 days,,,,,,,,CH2,HIV/AIDSHIV/AIDS,,230,230.41000,,,,,
5468,MORT_300,Distribution of causes of death among children aged < 5 years (%),https://www.who.int/data/gho/indicator-metadata-registry/imr-details/89,,,,PUBLISHED,Published,,2001.0,2001,,AFR,2001,2001,Africa,,NGA,Nigeria,,MONTHS1-59,1-59 months,,,,,,,,CH3,Diarrhoeal diseasesDiarrhoeal diseases,,0.2,0.16457,,,,,
5469,MORT_100,Number of deaths,https://www.who.int/data/gho/indicator-metadata-registry/imr-details/3365,,,,PUBLISHED,Published,,2001.0,2001,,AFR,2001,2001,Africa,,NGA,Nigeria,,YEARS0-4,0-4 years,,,,,,,,CH3,Diarrhoeal diseasesDiarrhoeal diseases,,125770,125769.80000,,,,,
5470,MORT_200,Deaths per 1 000 live births,https://www.who.int/data/gho/indicator-metadata-registry/imr-details/3366,,,,PUBLISHED,Published,,2001.0,2001,,AFR,2001,2001,Africa,,NGA,Nigeria,,YEARS0-4,0-4 years,,,,,,,,CH3,Diarrhoeal diseasesDiarrhoeal diseases,,23.2,23.21991,,,,,
5471,MORT_300,Distribution of causes of death among children aged < 5 years (%),https://www.who.int/data/gho/indicator-metadata-registry/imr-details/89,,,,PUBLISHED,Published,,2001.0,2001,,AFR,2001,2001,Africa,,NGA,Nigeria,,YEARS0-4,0-4 years,,,,,,,,CH3,Diarrhoeal diseasesDiarrhoeal diseases,,0.1,0.12558,,,,,
5472,MORT_200,Deaths per 1 000 live births,https://www.who.int/data/gho/indicator-metadata-registry/imr-details/3366,,,,PUBLISHED,Published,,2001.0,2001,,AFR,2001,2001,Africa,,NGA,Nigeria,,MONTHS1-59,1-59 months,,,,,,,,CH6,MeaslesMeasles,,22.7,22.71217,,,,,
5473,MORT_300,Distribution of causes of death among children aged < 5 years (%),https://www.who.int/data/gho/indicator-metadata-registry/imr-details/89,,,,PUBLISHED,Published,,2001.0,2001,,AFR,2001,2001,Africa,,NGA,Nigeria,,MONTHS1-59,1-59 months,,,,,,,,CH6,MeaslesMeasles,,0.2,0.16468,,,,,
5474,MORT_100,Number of deaths,https://www.who.int/data/gho/indicator-metadata-registry/imr-details/3365,,,,PUBLISHED,Published,,2001.0,2001,,AFR,2001,2001,Africa,,NGA,Nigeria,,YEARS0-4,0-4 years,,,,,,,,CH6,MeaslesMeasles,,123020,123019.70000,,,,,
5475,MORT_200,Deaths per 1 000 live births,https://www.who.int/data/gho/indicator-metadata-registry/imr-details/3366,,,,PUBLISHED,Published,,2001.0,2001,,AFR,2001,2001,Africa,,NGA,Nigeria,,YEARS0-4,0-4 years,,,,,,,,CH6,MeaslesMeasles,,22.7,22.71217,,,,,
5476,MORT_300,Distribution of causes of death among children aged < 5 years (%),https://www.who.int/data/gho/indicator-metadata-registry/imr-details/89,,,,PUBLISHED,Published,,2001.0,2001,,AFR,2001,2001,Africa,,NGA,Nigeria,,DAYS0-27,0-27 days,,,,,,,,CH8,MalariaMalaria,,0,0.00000,,,,,
5477,MORT_100,Number of deaths,https://www.who.int/data/gho/indicator-metadata-registry/imr-details/3365,,,,PUBLISHED,Published,,2001.0,2001,,AFR,2001,2001,Africa,,NGA,Nigeria,,MONTHS1-59,1-59 months,,,,,,,,CH8,MalariaMalaria,,190897,190896.90000,,,,,
5478,MORT_200,Deaths per 1 000 live births,https://www.who.int/data/gho/indicator-metadata-registry/imr-details/3366,,,,PUBLISHED,Published,,2001.0,2001,,AFR,2001,2001,Africa,,NGA,Nigeria,,MONTHS1-59,1-59 months,,,,,,,,CH8,MalariaMalaria,,35.2,35.24382,,,,,
5479,MORT_300,Distribution of causes of death among children aged < 5 years (%),https://www.who.int/data/gho/indicator-metadata-registry/imr-details/89,,,,PUBLISHED,Published,,2001.0,2001,,AFR,2001,2001,Africa,,NGA,Nigeria,,MONTHS1-59,1-59 months,,,,,,,,CH8,MalariaMalaria,,0.3,0.25554,,,,,
5480,MORT_200,Deaths per 1 000 live births,https://www.who.int/data/gho/indicator-metadata-registry/imr-details/3366,,,,PUBLISHED,Published,,2001.0,2001,,AFR,2001,2001,Africa,,NGA,Nigeria,,DAYS0-27,0-27 days,,,,,,,,CH10,PrematurityPrematurity,,13.2,13.18707,,,,,
5481,MORT_300,Distribution of causes of death among children aged < 5 years (%),https://www.who.int/data/gho/indicator-metadata-registry/imr-details/89,,,,PUBLISHED,Published,,2001.0,2001,,AFR,2001,2001,Africa,,NGA,Nigeria,,DAYS0-27,0-27 days,,,,,,,,CH10,PrematurityPrematurity,,0.3,0.28068,,,,,
5482,MORT_100,Number of deaths,https://www.who.int/data/gho/indicator-metadata-registry/imr-details/3365,,,,PUBLISHED,Published,,2001.0,2001,,AFR,2001,2001,Africa,,NGA,Nigeria,,MONTHS1-59,1-59 months,,,,,,,,CH10,PrematurityPrematurity,,8316,8315.56800,,,,,
5483,MORT_200,Deaths per 1 000 live births,https://www.who.int/data/gho/indicator-metadata-registry/imr-details/3366,,,,PUBLISHED,Published,,2001.0,2001,,AFR,2001,2001,Africa,,NGA,Nigeria,,MONTHS1-59,1-59 months,,,,,,,,CH10,PrematurityPrematurity,,1.5,1.53524,,,,,
5484,MORT_100,Number of deaths,https://www.who.int/data/gho/indicator-metadata-registry/imr-details/3365,,,,PUBLISHED,Published,,2001.0,2001,,AFR,2001,2001,Africa,,NGA,Nigeria,,DAYS0-27,0-27 days,,,,,,,,CH12,Sepsis and other infectious conditions of the newbornSepsis and other infectious conditions of the newborn,,26798,26797.54000,,,,,
5485,MORT_200,Deaths per 1 000 live births,https://www.who.int/data/gho/indicator-metadata-registry/imr-details/3366,,,,PUBLISHED,Published,,2001.0,2001,,AFR,2001,2001,Africa,,NGA,Nigeria,,DAYS0-27,0-27 days,,,,,,,,CH12,Sepsis and other infectious conditions of the newbornSepsis and other infectious conditions of the newborn,,4.9,4.94742,,,,,
5486,MORT_300,Distribution of causes of death among children aged < 5 years (%),https://www.who.int/data/gho/indicator-metadata-registry/imr-details/89,,,,PUBLISHED,Published,,2001.0,2001,,AFR,2001,2001,Africa,,NGA,Nigeria,,DAYS0-27,0-27 days,,,,,,,,CH12,Sepsis and other infectious conditions of the newbornSepsis and other infectious conditions of the newborn,,0.1,0.10530,,,,,
5487,MORT_100,Number of deaths,https://www.who.int/data/gho/indicator-metadata-registry/imr-details/3365,,,,PUBLISHED,Published,,2001.0,2001,,AFR,2001,2001,Africa,,NGA,Nigeria,,MONTHS1-59,1-59 months,,,,,,,,CH12,Sepsis and other infectious conditions of the newbornSepsis and other infectious conditions of the newborn,,0,0.00000,,,,,
5488,MORT_200,Deaths per 1 000 live births,https://www.who.int/data/gho/indicator-metadata-registry/imr-details/3366,,,,PUBLISHED,Published,,2001.0,2001,,AFR,2001,2001,Africa,,NGA,Nigeria,,YEARS0-4,0-4 years,,,,,,,,CH13,"Other communicable, perinatal and nutritional conditionsOther communicable, perinatal and nutritional conditions",,12.4,12.40756,,,,,
5489,MORT_300,Distribution of causes of death among children aged < 5 years (%),https://www.who.int/data/gho/indicator-metadata-registry/imr-details/89,,,,PUBLISHED,Published,,2001.0,2001,,AFR,2001,2001,Africa,,NGA,Nigeria,,YEARS0-4,0-4 years,,,,,,,,CH13,"Other communicable, perinatal and nutritional conditionsOther communicable, perinatal and nutritional conditions",,0.1,0.06710,,,,,
5490,MORT_100,Number of deaths,https://www.who.int/data/gho/indicator-metadata-registry/imr-details/3365,,,,PUBLISHED,Published,,2001.0,2001,,AFR,2001,2001,Africa,,NGA,Nigeria,,DAYS0-27,0-27 days,,,,,,,,CH15,Congenital anomaliesCongenital anomalies,,15096,15095.99000,,,,,
5491,MORT_200,Deaths per 1 000 live births,https://www.who.int/data/gho/indicator-metadata-registry/imr-details/3366,,,,PUBLISHED,Published,,2001.0,2001,,AFR,2001,2001,Africa,,NGA,Nigeria,,DAYS0-27,0-27 days,,,,,,,,CH15,Congenital anomaliesCongenital anomalies,,2.8,2.78706,,,,,
5492,MORT_300,Distribution of causes of death among children aged < 5 years (%),https://www.who.int/data/gho/indicator-metadata-registry/imr-details/89,,,,PUBLISHED,Published,,2001.0,2001,,AFR,2001,2001,Africa,,NGA,Nigeria,,DAYS0-27,0-27 days,,,,,,,,CH15,Congenital anomaliesCongenital anomalies,,0.1,0.05932,,,,,
5493,MORT_100,Number of deaths,https://www.who.int/data/gho/indicator-metadata-registry/imr-details/3365,,,,PUBLISHED,Published,,2001.0,2001,,AFR,2001,2001,Africa,,NGA,Nigeria,,YEARS0-4,0-4 years,,,,,,,,CH16,Other noncommunicable diseasesOther noncommunicable diseases,,19568,19567.74000,,,,,
5494,MORT_200,Deaths per 1 000 live births,https://www.who.int/data/gho/indicator-metadata-registry/imr-details/3366,,,,PUBLISHED,Published,,2001.0,2001,,AFR,2001,2001,Africa,,NGA,Nigeria,,YEARS0-4,0-4 years,,,,,,,,CH16,Other noncommunicable diseasesOther noncommunicable diseases,,3.6,3.61264,,,,,
5495,MORT_300,Distribution of causes of death among children aged < 5 years (%),https://www.who.int/data/gho/indicator-metadata-registry/imr-details/89,,,,PUBLISHED,Published,,2001.0,2001,,AFR,2001,2001,Africa,,NGA,Nigeria,,YEARS0-4,0-4 years,,,,,,,,CH16,Other noncommunicable diseasesOther noncommunicable diseases,,0,0.01954,,,,,
5496,MORT_100,Number of deaths,https://www.who.int/data/gho/indicator-metadata-registry/imr-details/3365,,,,PUBLISHED,Published,,2001.0,2001,,AFR,2001,2001,Africa,,NGA,Nigeria,,DAYS0-27,0-27 days,,,,,,,,CH17,InjuriesInjuries,,3076,3075.95800,,,,,
5497,MORT_300,Distribution of causes of death among children aged < 5 years (%),https://www.who.int/data/gho/indicator-metadata-registry/imr-details/89,,,,PUBLISHED,Published,,2002.0,2002,,AFR,2002,2002,Africa,,NGA,Nigeria,,MONTHS1-59,1-59 months,,,,,,,,CH2,HIV/AIDSHIV/AIDS,,0,0.03480,,,,,
5498,MORT_100,Number of deaths,https://www.who.int/data/gho/indicator-metadata-registry/imr-details/3365,,,,PUBLISHED,Published,,2002.0,2002,,AFR,2002,2002,Africa,,NGA,Nigeria,,YEARS0-4,0-4 years,,,,,,,,CH2,HIV/AIDSHIV/AIDS,,23779,23779.00000,,,,,
5499,MORT_200,Deaths per 1 000 live births,https://www.who.int/data/gho/indicator-metadata-registry/imr-details/3366,,,,PUBLISHED,Published,,2002.0,2002,,AFR,2002,2002,Africa,,NGA,Nigeria,,YEARS0-4,0-4 years,,,,,,,,CH2,HIV/AIDSHIV/AIDS,,4.3,4.28962,,,,,
5500,MORT_300,Distribution of causes of death among children aged < 5 years (%),https://www.who.int/data/gho/indicator-metadata-registry/imr-details/89,,,,PUBLISHED,Published,,2002.0,2002,,AFR,2002,2002,Africa,,NGA,Nigeria,,YEARS0-4,0-4 years,,,,,,,,CH2,HIV/AIDSHIV/AIDS,,0,0.02555,,,,,
5501,MORT_100,Number of deaths,https://www.who.int/data/gho/indicator-metadata-registry/imr-details/3365,,,,PUBLISHED,Published,,2002.0,2002,,AFR,2002,2002,Africa,,NGA,Nigeria,,MONTHS1-59,1-59 months,,,,,,,,CH5,TetanusTetanus,,112,111.92320,,,,,
5502,MORT_200,Deaths per 1 000 live births,https://www.who.int/data/gho/indicator-metadata-registry/imr-details/3366,,,,PUBLISHED,Published,,2002.0,2002,,AFR,2002,2002,Africa,,NGA,Nigeria,,MONTHS1-59,1-59 months,,,,,,,,CH5,TetanusTetanus,,0,0.02019,,,,,
5503,MORT_300,Distribution of causes of death among children aged < 5 years (%),https://www.who.int/data/gho/indicator-metadata-registry/imr-details/89,,,,PUBLISHED,Published,,2002.0,2002,,AFR,2002,2002,Africa,,NGA,Nigeria,,MONTHS1-59,1-59 months,,,,,,,,CH5,TetanusTetanus,,0,0.00017,,,,,
5504,MORT_100,Number of deaths,https://www.who.int/data/gho/indicator-metadata-registry/imr-details/3365,,,,PUBLISHED,Published,,2002.0,2002,,AFR,2002,2002,Africa,,NGA,Nigeria,,YEARS0-4,0-4 years,,,,,,,,CH5,TetanusTetanus,,15878,15878.34000,,,,,
5505,MORT_200,Deaths per 1 000 live births,https://www.who.int/data/gho/indicator-metadata-registry/imr-details/3366,,,,PUBLISHED,Published,,2002.0,2002,,AFR,2002,2002,Africa,,NGA,Nigeria,,YEARS0-4,0-4 years,,,,,,,,CH5,TetanusTetanus,,2.9,2.86438,,,,,
5506,MORT_300,Distribution of causes of death among children aged < 5 years (%),https://www.who.int/data/gho/indicator-metadata-registry/imr-details/89,,,,PUBLISHED,Published,,2002.0,2002,,AFR,2002,2002,Africa,,NGA,Nigeria,,DAYS0-27,0-27 days,,,,,,,,CH7,Meningitis/encephalitisMeningitis/encephalitis,,0,0.01431,,,,,
5507,MORT_100,Number of deaths,https://www.who.int/data/gho/indicator-metadata-registry/imr-details/3365,,,,PUBLISHED,Published,,2002.0,2002,,AFR,2002,2002,Africa,,NGA,Nigeria,,MONTHS1-59,1-59 months,,,,,,,,CH7,Meningitis/encephalitisMeningitis/encephalitis,,21297,21296.97000,,,,,
5508,MORT_200,Deaths per 1 000 live births,https://www.who.int/data/gho/indicator-metadata-registry/imr-details/3366,,,,PUBLISHED,Published,,2002.0,2002,,AFR,2002,2002,Africa,,NGA,Nigeria,,MONTHS1-59,1-59 months,,,,,,,,CH7,Meningitis/encephalitisMeningitis/encephalitis,,3.8,3.84188,,,,,
5509,MORT_300,Distribution of causes of death among children aged < 5 years (%),https://www.who.int/data/gho/indicator-metadata-registry/imr-details/89,,,,PUBLISHED,Published,,2002.0,2002,,AFR,2002,2002,Africa,,NGA,Nigeria,,MONTHS1-59,1-59 months,,,,,,,,CH7,Meningitis/encephalitisMeningitis/encephalitis,,0,0.03148,,,,,
5510,MORT_200,Deaths per 1 000 live births,https://www.who.int/data/gho/indicator-metadata-registry/imr-details/3366,,,,PUBLISHED,Published,,2002.0,2002,,AFR,2002,2002,Africa,,NGA,Nigeria,,DAYS0-27,0-27 days,,,,,,,,CH9,Acute lower respiratory infectionsAcute lower respiratory infections,,3.6,3.64108,,,,,
5511,MORT_300,Distribution of causes of death among children aged < 5 years (%),https://www.who.int/data/gho/indicator-metadata-registry/imr-details/89,,,,PUBLISHED,Published,,2002.0,2002,,AFR,2002,2002,Africa,,NGA,Nigeria,,DAYS0-27,0-27 days,,,,,,,,CH9,Acute lower respiratory infectionsAcute lower respiratory infections,,0.1,0.07939,,,,,
5512,MORT_100,Number of deaths,https://www.who.int/data/gho/indicator-metadata-registry/imr-details/3365,,,,PUBLISHED,Published,,2002.0,2002,,AFR,2002,2002,Africa,,NGA,Nigeria,,MONTHS1-59,1-59 months,,,,,,,,CH9,Acute lower respiratory infectionsAcute lower respiratory infections,,131226,131226.30000,,,,,
5513,MORT_200,Deaths per 1 000 live births,https://www.who.int/data/gho/indicator-metadata-registry/imr-details/3366,,,,PUBLISHED,Published,,2002.0,2002,,AFR,2002,2002,Africa,,NGA,Nigeria,,MONTHS1-59,1-59 months,,,,,,,,CH9,Acute lower respiratory infectionsAcute lower respiratory infections,,23.7,23.67263,,,,,
5514,MORT_100,Number of deaths,https://www.who.int/data/gho/indicator-metadata-registry/imr-details/3365,,,,PUBLISHED,Published,,2002.0,2002,,AFR,2002,2002,Africa,,NGA,Nigeria,,DAYS0-27,0-27 days,,,,,,,,CH11,Birth asphyxia and birth traumaBirth asphyxia and birth trauma,,84411,84410.55000,,,,,
5515,MORT_200,Deaths per 1 000 live births,https://www.who.int/data/gho/indicator-metadata-registry/imr-details/3366,,,,PUBLISHED,Published,,2002.0,2002,,AFR,2002,2002,Africa,,NGA,Nigeria,,DAYS0-27,0-27 days,,,,,,,,CH11,Birth asphyxia and birth traumaBirth asphyxia and birth trauma,,15.2,15.22728,,,,,
5516,MORT_300,Distribution of causes of death among children aged < 5 years (%),https://www.who.int/data/gho/indicator-metadata-registry/imr-details/89,,,,PUBLISHED,Published,,2002.0,2002,,AFR,2002,2002,Africa,,NGA,Nigeria,,DAYS0-27,0-27 days,,,,,,,,CH11,Birth asphyxia and birth traumaBirth asphyxia and birth trauma,,0.3,0.33200,,,,,
5517,MORT_100,Number of deaths,https://www.who.int/data/gho/indicator-metadata-registry/imr-details/3365,,,,PUBLISHED,Published,,2002.0,2002,,AFR,2002,2002,Africa,,NGA,Nigeria,,MONTHS1-59,1-59 months,,,,,,,,CH11,Birth asphyxia and birth traumaBirth asphyxia and birth trauma,,9508,9508.25900,,,,,
5518,MORT_200,Deaths per 1 000 live births,https://www.who.int/data/gho/indicator-metadata-registry/imr-details/3366,,,,PUBLISHED,Published,,2002.0,2002,,AFR,2002,2002,Africa,,NGA,Nigeria,,YEARS0-4,0-4 years,,,,,,,,CH12,Sepsis and other infectious conditions of the newbornSepsis and other infectious conditions of the newborn,,5,4.97296,,,,,
5519,MORT_300,Distribution of causes of death among children aged < 5 years (%),https://www.who.int/data/gho/indicator-metadata-registry/imr-details/89,,,,PUBLISHED,Published,,2002.0,2002,,AFR,2002,2002,Africa,,NGA,Nigeria,,YEARS0-4,0-4 years,,,,,,,,CH12,Sepsis and other infectious conditions of the newbornSepsis and other infectious conditions of the newborn,,0,0.02962,,,,,
5520,MORT_100,Number of deaths,https://www.who.int/data/gho/indicator-metadata-registry/imr-details/3365,,,,PUBLISHED,Published,,2002.0,2002,,AFR,2002,2002,Africa,,NGA,Nigeria,,DAYS0-27,0-27 days,,,,,,,,CH13,"Other communicable, perinatal and nutritional conditionsOther communicable, perinatal and nutritional conditions",,10520,10519.82000,,,,,
5521,MORT_200,Deaths per 1 000 live births,https://www.who.int/data/gho/indicator-metadata-registry/imr-details/3366,,,,PUBLISHED,Published,,2002.0,2002,,AFR,2002,2002,Africa,,NGA,Nigeria,,DAYS0-27,0-27 days,,,,,,,,CH13,"Other communicable, perinatal and nutritional conditionsOther communicable, perinatal and nutritional conditions",,1.9,1.89773,,,,,
5522,MORT_300,Distribution of causes of death among children aged < 5 years (%),https://www.who.int/data/gho/indicator-metadata-registry/imr-details/89,,,,PUBLISHED,Published,,2002.0,2002,,AFR,2002,2002,Africa,,NGA,Nigeria,,DAYS0-27,0-27 days,,,,,,,,CH13,"Other communicable, perinatal and nutritional conditionsOther communicable, perinatal and nutritional conditions",,0,0.04138,,,,,
5523,MORT_100,Number of deaths,https://www.who.int/data/gho/indicator-metadata-registry/imr-details/3365,,,,PUBLISHED,Published,,2002.0,2002,,AFR,2002,2002,Africa,,NGA,Nigeria,,YEARS0-4,0-4 years,,,,,,,,CH15,Congenital anomaliesCongenital anomalies,,29746,29746.41000,,,,,
5524,MORT_200,Deaths per 1 000 live births,https://www.who.int/data/gho/indicator-metadata-registry/imr-details/3366,,,,PUBLISHED,Published,,2002.0,2002,,AFR,2002,2002,Africa,,NGA,Nigeria,,YEARS0-4,0-4 years,,,,,,,,CH15,Congenital anomaliesCongenital anomalies,,5.4,5.36612,,,,,
5525,MORT_300,Distribution of causes of death among children aged < 5 years (%),https://www.who.int/data/gho/indicator-metadata-registry/imr-details/89,,,,PUBLISHED,Published,,2002.0,2002,,AFR,2002,2002,Africa,,NGA,Nigeria,,YEARS0-4,0-4 years,,,,,,,,CH15,Congenital anomaliesCongenital anomalies,,0,0.03196,,,,,
5526,MORT_100,Number of deaths,https://www.who.int/data/gho/indicator-metadata-registry/imr-details/3365,,,,PUBLISHED,Published,,2002.0,2002,,AFR,2002,2002,Africa,,NGA,Nigeria,,DAYS0-27,0-27 days,,,,,,,,CH16,Other noncommunicable diseasesOther noncommunicable diseases,,267,266.81920,,,,,
5527,MORT_300,Distribution of causes of death among children aged < 5 years (%),https://www.who.int/data/gho/indicator-metadata-registry/imr-details/89,,,,PUBLISHED,Published,,2002.0,2002,,AFR,2002,2002,Africa,,NGA,Nigeria,,MONTHS1-59,1-59 months,,,,,,,,CH17,InjuriesInjuries,,0,0.03790,,,,,
5528,MORT_100,Number of deaths,https://www.who.int/data/gho/indicator-metadata-registry/imr-details/3365,,,,PUBLISHED,Published,,2002.0,2002,,AFR,2002,2002,Africa,,NGA,Nigeria,,YEARS0-4,0-4 years,,,,,,,,CH17,InjuriesInjuries,,28756,28756.04000,,,,,
5529,MORT_200,Deaths per 1 000 live births,https://www.who.int/data/gho/indicator-metadata-registry/imr-details/3366,,,,PUBLISHED,Published,,2002.0,2002,,AFR,2002,2002,Africa,,NGA,Nigeria,,YEARS0-4,0-4 years,,,,,,,,CH17,InjuriesInjuries,,5.2,5.18746,,,,,
5530,MORT_300,Distribution of causes of death among children aged < 5 years (%),https://www.who.int/data/gho/indicator-metadata-registry/imr-details/89,,,,PUBLISHED,Published,,2002.0,2002,,AFR,2002,2002,Africa,,NGA,Nigeria,,YEARS0-4,0-4 years,,,,,,,,CH17,InjuriesInjuries,,0,0.03090,,,,,
5531,MORT_100,Number of deaths,https://www.who.int/data/gho/indicator-metadata-registry/imr-details/3365,,,,PUBLISHED,Published,,2003.0,2003,,AFR,2003,2003,Africa,,NGA,Nigeria,,MONTHS1-59,1-59 months,,,,,,,,CH3,Diarrhoeal diseasesDiarrhoeal diseases,,110674,110674.40000,,,,,
5532,MORT_200,Deaths per 1 000 live births,https://www.who.int/data/gho/indicator-metadata-registry/imr-details/3366,,,,PUBLISHED,Published,,2003.0,2003,,AFR,2003,2003,Africa,,NGA,Nigeria,,MONTHS1-59,1-59 months,,,,,,,,CH3,Diarrhoeal diseasesDiarrhoeal diseases,,19.5,19.51763,,,,,
5533,MORT_300,Distribution of causes of death among children aged < 5 years (%),https://www.who.int/data/gho/indicator-metadata-registry/imr-details/89,,,,PUBLISHED,Published,,2003.0,2003,,AFR,2003,2003,Africa,,NGA,Nigeria,,MONTHS1-59,1-59 months,,,,,,,,CH3,Diarrhoeal diseasesDiarrhoeal diseases,,0.1,0.14469,,,,,
5534,MORT_100,Number of deaths,https://www.who.int/data/gho/indicator-metadata-registry/imr-details/3365,,,,PUBLISHED,Published,,2003.0,2003,,AFR,2003,2003,Africa,,NGA,Nigeria,,YEARS0-4,0-4 years,,,,,,,,CH3,Diarrhoeal diseasesDiarrhoeal diseases,,113395,113394.70000,,,,,
5535,MORT_200,Deaths per 1 000 live births,https://www.who.int/data/gho/indicator-metadata-registry/imr-details/3366,,,,PUBLISHED,Published,,2003.0,2003,,AFR,2003,2003,Africa,,NGA,Nigeria,,YEARS0-4,0-4 years,,,,,,,,CH3,Diarrhoeal diseasesDiarrhoeal diseases,,20,19.99736,,,,,
5536,MORT_300,Distribution of causes of death among children aged < 5 years (%),https://www.who.int/data/gho/indicator-metadata-registry/imr-details/89,,,,PUBLISHED,Published,,2003.0,2003,,AFR,2003,2003,Africa,,NGA,Nigeria,,DAYS0-27,0-27 days,,,,,,,,CH6,MeaslesMeasles,,0,0.00000,,,,,
5537,MORT_100,Number of deaths,https://www.who.int/data/gho/indicator-metadata-registry/imr-details/3365,,,,PUBLISHED,Published,,2003.0,2003,,AFR,2003,2003,Africa,,NGA,Nigeria,,MONTHS1-59,1-59 months,,,,,,,,CH6,MeaslesMeasles,,145481,145481.00000,,,,,
5538,MORT_200,Deaths per 1 000 live births,https://www.who.int/data/gho/indicator-metadata-registry/imr-details/3366,,,,PUBLISHED,Published,,2003.0,2003,,AFR,2003,2003,Africa,,NGA,Nigeria,,MONTHS1-59,1-59 months,,,,,,,,CH6,MeaslesMeasles,,25.7,25.65583,,,,,
5539,MORT_300,Distribution of causes of death among children aged < 5 years (%),https://www.who.int/data/gho/indicator-metadata-registry/imr-details/89,,,,PUBLISHED,Published,,2003.0,2003,,AFR,2003,2003,Africa,,NGA,Nigeria,,MONTHS1-59,1-59 months,,,,,,,,CH6,MeaslesMeasles,,0.2,0.19019,,,,,
5540,MORT_200,Deaths per 1 000 live births,https://www.who.int/data/gho/indicator-metadata-registry/imr-details/3366,,,,PUBLISHED,Published,,2003.0,2003,,AFR,2003,2003,Africa,,NGA,Nigeria,,DAYS0-27,0-27 days,,,,,,,,CH8,MalariaMalaria,,0,0.00000,,,,,
5541,MORT_300,Distribution of causes of death among children aged < 5 years (%),https://www.who.int/data/gho/indicator-metadata-registry/imr-details/89,,,,PUBLISHED,Published,,2003.0,2003,,AFR,2003,2003,Africa,,NGA,Nigeria,,DAYS0-27,0-27 days,,,,,,,,CH8,MalariaMalaria,,0,0.00000,,,,,
5542,MORT_100,Number of deaths,https://www.who.int/data/gho/indicator-metadata-registry/imr-details/3365,,,,PUBLISHED,Published,,2003.0,2003,,AFR,2003,2003,Africa,,NGA,Nigeria,,MONTHS1-59,1-59 months,,,,,,,,CH8,MalariaMalaria,,192682,192681.70000,,,,,
5543,MORT_200,Deaths per 1 000 live births,https://www.who.int/data/gho/indicator-metadata-registry/imr-details/3366,,,,PUBLISHED,Published,,2003.0,2003,,AFR,2003,2003,Africa,,NGA,Nigeria,,MONTHS1-59,1-59 months,,,,,,,,CH8,MalariaMalaria,,34,33.97977,,,,,
5544,MORT_100,Number of deaths,https://www.who.int/data/gho/indicator-metadata-registry/imr-details/3365,,,,PUBLISHED,Published,,2003.0,2003,,AFR,2003,2003,Africa,,NGA,Nigeria,,DAYS0-27,0-27 days,,,,,,,,CH10,PrematurityPrematurity,,70865,70864.84000,,,,,
5545,MORT_200,Deaths per 1 000 live births,https://www.who.int/data/gho/indicator-metadata-registry/imr-details/3366,,,,PUBLISHED,Published,,2003.0,2003,,AFR,2003,2003,Africa,,NGA,Nigeria,,DAYS0-27,0-27 days,,,,,,,,CH10,PrematurityPrematurity,,12.5,12.49714,,,,,
5546,MORT_300,Distribution of causes of death among children aged < 5 years (%),https://www.who.int/data/gho/indicator-metadata-registry/imr-details/89,,,,PUBLISHED,Published,,2003.0,2003,,AFR,2003,2003,Africa,,NGA,Nigeria,,DAYS0-27,0-27 days,,,,,,,,CH10,PrematurityPrematurity,,0.3,0.27939,,,,,
5547,MORT_100,Number of deaths,https://www.who.int/data/gho/indicator-metadata-registry/imr-details/3365,,,,PUBLISHED,Published,,2003.0,2003,,AFR,2003,2003,Africa,,NGA,Nigeria,,MONTHS1-59,1-59 months,,,,,,,,CH10,PrematurityPrematurity,,8165,8164.74600,,,,,
5548,MORT_200,Deaths per 1 000 live births,https://www.who.int/data/gho/indicator-metadata-registry/imr-details/3366,,,,PUBLISHED,Published,,2003.0,2003,,AFR,2003,2003,Africa,,NGA,Nigeria,,YEARS0-4,0-4 years,,,,,,,,CH11,Birth asphyxia and birth traumaBirth asphyxia and birth trauma,,16.5,16.53913,,,,,
5549,MORT_300,Distribution of causes of death among children aged < 5 years (%),https://www.who.int/data/gho/indicator-metadata-registry/imr-details/89,,,,PUBLISHED,Published,,2003.0,2003,,AFR,2003,2003,Africa,,NGA,Nigeria,,YEARS0-4,0-4 years,,,,,,,,CH11,Birth asphyxia and birth traumaBirth asphyxia and birth trauma,,0.1,0.09208,,,,,
5550,MORT_100,Number of deaths,https://www.who.int/data/gho/indicator-metadata-registry/imr-details/3365,,,,PUBLISHED,Published,,2003.0,2003,,AFR,2003,2003,Africa,,NGA,Nigeria,,DAYS0-27,0-27 days,,,,,,,,CH12,Sepsis and other infectious conditions of the newbornSepsis and other infectious conditions of the newborn,,28342,28341.97000,,,,,
5551,MORT_200,Deaths per 1 000 live births,https://www.who.int/data/gho/indicator-metadata-registry/imr-details/3366,,,,PUBLISHED,Published,,2003.0,2003,,AFR,2003,2003,Africa,,NGA,Nigeria,,DAYS0-27,0-27 days,,,,,,,,CH12,Sepsis and other infectious conditions of the newbornSepsis and other infectious conditions of the newborn,,5,4.99816,,,,,
5552,MORT_300,Distribution of causes of death among children aged < 5 years (%),https://www.who.int/data/gho/indicator-metadata-registry/imr-details/89,,,,PUBLISHED,Published,,2003.0,2003,,AFR,2003,2003,Africa,,NGA,Nigeria,,DAYS0-27,0-27 days,,,,,,,,CH12,Sepsis and other infectious conditions of the newbornSepsis and other infectious conditions of the newborn,,0.1,0.11174,,,,,
5553,MORT_100,Number of deaths,https://www.who.int/data/gho/indicator-metadata-registry/imr-details/3365,,,,PUBLISHED,Published,,2003.0,2003,,AFR,2003,2003,Africa,,NGA,Nigeria,,YEARS0-4,0-4 years,,,,,,,,CH13,"Other communicable, perinatal and nutritional conditionsOther communicable, perinatal and nutritional conditions",,66295,66294.63000,,,,,
5554,MORT_200,Deaths per 1 000 live births,https://www.who.int/data/gho/indicator-metadata-registry/imr-details/3366,,,,PUBLISHED,Published,,2003.0,2003,,AFR,2003,2003,Africa,,NGA,Nigeria,,YEARS0-4,0-4 years,,,,,,,,CH13,"Other communicable, perinatal and nutritional conditionsOther communicable, perinatal and nutritional conditions",,11.7,11.69118,,,,,
5555,MORT_300,Distribution of causes of death among children aged < 5 years (%),https://www.who.int/data/gho/indicator-metadata-registry/imr-details/89,,,,PUBLISHED,Published,,2003.0,2003,,AFR,2003,2003,Africa,,NGA,Nigeria,,YEARS0-4,0-4 years,,,,,,,,CH13,"Other communicable, perinatal and nutritional conditionsOther communicable, perinatal and nutritional conditions",,0.1,0.06509,,,,,
5556,MORT_100,Number of deaths,https://www.who.int/data/gho/indicator-metadata-registry/imr-details/3365,,,,PUBLISHED,Published,,2003.0,2003,,AFR,2003,2003,Africa,,NGA,Nigeria,,DAYS0-27,0-27 days,,,,,,,,CH15,Congenital anomaliesCongenital anomalies,,14528,14527.74000,,,,,
5557,MORT_300,Distribution of causes of death among children aged < 5 years (%),https://www.who.int/data/gho/indicator-metadata-registry/imr-details/89,,,,PUBLISHED,Published,,2003.0,2003,,AFR,2003,2003,Africa,,NGA,Nigeria,,MONTHS1-59,1-59 months,,,,,,,,CH16,Other noncommunicable diseasesOther noncommunicable diseases,,0,0.02472,,,,,
5558,MORT_100,Number of deaths,https://www.who.int/data/gho/indicator-metadata-registry/imr-details/3365,,,,PUBLISHED,Published,,2003.0,2003,,AFR,2003,2003,Africa,,NGA,Nigeria,,YEARS0-4,0-4 years,,,,,,,,CH16,Other noncommunicable diseasesOther noncommunicable diseases,,19182,19182.15000,,,,,
5559,MORT_200,Deaths per 1 000 live births,https://www.who.int/data/gho/indicator-metadata-registry/imr-details/3366,,,,PUBLISHED,Published,,2003.0,2003,,AFR,2003,2003,Africa,,NGA,Nigeria,,YEARS0-4,0-4 years,,,,,,,,CH16,Other noncommunicable diseasesOther noncommunicable diseases,,3.4,3.38281,,,,,
5560,MORT_300,Distribution of causes of death among children aged < 5 years (%),https://www.who.int/data/gho/indicator-metadata-registry/imr-details/89,,,,PUBLISHED,Published,,2003.0,2003,,AFR,2003,2003,Africa,,NGA,Nigeria,,YEARS0-4,0-4 years,,,,,,,,CH16,Other noncommunicable diseasesOther noncommunicable diseases,,0,0.01883,,,,,
5561,MORT_100,Number of deaths,https://www.who.int/data/gho/indicator-metadata-registry/imr-details/3365,,,,PUBLISHED,Published,,2004.0,2004,,AFR,2004,2004,Africa,,NGA,Nigeria,,MONTHS1-59,1-59 months,,,,,,,,CH2,HIV/AIDSHIV/AIDS,,24226,24226.29000,,,,,
5562,MORT_200,Deaths per 1 000 live births,https://www.who.int/data/gho/indicator-metadata-registry/imr-details/3366,,,,PUBLISHED,Published,,2004.0,2004,,AFR,2004,2004,Africa,,NGA,Nigeria,,MONTHS1-59,1-59 months,,,,,,,,CH2,HIV/AIDSHIV/AIDS,,4.2,4.17887,,,,,
5563,MORT_300,Distribution of causes of death among children aged < 5 years (%),https://www.who.int/data/gho/indicator-metadata-registry/imr-details/89,,,,PUBLISHED,Published,,2004.0,2004,,AFR,2004,2004,Africa,,NGA,Nigeria,,MONTHS1-59,1-59 months,,,,,,,,CH2,HIV/AIDSHIV/AIDS,,0,0.03658,,,,,
5564,MORT_100,Number of deaths,https://www.who.int/data/gho/indicator-metadata-registry/imr-details/3365,,,,PUBLISHED,Published,,2004.0,2004,,AFR,2004,2004,Africa,,NGA,Nigeria,,YEARS0-4,0-4 years,,,,,,,,CH2,HIV/AIDSHIV/AIDS,,24471,24471.00000,,,,,
5565,MORT_200,Deaths per 1 000 live births,https://www.who.int/data/gho/indicator-metadata-registry/imr-details/3366,,,,PUBLISHED,Published,,2004.0,2004,,AFR,2004,2004,Africa,,NGA,Nigeria,,YEARS0-4,0-4 years,,,,,,,,CH2,HIV/AIDSHIV/AIDS,,4.2,4.22108,,,,,
5566,MORT_300,Distribution of causes of death among children aged < 5 years (%),https://www.who.int/data/gho/indicator-metadata-registry/imr-details/89,,,,PUBLISHED,Published,,2004.0,2004,,AFR,2004,2004,Africa,,NGA,Nigeria,,DAYS0-27,0-27 days,,,,,,,,CH5,TetanusTetanus,,0.1,0.05320,,,,,
5567,MORT_100,Number of deaths,https://www.who.int/data/gho/indicator-metadata-registry/imr-details/3365,,,,PUBLISHED,Published,,2004.0,2004,,AFR,2004,2004,Africa,,NGA,Nigeria,,MONTHS1-59,1-59 months,,,,,,,,CH5,TetanusTetanus,,100,100.35830,,,,,
5568,MORT_200,Deaths per 1 000 live births,https://www.who.int/data/gho/indicator-metadata-registry/imr-details/3366,,,,PUBLISHED,Published,,2004.0,2004,,AFR,2004,2004,Africa,,NGA,Nigeria,,MONTHS1-59,1-59 months,,,,,,,,CH5,TetanusTetanus,,0,0.01731,,,,,
5569,MORT_300,Distribution of causes of death among children aged < 5 years (%),https://www.who.int/data/gho/indicator-metadata-registry/imr-details/89,,,,PUBLISHED,Published,,2004.0,2004,,AFR,2004,2004,Africa,,NGA,Nigeria,,MONTHS1-59,1-59 months,,,,,,,,CH5,TetanusTetanus,,0,0.00015,,,,,
5570,MORT_200,Deaths per 1 000 live births,https://www.who.int/data/gho/indicator-metadata-registry/imr-details/3366,,,,PUBLISHED,Published,,2004.0,2004,,AFR,2004,2004,Africa,,NGA,Nigeria,,DAYS0-27,0-27 days,,,,,,,,CH7,Meningitis/encephalitisMeningitis/encephalitis,,0.6,0.62060,,,,,
5571,MORT_300,Distribution of causes of death among children aged < 5 years (%),https://www.who.int/data/gho/indicator-metadata-registry/imr-details/89,,,,PUBLISHED,Published,,2004.0,2004,,AFR,2004,2004,Africa,,NGA,Nigeria,,DAYS0-27,0-27 days,,,,,,,,CH7,Meningitis/encephalitisMeningitis/encephalitis,,0,0.01423,,,,,
5572,MORT_100,Number of deaths,https://www.who.int/data/gho/indicator-metadata-registry/imr-details/3365,,,,PUBLISHED,Published,,2004.0,2004,,AFR,2004,2004,Africa,,NGA,Nigeria,,MONTHS1-59,1-59 months,,,,,,,,CH7,Meningitis/encephalitisMeningitis/encephalitis,,30507,30506.76000,,,,,
5573,MORT_200,Deaths per 1 000 live births,https://www.who.int/data/gho/indicator-metadata-registry/imr-details/3366,,,,PUBLISHED,Published,,2004.0,2004,,AFR,2004,2004,Africa,,NGA,Nigeria,,MONTHS1-59,1-59 months,,,,,,,,CH7,Meningitis/encephalitisMeningitis/encephalitis,,5.3,5.26221,,,,,
5574,MORT_100,Number of deaths,https://www.who.int/data/gho/indicator-metadata-registry/imr-details/3365,,,,PUBLISHED,Published,,2004.0,2004,,AFR,2004,2004,Africa,,NGA,Nigeria,,DAYS0-27,0-27 days,,,,,,,,CH9,Acute lower respiratory infectionsAcute lower respiratory infections,,20246,20246.17000,,,,,
5575,MORT_200,Deaths per 1 000 live births,https://www.who.int/data/gho/indicator-metadata-registry/imr-details/3366,,,,PUBLISHED,Published,,2004.0,2004,,AFR,2004,2004,Africa,,NGA,Nigeria,,DAYS0-27,0-27 days,,,,,,,,CH9,Acute lower respiratory infectionsAcute lower respiratory infections,,3.5,3.49233,,,,,
5576,MORT_300,Distribution of causes of death among children aged < 5 years (%),https://www.who.int/data/gho/indicator-metadata-registry/imr-details/89,,,,PUBLISHED,Published,,2004.0,2004,,AFR,2004,2004,Africa,,NGA,Nigeria,,DAYS0-27,0-27 days,,,,,,,,CH9,Acute lower respiratory infectionsAcute lower respiratory infections,,0.1,0.08009,,,,,
5577,MORT_100,Number of deaths,https://www.who.int/data/gho/indicator-metadata-registry/imr-details/3365,,,,PUBLISHED,Published,,2004.0,2004,,AFR,2004,2004,Africa,,NGA,Nigeria,,MONTHS1-59,1-59 months,,,,,,,,CH9,Acute lower respiratory infectionsAcute lower respiratory infections,,126990,126990.00000,,,,,
5578,MORT_200,Deaths per 1 000 live births,https://www.who.int/data/gho/indicator-metadata-registry/imr-details/3366,,,,PUBLISHED,Published,,2004.0,2004,,AFR,2004,2004,Africa,,NGA,Nigeria,,YEARS0-4,0-4 years,,,,,,,,CH10,PrematurityPrematurity,,13.6,13.62496,,,,,
5579,MORT_300,Distribution of causes of death among children aged < 5 years (%),https://www.who.int/data/gho/indicator-metadata-registry/imr-details/89,,,,PUBLISHED,Published,,2004.0,2004,,AFR,2004,2004,Africa,,NGA,Nigeria,,YEARS0-4,0-4 years,,,,,,,,CH10,PrematurityPrematurity,,0.1,0.08632,,,,,
5580,MORT_100,Number of deaths,https://www.who.int/data/gho/indicator-metadata-registry/imr-details/3365,,,,PUBLISHED,Published,,2004.0,2004,,AFR,2004,2004,Africa,,NGA,Nigeria,,DAYS0-27,0-27 days,,,,,,,,CH11,Birth asphyxia and birth traumaBirth asphyxia and birth trauma,,84345,84345.45000,,,,,
5581,MORT_200,Deaths per 1 000 live births,https://www.who.int/data/gho/indicator-metadata-registry/imr-details/3366,,,,PUBLISHED,Published,,2004.0,2004,,AFR,2004,2004,Africa,,NGA,Nigeria,,DAYS0-27,0-27 days,,,,,,,,CH11,Birth asphyxia and birth traumaBirth asphyxia and birth trauma,,14.5,14.54901,,,,,
5582,MORT_300,Distribution of causes of death among children aged < 5 years (%),https://www.who.int/data/gho/indicator-metadata-registry/imr-details/89,,,,PUBLISHED,Published,,2004.0,2004,,AFR,2004,2004,Africa,,NGA,Nigeria,,DAYS0-27,0-27 days,,,,,,,,CH11,Birth asphyxia and birth traumaBirth asphyxia and birth trauma,,0.3,0.33364,,,,,
5583,MORT_100,Number of deaths,https://www.who.int/data/gho/indicator-metadata-registry/imr-details/3365,,,,PUBLISHED,Published,,2004.0,2004,,AFR,2004,2004,Africa,,NGA,Nigeria,,YEARS0-4,0-4 years,,,,,,,,CH12,Sepsis and other infectious conditions of the newbornSepsis and other infectious conditions of the newborn,,29243,29242.50000,,,,,
5584,MORT_200,Deaths per 1 000 live births,https://www.who.int/data/gho/indicator-metadata-registry/imr-details/3366,,,,PUBLISHED,Published,,2004.0,2004,,AFR,2004,2004,Africa,,NGA,Nigeria,,YEARS0-4,0-4 years,,,,,,,,CH12,Sepsis and other infectious conditions of the newbornSepsis and other infectious conditions of the newborn,,5,5.04413,,,,,
5585,MORT_300,Distribution of causes of death among children aged < 5 years (%),https://www.who.int/data/gho/indicator-metadata-registry/imr-details/89,,,,PUBLISHED,Published,,2004.0,2004,,AFR,2004,2004,Africa,,NGA,Nigeria,,YEARS0-4,0-4 years,,,,,,,,CH12,Sepsis and other infectious conditions of the newbornSepsis and other infectious conditions of the newborn,,0,0.03196,,,,,
5586,MORT_100,Number of deaths,https://www.who.int/data/gho/indicator-metadata-registry/imr-details/3365,,,,PUBLISHED,Published,,2004.0,2004,,AFR,2004,2004,Africa,,NGA,Nigeria,,DAYS0-27,0-27 days,,,,,,,,CH13,"Other communicable, perinatal and nutritional conditionsOther communicable, perinatal and nutritional conditions",,10589,10588.96000,,,,,
5587,MORT_300,Distribution of causes of death among children aged < 5 years (%),https://www.who.int/data/gho/indicator-metadata-registry/imr-details/89,,,,PUBLISHED,Published,,2004.0,2004,,AFR,2004,2004,Africa,,NGA,Nigeria,,MONTHS1-59,1-59 months,,,,,,,,CH15,Congenital anomaliesCongenital anomalies,,0,0.02240,,,,,
5588,MORT_100,Number of deaths,https://www.who.int/data/gho/indicator-metadata-registry/imr-details/3365,,,,PUBLISHED,Published,,2004.0,2004,,AFR,2004,2004,Africa,,NGA,Nigeria,,YEARS0-4,0-4 years,,,,,,,,CH15,Congenital anomaliesCongenital anomalies,,29134,29134.06000,,,,,
5589,MORT_200,Deaths per 1 000 live births,https://www.who.int/data/gho/indicator-metadata-registry/imr-details/3366,,,,PUBLISHED,Published,,2004.0,2004,,AFR,2004,2004,Africa,,NGA,Nigeria,,YEARS0-4,0-4 years,,,,,,,,CH15,Congenital anomaliesCongenital anomalies,,5,5.02543,,,,,
5590,MORT_300,Distribution of causes of death among children aged < 5 years (%),https://www.who.int/data/gho/indicator-metadata-registry/imr-details/89,,,,PUBLISHED,Published,,2004.0,2004,,AFR,2004,2004,Africa,,NGA,Nigeria,,YEARS0-4,0-4 years,,,,,,,,CH15,Congenital anomaliesCongenital anomalies,,0,0.03184,,,,,
5591,MORT_100,Number of deaths,https://www.who.int/data/gho/indicator-metadata-registry/imr-details/3365,,,,PUBLISHED,Published,,2004.0,2004,,AFR,2004,2004,Africa,,NGA,Nigeria,,MONTHS1-59,1-59 months,,,,,,,,CH17,InjuriesInjuries,,25854,25854.04000,,,,,
5592,MORT_200,Deaths per 1 000 live births,https://www.who.int/data/gho/indicator-metadata-registry/imr-details/3366,,,,PUBLISHED,Published,,2004.0,2004,,AFR,2004,2004,Africa,,NGA,Nigeria,,MONTHS1-59,1-59 months,,,,,,,,CH17,InjuriesInjuries,,4.5,4.45965,,,,,
5593,MORT_300,Distribution of causes of death among children aged < 5 years (%),https://www.who.int/data/gho/indicator-metadata-registry/imr-details/89,,,,PUBLISHED,Published,,2004.0,2004,,AFR,2004,2004,Africa,,NGA,Nigeria,,MONTHS1-59,1-59 months,,,,,,,,CH17,InjuriesInjuries,,0,0.03904,,,,,
5594,MORT_100,Number of deaths,https://www.who.int/data/gho/indicator-metadata-registry/imr-details/3365,,,,PUBLISHED,Published,,2004.0,2004,,AFR,2004,2004,Africa,,NGA,Nigeria,,YEARS0-4,0-4 years,,,,,,,,CH17,InjuriesInjuries,,28922,28921.58000,,,,,
5595,MORT_200,Deaths per 1 000 live births,https://www.who.int/data/gho/indicator-metadata-registry/imr-details/3366,,,,PUBLISHED,Published,,2004.0,2004,,AFR,2004,2004,Africa,,NGA,Nigeria,,YEARS0-4,0-4 years,,,,,,,,CH17,InjuriesInjuries,,5,4.98878,,,,,
5596,MORT_300,Distribution of causes of death among children aged < 5 years (%),https://www.who.int/data/gho/indicator-metadata-registry/imr-details/89,,,,PUBLISHED,Published,,2005.0,2005,,AFR,2005,2005,Africa,,NGA,Nigeria,,DAYS0-27,0-27 days,,,,,,,,CH3,Diarrhoeal diseasesDiarrhoeal diseases,,0,0.00992,,,,,
5597,MORT_100,Number of deaths,https://www.who.int/data/gho/indicator-metadata-registry/imr-details/3365,,,,PUBLISHED,Published,,2005.0,2005,,AFR,2005,2005,Africa,,NGA,Nigeria,,MONTHS1-59,1-59 months,,,,,,,,CH3,Diarrhoeal diseasesDiarrhoeal diseases,,100795,100795.00000,,,,,
5598,MORT_200,Deaths per 1 000 live births,https://www.who.int/data/gho/indicator-metadata-registry/imr-details/3366,,,,PUBLISHED,Published,,2005.0,2005,,AFR,2005,2005,Africa,,NGA,Nigeria,,MONTHS1-59,1-59 months,,,,,,,,CH3,Diarrhoeal diseasesDiarrhoeal diseases,,17,17.01391,,,,,
5599,MORT_300,Distribution of causes of death among children aged < 5 years (%),https://www.who.int/data/gho/indicator-metadata-registry/imr-details/89,,,,PUBLISHED,Published,,2005.0,2005,,AFR,2005,2005,Africa,,NGA,Nigeria,,MONTHS1-59,1-59 months,,,,,,,,CH3,Diarrhoeal diseasesDiarrhoeal diseases,,0.1,0.14050,,,,,
5600,MORT_200,Deaths per 1 000 live births,https://www.who.int/data/gho/indicator-metadata-registry/imr-details/3366,,,,PUBLISHED,Published,,2005.0,2005,,AFR,2005,2005,Africa,,NGA,Nigeria,,DAYS0-27,0-27 days,,,,,,,,CH6,MeaslesMeasles,,0,0.00000,,,,,
5601,MORT_300,Distribution of causes of death among children aged < 5 years (%),https://www.who.int/data/gho/indicator-metadata-registry/imr-details/89,,,,PUBLISHED,Published,,2005.0,2005,,AFR,2005,2005,Africa,,NGA,Nigeria,,DAYS0-27,0-27 days,,,,,,,,CH6,MeaslesMeasles,,0,0.00000,,,,,
5602,MORT_100,Number of deaths,https://www.who.int/data/gho/indicator-metadata-registry/imr-details/3365,,,,PUBLISHED,Published,,2005.0,2005,,AFR,2005,2005,Africa,,NGA,Nigeria,,MONTHS1-59,1-59 months,,,,,,,,CH6,MeaslesMeasles,,111107,111106.90000,,,,,
5603,MORT_200,Deaths per 1 000 live births,https://www.who.int/data/gho/indicator-metadata-registry/imr-details/3366,,,,PUBLISHED,Published,,2005.0,2005,,AFR,2005,2005,Africa,,NGA,Nigeria,,MONTHS1-59,1-59 months,,,,,,,,CH6,MeaslesMeasles,,18.8,18.75454,,,,,
5604,MORT_100,Number of deaths,https://www.who.int/data/gho/indicator-metadata-registry/imr-details/3365,,,,PUBLISHED,Published,,2005.0,2005,,AFR,2005,2005,Africa,,NGA,Nigeria,,DAYS0-27,0-27 days,,,,,,,,CH8,MalariaMalaria,,0,0.00000,,,,,
5605,MORT_200,Deaths per 1 000 live births,https://www.who.int/data/gho/indicator-metadata-registry/imr-details/3366,,,,PUBLISHED,Published,,2005.0,2005,,AFR,2005,2005,Africa,,NGA,Nigeria,,DAYS0-27,0-27 days,,,,,,,,CH8,MalariaMalaria,,0,0.00000,,,,,
5606,MORT_300,Distribution of causes of death among children aged < 5 years (%),https://www.who.int/data/gho/indicator-metadata-registry/imr-details/89,,,,PUBLISHED,Published,,2005.0,2005,,AFR,2005,2005,Africa,,NGA,Nigeria,,DAYS0-27,0-27 days,,,,,,,,CH8,MalariaMalaria,,0,0.00000,,,,,
5607,MORT_100,Number of deaths,https://www.who.int/data/gho/indicator-metadata-registry/imr-details/3365,,,,PUBLISHED,Published,,2005.0,2005,,AFR,2005,2005,Africa,,NGA,Nigeria,,MONTHS1-59,1-59 months,,,,,,,,CH8,MalariaMalaria,,192466,192466.00000,,,,,
5608,MORT_200,Deaths per 1 000 live births,https://www.who.int/data/gho/indicator-metadata-registry/imr-details/3366,,,,PUBLISHED,Published,,2005.0,2005,,AFR,2005,2005,Africa,,NGA,Nigeria,,YEARS0-4,0-4 years,,,,,,,,CH9,Acute lower respiratory infectionsAcute lower respiratory infections,,24.7,24.71863,,,,,
5609,MORT_300,Distribution of causes of death among children aged < 5 years (%),https://www.who.int/data/gho/indicator-metadata-registry/imr-details/89,,,,PUBLISHED,Published,,2005.0,2005,,AFR,2005,2005,Africa,,NGA,Nigeria,,YEARS0-4,0-4 years,,,,,,,,CH9,Acute lower respiratory infectionsAcute lower respiratory infections,,0.2,0.15107,,,,,
5610,MORT_100,Number of deaths,https://www.who.int/data/gho/indicator-metadata-registry/imr-details/3365,,,,PUBLISHED,Published,,2005.0,2005,,AFR,2005,2005,Africa,,NGA,Nigeria,,DAYS0-27,0-27 days,,,,,,,,CH10,PrematurityPrematurity,,70676,70675.64000,,,,,
5611,MORT_200,Deaths per 1 000 live births,https://www.who.int/data/gho/indicator-metadata-registry/imr-details/3366,,,,PUBLISHED,Published,,2005.0,2005,,AFR,2005,2005,Africa,,NGA,Nigeria,,DAYS0-27,0-27 days,,,,,,,,CH10,PrematurityPrematurity,,11.9,11.92985,,,,,
5612,MORT_100,Number of deaths,https://www.who.int/data/gho/indicator-metadata-registry/imr-details/3365,,,,PUBLISHED,Published,,2005.0,2005,,AFR,2005,2005,Africa,,NGA,Nigeria,,YEARS0-4,0-4 years,,,,,,,,CH11,Birth asphyxia and birth traumaBirth asphyxia and birth trauma,,93434,93434.16000,,,,,
5613,MORT_200,Deaths per 1 000 live births,https://www.who.int/data/gho/indicator-metadata-registry/imr-details/3366,,,,PUBLISHED,Published,,2005.0,2005,,AFR,2005,2005,Africa,,NGA,Nigeria,,YEARS0-4,0-4 years,,,,,,,,CH11,Birth asphyxia and birth traumaBirth asphyxia and birth trauma,,15.8,15.77143,,,,,
5614,MORT_300,Distribution of causes of death among children aged < 5 years (%),https://www.who.int/data/gho/indicator-metadata-registry/imr-details/89,,,,PUBLISHED,Published,,2005.0,2005,,AFR,2005,2005,Africa,,NGA,Nigeria,,YEARS0-4,0-4 years,,,,,,,,CH11,Birth asphyxia and birth traumaBirth asphyxia and birth trauma,,0.1,0.09639,,,,,
5615,MORT_100,Number of deaths,https://www.who.int/data/gho/indicator-metadata-registry/imr-details/3365,,,,PUBLISHED,Published,,2005.0,2005,,AFR,2005,2005,Africa,,NGA,Nigeria,,DAYS0-27,0-27 days,,,,,,,,CH12,Sepsis and other infectious conditions of the newbornSepsis and other infectious conditions of the newborn,,30137,30137.36000,,,,,
5616,MORT_300,Distribution of causes of death among children aged < 5 years (%),https://www.who.int/data/gho/indicator-metadata-registry/imr-details/89,,,,PUBLISHED,Published,,2005.0,2005,,AFR,2005,2005,Africa,,NGA,Nigeria,,MONTHS1-59,1-59 months,,,,,,,,CH13,"Other communicable, perinatal and nutritional conditionsOther communicable, perinatal and nutritional conditions",,0.1,0.07693,,,,,
5617,MORT_100,Number of deaths,https://www.who.int/data/gho/indicator-metadata-registry/imr-details/3365,,,,PUBLISHED,Published,,2005.0,2005,,AFR,2005,2005,Africa,,NGA,Nigeria,,YEARS0-4,0-4 years,,,,,,,,CH13,"Other communicable, perinatal and nutritional conditionsOther communicable, perinatal and nutritional conditions",,65729,65728.79000,,,,,
5618,MORT_200,Deaths per 1 000 live births,https://www.who.int/data/gho/indicator-metadata-registry/imr-details/3366,,,,PUBLISHED,Published,,2005.0,2005,,AFR,2005,2005,Africa,,NGA,Nigeria,,YEARS0-4,0-4 years,,,,,,,,CH13,"Other communicable, perinatal and nutritional conditionsOther communicable, perinatal and nutritional conditions",,11.1,11.09484,,,,,
5619,MORT_300,Distribution of causes of death among children aged < 5 years (%),https://www.who.int/data/gho/indicator-metadata-registry/imr-details/89,,,,PUBLISHED,Published,,2005.0,2005,,AFR,2005,2005,Africa,,NGA,Nigeria,,YEARS0-4,0-4 years,,,,,,,,CH13,"Other communicable, perinatal and nutritional conditionsOther communicable, perinatal and nutritional conditions",,0.1,0.06780,,,,,
5620,MORT_100,Number of deaths,https://www.who.int/data/gho/indicator-metadata-registry/imr-details/3365,,,,PUBLISHED,Published,,2005.0,2005,,AFR,2005,2005,Africa,,NGA,Nigeria,,MONTHS1-59,1-59 months,,,,,,,,CH16,Other noncommunicable diseasesOther noncommunicable diseases,,18779,18779.30000,,,,,
5621,MORT_200,Deaths per 1 000 live births,https://www.who.int/data/gho/indicator-metadata-registry/imr-details/3366,,,,PUBLISHED,Published,,2005.0,2005,,AFR,2005,2005,Africa,,NGA,Nigeria,,MONTHS1-59,1-59 months,,,,,,,,CH16,Other noncommunicable diseasesOther noncommunicable diseases,,3.2,3.16989,,,,,
5622,MORT_300,Distribution of causes of death among children aged < 5 years (%),https://www.who.int/data/gho/indicator-metadata-registry/imr-details/89,,,,PUBLISHED,Published,,2005.0,2005,,AFR,2005,2005,Africa,,NGA,Nigeria,,MONTHS1-59,1-59 months,,,,,,,,CH16,Other noncommunicable diseasesOther noncommunicable diseases,,0,0.02618,,,,,
5623,MORT_100,Number of deaths,https://www.who.int/data/gho/indicator-metadata-registry/imr-details/3365,,,,PUBLISHED,Published,,2005.0,2005,,AFR,2005,2005,Africa,,NGA,Nigeria,,YEARS0-4,0-4 years,,,,,,,,CH16,Other noncommunicable diseasesOther noncommunicable diseases,,19049,19048.77000,,,,,
5624,MORT_200,Deaths per 1 000 live births,https://www.who.int/data/gho/indicator-metadata-registry/imr-details/3366,,,,PUBLISHED,Published,,2005.0,2005,,AFR,2005,2005,Africa,,NGA,Nigeria,,YEARS0-4,0-4 years,,,,,,,,CH16,Other noncommunicable diseasesOther noncommunicable diseases,,3.2,3.21538,,,,,
5625,MORT_300,Distribution of causes of death among children aged < 5 years (%),https://www.who.int/data/gho/indicator-metadata-registry/imr-details/89,,,,PUBLISHED,Published,,2006.0,2006,,AFR,2006,2006,Africa,,NGA,Nigeria,,DAYS0-27,0-27 days,,,,,,,,CH2,HIV/AIDSHIV/AIDS,,0,0.00096,,,,,
5626,MORT_100,Number of deaths,https://www.who.int/data/gho/indicator-metadata-registry/imr-details/3365,,,,PUBLISHED,Published,,2006.0,2006,,AFR,2006,2006,Africa,,NGA,Nigeria,,MONTHS1-59,1-59 months,,,,,,,,CH2,HIV/AIDSHIV/AIDS,,23911,23911.47000,,,,,
5627,MORT_200,Deaths per 1 000 live births,https://www.who.int/data/gho/indicator-metadata-registry/imr-details/3366,,,,PUBLISHED,Published,,2006.0,2006,,AFR,2006,2006,Africa,,NGA,Nigeria,,MONTHS1-59,1-59 months,,,,,,,,CH2,HIV/AIDSHIV/AIDS,,4,3.95092,,,,,
5628,MORT_300,Distribution of causes of death among children aged < 5 years (%),https://www.who.int/data/gho/indicator-metadata-registry/imr-details/89,,,,PUBLISHED,Published,,2006.0,2006,,AFR,2006,2006,Africa,,NGA,Nigeria,,MONTHS1-59,1-59 months,,,,,,,,CH2,HIV/AIDSHIV/AIDS,,0,0.03938,,,,,
5629,MORT_200,Deaths per 1 000 live births,https://www.who.int/data/gho/indicator-metadata-registry/imr-details/3366,,,,PUBLISHED,Published,,2006.0,2006,,AFR,2006,2006,Africa,,NGA,Nigeria,,DAYS0-27,0-27 days,,,,,,,,CH5,TetanusTetanus,,1.9,1.89142,,,,,
5630,MORT_300,Distribution of causes of death among children aged < 5 years (%),https://www.who.int/data/gho/indicator-metadata-registry/imr-details/89,,,,PUBLISHED,Published,,2006.0,2006,,AFR,2006,2006,Africa,,NGA,Nigeria,,DAYS0-27,0-27 days,,,,,,,,CH5,TetanusTetanus,,0,0.04557,,,,,
5631,MORT_100,Number of deaths,https://www.who.int/data/gho/indicator-metadata-registry/imr-details/3365,,,,PUBLISHED,Published,,2006.0,2006,,AFR,2006,2006,Africa,,NGA,Nigeria,,MONTHS1-59,1-59 months,,,,,,,,CH5,TetanusTetanus,,91,90.65543,,,,,
5632,MORT_200,Deaths per 1 000 live births,https://www.who.int/data/gho/indicator-metadata-registry/imr-details/3366,,,,PUBLISHED,Published,,2006.0,2006,,AFR,2006,2006,Africa,,NGA,Nigeria,,MONTHS1-59,1-59 months,,,,,,,,CH5,TetanusTetanus,,0,0.01498,,,,,
5633,MORT_100,Number of deaths,https://www.who.int/data/gho/indicator-metadata-registry/imr-details/3365,,,,PUBLISHED,Published,,2006.0,2006,,AFR,2006,2006,Africa,,NGA,Nigeria,,DAYS0-27,0-27 days,,,,,,,,CH7,Meningitis/encephalitisMeningitis/encephalitis,,3714,3713.51200,,,,,
5634,MORT_200,Deaths per 1 000 live births,https://www.who.int/data/gho/indicator-metadata-registry/imr-details/3366,,,,PUBLISHED,Published,,2006.0,2006,,AFR,2006,2006,Africa,,NGA,Nigeria,,DAYS0-27,0-27 days,,,,,,,,CH7,Meningitis/encephalitisMeningitis/encephalitis,,0.6,0.61359,,,,,
5635,MORT_300,Distribution of causes of death among children aged < 5 years (%),https://www.who.int/data/gho/indicator-metadata-registry/imr-details/89,,,,PUBLISHED,Published,,2006.0,2006,,AFR,2006,2006,Africa,,NGA,Nigeria,,DAYS0-27,0-27 days,,,,,,,,CH7,Meningitis/encephalitisMeningitis/encephalitis,,0,0.01478,,,,,
5636,MORT_100,Number of deaths,https://www.who.int/data/gho/indicator-metadata-registry/imr-details/3365,,,,PUBLISHED,Published,,2006.0,2006,,AFR,2006,2006,Africa,,NGA,Nigeria,,MONTHS1-59,1-59 months,,,,,,,,CH7,Meningitis/encephalitisMeningitis/encephalitis,,18949,18949.28000,,,,,
5637,MORT_200,Deaths per 1 000 live births,https://www.who.int/data/gho/indicator-metadata-registry/imr-details/3366,,,,PUBLISHED,Published,,2006.0,2006,,AFR,2006,2006,Africa,,NGA,Nigeria,,YEARS0-4,0-4 years,,,,,,,,CH8,MalariaMalaria,,31.3,31.33032,,,,,
5638,MORT_300,Distribution of causes of death among children aged < 5 years (%),https://www.who.int/data/gho/indicator-metadata-registry/imr-details/89,,,,PUBLISHED,Published,,2006.0,2006,,AFR,2006,2006,Africa,,NGA,Nigeria,,YEARS0-4,0-4 years,,,,,,,,CH8,MalariaMalaria,,0.2,0.22090,,,,,
5639,MORT_100,Number of deaths,https://www.who.int/data/gho/indicator-metadata-registry/imr-details/3365,,,,PUBLISHED,Published,,2006.0,2006,,AFR,2006,2006,Africa,,NGA,Nigeria,,DAYS0-27,0-27 days,,,,,,,,CH9,Acute lower respiratory infectionsAcute lower respiratory infections,,20072,20071.80000,,,,,
5640,MORT_200,Deaths per 1 000 live births,https://www.who.int/data/gho/indicator-metadata-registry/imr-details/3366,,,,PUBLISHED,Published,,2006.0,2006,,AFR,2006,2006,Africa,,NGA,Nigeria,,DAYS0-27,0-27 days,,,,,,,,CH9,Acute lower respiratory infectionsAcute lower respiratory infections,,3.3,3.31648,,,,,
5641,MORT_100,Number of deaths,https://www.who.int/data/gho/indicator-metadata-registry/imr-details/3365,,,,PUBLISHED,Published,,2006.0,2006,,AFR,2006,2006,Africa,,NGA,Nigeria,,YEARS0-4,0-4 years,,,,,,,,CH10,PrematurityPrematurity,,79099,79099.10000,,,,,
5642,MORT_200,Deaths per 1 000 live births,https://www.who.int/data/gho/indicator-metadata-registry/imr-details/3366,,,,PUBLISHED,Published,,2006.0,2006,,AFR,2006,2006,Africa,,NGA,Nigeria,,YEARS0-4,0-4 years,,,,,,,,CH10,PrematurityPrematurity,,13.1,13.06962,,,,,
5643,MORT_300,Distribution of causes of death among children aged < 5 years (%),https://www.who.int/data/gho/indicator-metadata-registry/imr-details/89,,,,PUBLISHED,Published,,2006.0,2006,,AFR,2006,2006,Africa,,NGA,Nigeria,,YEARS0-4,0-4 years,,,,,,,,CH10,PrematurityPrematurity,,0.1,0.09215,,,,,
5644,MORT_100,Number of deaths,https://www.who.int/data/gho/indicator-metadata-registry/imr-details/3365,,,,PUBLISHED,Published,,2006.0,2006,,AFR,2006,2006,Africa,,NGA,Nigeria,,DAYS0-27,0-27 days,,,,,,,,CH11,Birth asphyxia and birth traumaBirth asphyxia and birth trauma,,83847,83846.84000,,,,,
5645,MORT_300,Distribution of causes of death among children aged < 5 years (%),https://www.who.int/data/gho/indicator-metadata-registry/imr-details/89,,,,PUBLISHED,Published,,2006.0,2006,,AFR,2006,2006,Africa,,NGA,Nigeria,,MONTHS1-59,1-59 months,,,,,,,,CH12,Sepsis and other infectious conditions of the newbornSepsis and other infectious conditions of the newborn,,0,0.00000,,,,,
5646,MORT_100,Number of deaths,https://www.who.int/data/gho/indicator-metadata-registry/imr-details/3365,,,,PUBLISHED,Published,,2006.0,2006,,AFR,2006,2006,Africa,,NGA,Nigeria,,YEARS0-4,0-4 years,,,,,,,,CH12,Sepsis and other infectious conditions of the newbornSepsis and other infectious conditions of the newborn,,31055,31055.03000,,,,,
5647,MORT_200,Deaths per 1 000 live births,https://www.who.int/data/gho/indicator-metadata-registry/imr-details/3366,,,,PUBLISHED,Published,,2006.0,2006,,AFR,2006,2006,Africa,,NGA,Nigeria,,YEARS0-4,0-4 years,,,,,,,,CH12,Sepsis and other infectious conditions of the newbornSepsis and other infectious conditions of the newborn,,5.1,5.13125,,,,,
5648,MORT_300,Distribution of causes of death among children aged < 5 years (%),https://www.who.int/data/gho/indicator-metadata-registry/imr-details/89,,,,PUBLISHED,Published,,2006.0,2006,,AFR,2006,2006,Africa,,NGA,Nigeria,,YEARS0-4,0-4 years,,,,,,,,CH12,Sepsis and other infectious conditions of the newbornSepsis and other infectious conditions of the newborn,,0,0.03618,,,,,
5649,MORT_100,Number of deaths,https://www.who.int/data/gho/indicator-metadata-registry/imr-details/3365,,,,PUBLISHED,Published,,2006.0,2006,,AFR,2006,2006,Africa,,NGA,Nigeria,,MONTHS1-59,1-59 months,,,,,,,,CH15,Congenital anomaliesCongenital anomalies,,15530,15529.93000,,,,,
5650,MORT_200,Deaths per 1 000 live births,https://www.who.int/data/gho/indicator-metadata-registry/imr-details/3366,,,,PUBLISHED,Published,,2006.0,2006,,AFR,2006,2006,Africa,,NGA,Nigeria,,MONTHS1-59,1-59 months,,,,,,,,CH15,Congenital anomaliesCongenital anomalies,,2.6,2.56603,,,,,
5651,MORT_300,Distribution of causes of death among children aged < 5 years (%),https://www.who.int/data/gho/indicator-metadata-registry/imr-details/89,,,,PUBLISHED,Published,,2006.0,2006,,AFR,2006,2006,Africa,,NGA,Nigeria,,MONTHS1-59,1-59 months,,,,,,,,CH15,Congenital anomaliesCongenital anomalies,,0,0.02558,,,,,
5652,MORT_100,Number of deaths,https://www.who.int/data/gho/indicator-metadata-registry/imr-details/3365,,,,PUBLISHED,Published,,2006.0,2006,,AFR,2006,2006,Africa,,NGA,Nigeria,,YEARS0-4,0-4 years,,,,,,,,CH15,Congenital anomaliesCongenital anomalies,,29601,29600.58000,,,,,
5653,MORT_200,Deaths per 1 000 live births,https://www.who.int/data/gho/indicator-metadata-registry/imr-details/3366,,,,PUBLISHED,Published,,2006.0,2006,,AFR,2006,2006,Africa,,NGA,Nigeria,,YEARS0-4,0-4 years,,,,,,,,CH15,Congenital anomaliesCongenital anomalies,,4.9,4.89093,,,,,
5654,MORT_300,Distribution of causes of death among children aged < 5 years (%),https://www.who.int/data/gho/indicator-metadata-registry/imr-details/89,,,,PUBLISHED,Published,,2006.0,2006,,AFR,2006,2006,Africa,,NGA,Nigeria,,DAYS0-27,0-27 days,,,,,,,,CH17,InjuriesInjuries,,0,0.01212,,,,,
5655,MORT_100,Number of deaths,https://www.who.int/data/gho/indicator-metadata-registry/imr-details/3365,,,,PUBLISHED,Published,,2006.0,2006,,AFR,2006,2006,Africa,,NGA,Nigeria,,MONTHS1-59,1-59 months,,,,,,,,CH17,InjuriesInjuries,,27411,27410.95000,,,,,
5656,MORT_200,Deaths per 1 000 live births,https://www.who.int/data/gho/indicator-metadata-registry/imr-details/3366,,,,PUBLISHED,Published,,2006.0,2006,,AFR,2006,2006,Africa,,NGA,Nigeria,,MONTHS1-59,1-59 months,,,,,,,,CH17,InjuriesInjuries,,4.5,4.52914,,,,,
5657,MORT_300,Distribution of causes of death among children aged < 5 years (%),https://www.who.int/data/gho/indicator-metadata-registry/imr-details/89,,,,PUBLISHED,Published,,2006.0,2006,,AFR,2006,2006,Africa,,NGA,Nigeria,,MONTHS1-59,1-59 months,,,,,,,,CH17,InjuriesInjuries,,0,0.04514,,,,,
5658,MORT_200,Deaths per 1 000 live births,https://www.who.int/data/gho/indicator-metadata-registry/imr-details/3366,,,,PUBLISHED,Published,,2007.0,2007,,AFR,2007,2007,Africa,,NGA,Nigeria,,DAYS0-27,0-27 days,,,,,,,,CH3,Diarrhoeal diseasesDiarrhoeal diseases,,0.4,0.36386,,,,,
5659,MORT_300,Distribution of causes of death among children aged < 5 years (%),https://www.who.int/data/gho/indicator-metadata-registry/imr-details/89,,,,PUBLISHED,Published,,2007.0,2007,,AFR,2007,2007,Africa,,NGA,Nigeria,,DAYS0-27,0-27 days,,,,,,,,CH3,Diarrhoeal diseasesDiarrhoeal diseases,,0,0.00897,,,,,
5660,MORT_100,Number of deaths,https://www.who.int/data/gho/indicator-metadata-registry/imr-details/3365,,,,PUBLISHED,Published,,2007.0,2007,,AFR,2007,2007,Africa,,NGA,Nigeria,,MONTHS1-59,1-59 months,,,,,,,,CH3,Diarrhoeal diseasesDiarrhoeal diseases,,95916,95916.35000,,,,,
5661,MORT_200,Deaths per 1 000 live births,https://www.who.int/data/gho/indicator-metadata-registry/imr-details/3366,,,,PUBLISHED,Published,,2007.0,2007,,AFR,2007,2007,Africa,,NGA,Nigeria,,MONTHS1-59,1-59 months,,,,,,,,CH3,Diarrhoeal diseasesDiarrhoeal diseases,,15.5,15.51686,,,,,
5662,MORT_100,Number of deaths,https://www.who.int/data/gho/indicator-metadata-registry/imr-details/3365,,,,PUBLISHED,Published,,2007.0,2007,,AFR,2007,2007,Africa,,NGA,Nigeria,,DAYS0-27,0-27 days,,,,,,,,CH6,MeaslesMeasles,,0,0.00000,,,,,
5663,MORT_200,Deaths per 1 000 live births,https://www.who.int/data/gho/indicator-metadata-registry/imr-details/3366,,,,PUBLISHED,Published,,2007.0,2007,,AFR,2007,2007,Africa,,NGA,Nigeria,,DAYS0-27,0-27 days,,,,,,,,CH6,MeaslesMeasles,,0,0.00000,,,,,
5664,MORT_300,Distribution of causes of death among children aged < 5 years (%),https://www.who.int/data/gho/indicator-metadata-registry/imr-details/89,,,,PUBLISHED,Published,,2007.0,2007,,AFR,2007,2007,Africa,,NGA,Nigeria,,DAYS0-27,0-27 days,,,,,,,,CH6,MeaslesMeasles,,0,0.00000,,,,,
5665,MORT_100,Number of deaths,https://www.who.int/data/gho/indicator-metadata-registry/imr-details/3365,,,,PUBLISHED,Published,,2007.0,2007,,AFR,2007,2007,Africa,,NGA,Nigeria,,MONTHS1-59,1-59 months,,,,,,,,CH6,MeaslesMeasles,,6014,6014.46100,,,,,
5666,MORT_200,Deaths per 1 000 live births,https://www.who.int/data/gho/indicator-metadata-registry/imr-details/3366,,,,PUBLISHED,Published,,2007.0,2007,,AFR,2007,2007,Africa,,NGA,Nigeria,,YEARS0-4,0-4 years,,,,,,,,CH7,Meningitis/encephalitisMeningitis/encephalitis,,3.7,3.65800,,,,,
5667,MORT_300,Distribution of causes of death among children aged < 5 years (%),https://www.who.int/data/gho/indicator-metadata-registry/imr-details/89,,,,PUBLISHED,Published,,2007.0,2007,,AFR,2007,2007,Africa,,NGA,Nigeria,,YEARS0-4,0-4 years,,,,,,,,CH7,Meningitis/encephalitisMeningitis/encephalitis,,0,0.02682,,,,,
5668,MORT_100,Number of deaths,https://www.who.int/data/gho/indicator-metadata-registry/imr-details/3365,,,,PUBLISHED,Published,,2007.0,2007,,AFR,2007,2007,Africa,,NGA,Nigeria,,DAYS0-27,0-27 days,,,,,,,,CH8,MalariaMalaria,,0,0.00000,,,,,
5669,MORT_200,Deaths per 1 000 live births,https://www.who.int/data/gho/indicator-metadata-registry/imr-details/3366,,,,PUBLISHED,Published,,2007.0,2007,,AFR,2007,2007,Africa,,NGA,Nigeria,,DAYS0-27,0-27 days,,,,,,,,CH8,MalariaMalaria,,0,0.00000,,,,,
5670,MORT_100,Number of deaths,https://www.who.int/data/gho/indicator-metadata-registry/imr-details/3365,,,,PUBLISHED,Published,,2007.0,2007,,AFR,2007,2007,Africa,,NGA,Nigeria,,YEARS0-4,0-4 years,,,,,,,,CH9,Acute lower respiratory infectionsAcute lower respiratory infections,,150166,150166.30000,,,,,
5671,MORT_200,Deaths per 1 000 live births,https://www.who.int/data/gho/indicator-metadata-registry/imr-details/3366,,,,PUBLISHED,Published,,2007.0,2007,,AFR,2007,2007,Africa,,NGA,Nigeria,,YEARS0-4,0-4 years,,,,,,,,CH9,Acute lower respiratory infectionsAcute lower respiratory infections,,24.3,24.29316,,,,,
5672,MORT_300,Distribution of causes of death among children aged < 5 years (%),https://www.who.int/data/gho/indicator-metadata-registry/imr-details/89,,,,PUBLISHED,Published,,2007.0,2007,,AFR,2007,2007,Africa,,NGA,Nigeria,,YEARS0-4,0-4 years,,,,,,,,CH9,Acute lower respiratory infectionsAcute lower respiratory infections,,0.2,0.17815,,,,,
5673,MORT_100,Number of deaths,https://www.who.int/data/gho/indicator-metadata-registry/imr-details/3365,,,,PUBLISHED,Published,,2007.0,2007,,AFR,2007,2007,Africa,,NGA,Nigeria,,DAYS0-27,0-27 days,,,,,,,,CH10,PrematurityPrematurity,,71059,71058.61000,,,,,
5674,MORT_300,Distribution of causes of death among children aged < 5 years (%),https://www.who.int/data/gho/indicator-metadata-registry/imr-details/89,,,,PUBLISHED,Published,,2007.0,2007,,AFR,2007,2007,Africa,,NGA,Nigeria,,MONTHS1-59,1-59 months,,,,,,,,CH11,Birth asphyxia and birth traumaBirth asphyxia and birth trauma,,0,0.01631,,,,,
5675,MORT_100,Number of deaths,https://www.who.int/data/gho/indicator-metadata-registry/imr-details/3365,,,,PUBLISHED,Published,,2007.0,2007,,AFR,2007,2007,Africa,,NGA,Nigeria,,YEARS0-4,0-4 years,,,,,,,,CH11,Birth asphyxia and birth traumaBirth asphyxia and birth trauma,,92887,92887.38000,,,,,
5676,MORT_200,Deaths per 1 000 live births,https://www.who.int/data/gho/indicator-metadata-registry/imr-details/3366,,,,PUBLISHED,Published,,2007.0,2007,,AFR,2007,2007,Africa,,NGA,Nigeria,,YEARS0-4,0-4 years,,,,,,,,CH11,Birth asphyxia and birth traumaBirth asphyxia and birth trauma,,15,15.02685,,,,,
5677,MORT_300,Distribution of causes of death among children aged < 5 years (%),https://www.who.int/data/gho/indicator-metadata-registry/imr-details/89,,,,PUBLISHED,Published,,2007.0,2007,,AFR,2007,2007,Africa,,NGA,Nigeria,,YEARS0-4,0-4 years,,,,,,,,CH11,Birth asphyxia and birth traumaBirth asphyxia and birth trauma,,0.1,0.11019,,,,,
5678,MORT_100,Number of deaths,https://www.who.int/data/gho/indicator-metadata-registry/imr-details/3365,,,,PUBLISHED,Published,,2007.0,2007,,AFR,2007,2007,Africa,,NGA,Nigeria,,MONTHS1-59,1-59 months,,,,,,,,CH13,"Other communicable, perinatal and nutritional conditionsOther communicable, perinatal and nutritional conditions",,57206,57206.47000,,,,,
5679,MORT_200,Deaths per 1 000 live births,https://www.who.int/data/gho/indicator-metadata-registry/imr-details/3366,,,,PUBLISHED,Published,,2007.0,2007,,AFR,2007,2007,Africa,,NGA,Nigeria,,MONTHS1-59,1-59 months,,,,,,,,CH13,"Other communicable, perinatal and nutritional conditionsOther communicable, perinatal and nutritional conditions",,9.3,9.25458,,,,,
5680,MORT_300,Distribution of causes of death among children aged < 5 years (%),https://www.who.int/data/gho/indicator-metadata-registry/imr-details/89,,,,PUBLISHED,Published,,2007.0,2007,,AFR,2007,2007,Africa,,NGA,Nigeria,,MONTHS1-59,1-59 months,,,,,,,,CH13,"Other communicable, perinatal and nutritional conditionsOther communicable, perinatal and nutritional conditions",,0.1,0.09661,,,,,
5681,MORT_100,Number of deaths,https://www.who.int/data/gho/indicator-metadata-registry/imr-details/3365,,,,PUBLISHED,Published,,2007.0,2007,,AFR,2007,2007,Africa,,NGA,Nigeria,,YEARS0-4,0-4 years,,,,,,,,CH13,"Other communicable, perinatal and nutritional conditionsOther communicable, perinatal and nutritional conditions",,67355,67355.34000,,,,,
5682,MORT_200,Deaths per 1 000 live births,https://www.who.int/data/gho/indicator-metadata-registry/imr-details/3366,,,,PUBLISHED,Published,,2007.0,2007,,AFR,2007,2007,Africa,,NGA,Nigeria,,YEARS0-4,0-4 years,,,,,,,,CH13,"Other communicable, perinatal and nutritional conditionsOther communicable, perinatal and nutritional conditions",,10.9,10.89641,,,,,
5683,MORT_300,Distribution of causes of death among children aged < 5 years (%),https://www.who.int/data/gho/indicator-metadata-registry/imr-details/89,,,,PUBLISHED,Published,,2007.0,2007,,AFR,2007,2007,Africa,,NGA,Nigeria,,DAYS0-27,0-27 days,,,,,,,,CH16,Other noncommunicable diseasesOther noncommunicable diseases,,0,0.00114,,,,,
5684,MORT_100,Number of deaths,https://www.who.int/data/gho/indicator-metadata-registry/imr-details/3365,,,,PUBLISHED,Published,,2007.0,2007,,AFR,2007,2007,Africa,,NGA,Nigeria,,MONTHS1-59,1-59 months,,,,,,,,CH16,Other noncommunicable diseasesOther noncommunicable diseases,,19473,19473.26000,,,,,
5685,MORT_200,Deaths per 1 000 live births,https://www.who.int/data/gho/indicator-metadata-registry/imr-details/3366,,,,PUBLISHED,Published,,2007.0,2007,,AFR,2007,2007,Africa,,NGA,Nigeria,,MONTHS1-59,1-59 months,,,,,,,,CH16,Other noncommunicable diseasesOther noncommunicable diseases,,3.2,3.15029,,,,,
5686,MORT_300,Distribution of causes of death among children aged < 5 years (%),https://www.who.int/data/gho/indicator-metadata-registry/imr-details/89,,,,PUBLISHED,Published,,2007.0,2007,,AFR,2007,2007,Africa,,NGA,Nigeria,,MONTHS1-59,1-59 months,,,,,,,,CH16,Other noncommunicable diseasesOther noncommunicable diseases,,0,0.03289,,,,,
5687,MORT_200,Deaths per 1 000 live births,https://www.who.int/data/gho/indicator-metadata-registry/imr-details/3366,,,,PUBLISHED,Published,,2008.0,2008,,AFR,2008,2008,Africa,,NGA,Nigeria,,DAYS0-27,0-27 days,,,,,,,,CH2,HIV/AIDSHIV/AIDS,,0,0.03608,,,,,
5688,MORT_300,Distribution of causes of death among children aged < 5 years (%),https://www.who.int/data/gho/indicator-metadata-registry/imr-details/89,,,,PUBLISHED,Published,,2008.0,2008,,AFR,2008,2008,Africa,,NGA,Nigeria,,DAYS0-27,0-27 days,,,,,,,,CH2,HIV/AIDSHIV/AIDS,,0,0.00091,,,,,
5689,MORT_100,Number of deaths,https://www.who.int/data/gho/indicator-metadata-registry/imr-details/3365,,,,PUBLISHED,Published,,2008.0,2008,,AFR,2008,2008,Africa,,NGA,Nigeria,,MONTHS1-59,1-59 months,,,,,,,,CH2,HIV/AIDSHIV/AIDS,,22543,22543.29000,,,,,
5690,MORT_200,Deaths per 1 000 live births,https://www.who.int/data/gho/indicator-metadata-registry/imr-details/3366,,,,PUBLISHED,Published,,2008.0,2008,,AFR,2008,2008,Africa,,NGA,Nigeria,,MONTHS1-59,1-59 months,,,,,,,,CH2,HIV/AIDSHIV/AIDS,,3.6,3.57152,,,,,
5691,MORT_100,Number of deaths,https://www.who.int/data/gho/indicator-metadata-registry/imr-details/3365,,,,PUBLISHED,Published,,2008.0,2008,,AFR,2008,2008,Africa,,NGA,Nigeria,,DAYS0-27,0-27 days,,,,,,,,CH5,TetanusTetanus,,9596,9595.78000,,,,,
5692,MORT_200,Deaths per 1 000 live births,https://www.who.int/data/gho/indicator-metadata-registry/imr-details/3366,,,,PUBLISHED,Published,,2008.0,2008,,AFR,2008,2008,Africa,,NGA,Nigeria,,DAYS0-27,0-27 days,,,,,,,,CH5,TetanusTetanus,,1.5,1.52026,,,,,
5693,MORT_300,Distribution of causes of death among children aged < 5 years (%),https://www.who.int/data/gho/indicator-metadata-registry/imr-details/89,,,,PUBLISHED,Published,,2008.0,2008,,AFR,2008,2008,Africa,,NGA,Nigeria,,DAYS0-27,0-27 days,,,,,,,,CH5,TetanusTetanus,,0,0.03831,,,,,
5694,MORT_100,Number of deaths,https://www.who.int/data/gho/indicator-metadata-registry/imr-details/3365,,,,PUBLISHED,Published,,2008.0,2008,,AFR,2008,2008,Africa,,NGA,Nigeria,,MONTHS1-59,1-59 months,,,,,,,,CH5,TetanusTetanus,,81,80.93819,,,,,
5695,MORT_200,Deaths per 1 000 live births,https://www.who.int/data/gho/indicator-metadata-registry/imr-details/3366,,,,PUBLISHED,Published,,2008.0,2008,,AFR,2008,2008,Africa,,NGA,Nigeria,,YEARS0-4,0-4 years,,,,,,,,CH6,MeaslesMeasles,,2.1,2.11412,,,,,
5696,MORT_300,Distribution of causes of death among children aged < 5 years (%),https://www.who.int/data/gho/indicator-metadata-registry/imr-details/89,,,,PUBLISHED,Published,,2008.0,2008,,AFR,2008,2008,Africa,,NGA,Nigeria,,YEARS0-4,0-4 years,,,,,,,,CH6,MeaslesMeasles,,0,0.01591,,,,,
5697,MORT_100,Number of deaths,https://www.who.int/data/gho/indicator-metadata-registry/imr-details/3365,,,,PUBLISHED,Published,,2008.0,2008,,AFR,2008,2008,Africa,,NGA,Nigeria,,DAYS0-27,0-27 days,,,,,,,,CH7,Meningitis/encephalitisMeningitis/encephalitis,,3875,3875.42300,,,,,
5698,MORT_200,Deaths per 1 000 live births,https://www.who.int/data/gho/indicator-metadata-registry/imr-details/3366,,,,PUBLISHED,Published,,2008.0,2008,,AFR,2008,2008,Africa,,NGA,Nigeria,,DAYS0-27,0-27 days,,,,,,,,CH7,Meningitis/encephalitisMeningitis/encephalitis,,0.6,0.61398,,,,,
5699,MORT_100,Number of deaths,https://www.who.int/data/gho/indicator-metadata-registry/imr-details/3365,,,,PUBLISHED,Published,,2008.0,2008,,AFR,2008,2008,Africa,,NGA,Nigeria,,YEARS0-4,0-4 years,,,,,,,,CH8,MalariaMalaria,,161712,161712.30000,,,,,
5700,MORT_200,Deaths per 1 000 live births,https://www.who.int/data/gho/indicator-metadata-registry/imr-details/3366,,,,PUBLISHED,Published,,2008.0,2008,,AFR,2008,2008,Africa,,NGA,Nigeria,,YEARS0-4,0-4 years,,,,,,,,CH8,MalariaMalaria,,25.6,25.62002,,,,,
5701,MORT_300,Distribution of causes of death among children aged < 5 years (%),https://www.who.int/data/gho/indicator-metadata-registry/imr-details/89,,,,PUBLISHED,Published,,2008.0,2008,,AFR,2008,2008,Africa,,NGA,Nigeria,,YEARS0-4,0-4 years,,,,,,,,CH8,MalariaMalaria,,0.2,0.19286,,,,,
5702,MORT_100,Number of deaths,https://www.who.int/data/gho/indicator-metadata-registry/imr-details/3365,,,,PUBLISHED,Published,,2008.0,2008,,AFR,2008,2008,Africa,,NGA,Nigeria,,DAYS0-27,0-27 days,,,,,,,,CH9,Acute lower respiratory infectionsAcute lower respiratory infections,,19784,19784.29000,,,,,
5703,MORT_300,Distribution of causes of death among children aged < 5 years (%),https://www.who.int/data/gho/indicator-metadata-registry/imr-details/89,,,,PUBLISHED,Published,,2008.0,2008,,AFR,2008,2008,Africa,,NGA,Nigeria,,MONTHS1-59,1-59 months,,,,,,,,CH10,PrematurityPrematurity,,0,0.01452,,,,,
5704,MORT_100,Number of deaths,https://www.who.int/data/gho/indicator-metadata-registry/imr-details/3365,,,,PUBLISHED,Published,,2008.0,2008,,AFR,2008,2008,Africa,,NGA,Nigeria,,YEARS0-4,0-4 years,,,,,,,,CH10,PrematurityPrematurity,,80127,80126.91000,,,,,
5705,MORT_200,Deaths per 1 000 live births,https://www.who.int/data/gho/indicator-metadata-registry/imr-details/3366,,,,PUBLISHED,Published,,2008.0,2008,,AFR,2008,2008,Africa,,NGA,Nigeria,,YEARS0-4,0-4 years,,,,,,,,CH10,PrematurityPrematurity,,12.7,12.69447,,,,,
5706,MORT_300,Distribution of causes of death among children aged < 5 years (%),https://www.who.int/data/gho/indicator-metadata-registry/imr-details/89,,,,PUBLISHED,Published,,2008.0,2008,,AFR,2008,2008,Africa,,NGA,Nigeria,,YEARS0-4,0-4 years,,,,,,,,CH10,PrematurityPrematurity,,0.1,0.09556,,,,,
5707,MORT_100,Number of deaths,https://www.who.int/data/gho/indicator-metadata-registry/imr-details/3365,,,,PUBLISHED,Published,,2008.0,2008,,AFR,2008,2008,Africa,,NGA,Nigeria,,MONTHS1-59,1-59 months,,,,,,,,CH12,Sepsis and other infectious conditions of the newbornSepsis and other infectious conditions of the newborn,,0,0.00000,,,,,
5708,MORT_200,Deaths per 1 000 live births,https://www.who.int/data/gho/indicator-metadata-registry/imr-details/3366,,,,PUBLISHED,Published,,2008.0,2008,,AFR,2008,2008,Africa,,NGA,Nigeria,,MONTHS1-59,1-59 months,,,,,,,,CH12,Sepsis and other infectious conditions of the newbornSepsis and other infectious conditions of the newborn,,0,0.00000,,,,,
5709,MORT_300,Distribution of causes of death among children aged < 5 years (%),https://www.who.int/data/gho/indicator-metadata-registry/imr-details/89,,,,PUBLISHED,Published,,2008.0,2008,,AFR,2008,2008,Africa,,NGA,Nigeria,,MONTHS1-59,1-59 months,,,,,,,,CH12,Sepsis and other infectious conditions of the newbornSepsis and other infectious conditions of the newborn,,0,0.00000,,,,,
5710,MORT_100,Number of deaths,https://www.who.int/data/gho/indicator-metadata-registry/imr-details/3365,,,,PUBLISHED,Published,,2008.0,2008,,AFR,2008,2008,Africa,,NGA,Nigeria,,YEARS0-4,0-4 years,,,,,,,,CH12,Sepsis and other infectious conditions of the newbornSepsis and other infectious conditions of the newborn,,33575,33574.71000,,,,,
5711,MORT_200,Deaths per 1 000 live births,https://www.who.int/data/gho/indicator-metadata-registry/imr-details/3366,,,,PUBLISHED,Published,,2008.0,2008,,AFR,2008,2008,Africa,,NGA,Nigeria,,YEARS0-4,0-4 years,,,,,,,,CH12,Sepsis and other infectious conditions of the newbornSepsis and other infectious conditions of the newborn,,5.3,5.31923,,,,,
5712,MORT_300,Distribution of causes of death among children aged < 5 years (%),https://www.who.int/data/gho/indicator-metadata-registry/imr-details/89,,,,PUBLISHED,Published,,2008.0,2008,,AFR,2008,2008,Africa,,NGA,Nigeria,,DAYS0-27,0-27 days,,,,,,,,CH15,Congenital anomaliesCongenital anomalies,,0.1,0.05594,,,,,
5713,MORT_100,Number of deaths,https://www.who.int/data/gho/indicator-metadata-registry/imr-details/3365,,,,PUBLISHED,Published,,2008.0,2008,,AFR,2008,2008,Africa,,NGA,Nigeria,,MONTHS1-59,1-59 months,,,,,,,,CH15,Congenital anomaliesCongenital anomalies,,16080,16079.50000,,,,,
5714,MORT_200,Deaths per 1 000 live births,https://www.who.int/data/gho/indicator-metadata-registry/imr-details/3366,,,,PUBLISHED,Published,,2008.0,2008,,AFR,2008,2008,Africa,,NGA,Nigeria,,MONTHS1-59,1-59 months,,,,,,,,CH15,Congenital anomaliesCongenital anomalies,,2.5,2.54747,,,,,
5715,MORT_300,Distribution of causes of death among children aged < 5 years (%),https://www.who.int/data/gho/indicator-metadata-registry/imr-details/89,,,,PUBLISHED,Published,,2008.0,2008,,AFR,2008,2008,Africa,,NGA,Nigeria,,MONTHS1-59,1-59 months,,,,,,,,CH15,Congenital anomaliesCongenital anomalies,,0,0.02735,,,,,
5716,MORT_200,Deaths per 1 000 live births,https://www.who.int/data/gho/indicator-metadata-registry/imr-details/3366,,,,PUBLISHED,Published,,2008.0,2008,,AFR,2008,2008,Africa,,NGA,Nigeria,,DAYS0-27,0-27 days,,,,,,,,CH17,InjuriesInjuries,,0.5,0.48738,,,,,
5717,MORT_300,Distribution of causes of death among children aged < 5 years (%),https://www.who.int/data/gho/indicator-metadata-registry/imr-details/89,,,,PUBLISHED,Published,,2008.0,2008,,AFR,2008,2008,Africa,,NGA,Nigeria,,DAYS0-27,0-27 days,,,,,,,,CH17,InjuriesInjuries,,0,0.01228,,,,,
5718,MORT_100,Number of deaths,https://www.who.int/data/gho/indicator-metadata-registry/imr-details/3365,,,,PUBLISHED,Published,,2008.0,2008,,AFR,2008,2008,Africa,,NGA,Nigeria,,MONTHS1-59,1-59 months,,,,,,,,CH17,InjuriesInjuries,,28793,28793.14000,,,,,
5719,MORT_200,Deaths per 1 000 live births,https://www.who.int/data/gho/indicator-metadata-registry/imr-details/3366,,,,PUBLISHED,Published,,2008.0,2008,,AFR,2008,2008,Africa,,NGA,Nigeria,,MONTHS1-59,1-59 months,,,,,,,,CH17,InjuriesInjuries,,4.6,4.56169,,,,,
5720,MORT_100,Number of deaths,https://www.who.int/data/gho/indicator-metadata-registry/imr-details/3365,,,,PUBLISHED,Published,,2009.0,2009,,AFR,2009,2009,Africa,,NGA,Nigeria,,DAYS0-27,0-27 days,,,,,,,,CH3,Diarrhoeal diseasesDiarrhoeal diseases,,2114,2114.05500,,,,,
5721,MORT_200,Deaths per 1 000 live births,https://www.who.int/data/gho/indicator-metadata-registry/imr-details/3366,,,,PUBLISHED,Published,,2009.0,2009,,AFR,2009,2009,Africa,,NGA,Nigeria,,DAYS0-27,0-27 days,,,,,,,,CH3,Diarrhoeal diseasesDiarrhoeal diseases,,0.3,0.32813,,,,,
5722,MORT_300,Distribution of causes of death among children aged < 5 years (%),https://www.who.int/data/gho/indicator-metadata-registry/imr-details/89,,,,PUBLISHED,Published,,2009.0,2009,,AFR,2009,2009,Africa,,NGA,Nigeria,,DAYS0-27,0-27 days,,,,,,,,CH3,Diarrhoeal diseasesDiarrhoeal diseases,,0,0.00846,,,,,
5723,MORT_100,Number of deaths,https://www.who.int/data/gho/indicator-metadata-registry/imr-details/3365,,,,PUBLISHED,Published,,2009.0,2009,,AFR,2009,2009,Africa,,NGA,Nigeria,,MONTHS1-59,1-59 months,,,,,,,,CH3,Diarrhoeal diseasesDiarrhoeal diseases,,89562,89562.06000,,,,,
5724,MORT_200,Deaths per 1 000 live births,https://www.who.int/data/gho/indicator-metadata-registry/imr-details/3366,,,,PUBLISHED,Published,,2009.0,2009,,AFR,2009,2009,Africa,,NGA,Nigeria,,YEARS0-4,0-4 years,,,,,,,,CH5,TetanusTetanus,,1.4,1.38185,,,,,
5725,MORT_300,Distribution of causes of death among children aged < 5 years (%),https://www.who.int/data/gho/indicator-metadata-registry/imr-details/89,,,,PUBLISHED,Published,,2009.0,2009,,AFR,2009,2009,Africa,,NGA,Nigeria,,YEARS0-4,0-4 years,,,,,,,,CH5,TetanusTetanus,,0,0.01092,,,,,
5726,MORT_100,Number of deaths,https://www.who.int/data/gho/indicator-metadata-registry/imr-details/3365,,,,PUBLISHED,Published,,2009.0,2009,,AFR,2009,2009,Africa,,NGA,Nigeria,,DAYS0-27,0-27 days,,,,,,,,CH6,MeaslesMeasles,,0,0.00000,,,,,
5727,MORT_200,Deaths per 1 000 live births,https://www.who.int/data/gho/indicator-metadata-registry/imr-details/3366,,,,PUBLISHED,Published,,2009.0,2009,,AFR,2009,2009,Africa,,NGA,Nigeria,,DAYS0-27,0-27 days,,,,,,,,CH6,MeaslesMeasles,,0,0.00000,,,,,
5728,MORT_100,Number of deaths,https://www.who.int/data/gho/indicator-metadata-registry/imr-details/3365,,,,PUBLISHED,Published,,2009.0,2009,,AFR,2009,2009,Africa,,NGA,Nigeria,,YEARS0-4,0-4 years,,,,,,,,CH7,Meningitis/encephalitisMeningitis/encephalitis,,33270,33269.78000,,,,,
5729,MORT_200,Deaths per 1 000 live births,https://www.who.int/data/gho/indicator-metadata-registry/imr-details/3366,,,,PUBLISHED,Published,,2009.0,2009,,AFR,2009,2009,Africa,,NGA,Nigeria,,YEARS0-4,0-4 years,,,,,,,,CH7,Meningitis/encephalitisMeningitis/encephalitis,,5.2,5.16388,,,,,
5730,MORT_300,Distribution of causes of death among children aged < 5 years (%),https://www.who.int/data/gho/indicator-metadata-registry/imr-details/89,,,,PUBLISHED,Published,,2009.0,2009,,AFR,2009,2009,Africa,,NGA,Nigeria,,YEARS0-4,0-4 years,,,,,,,,CH7,Meningitis/encephalitisMeningitis/encephalitis,,0,0.04082,,,,,
5731,MORT_100,Number of deaths,https://www.who.int/data/gho/indicator-metadata-registry/imr-details/3365,,,,PUBLISHED,Published,,2009.0,2009,,AFR,2009,2009,Africa,,NGA,Nigeria,,DAYS0-27,0-27 days,,,,,,,,CH8,MalariaMalaria,,0,0.00000,,,,,
5732,MORT_300,Distribution of causes of death among children aged < 5 years (%),https://www.who.int/data/gho/indicator-metadata-registry/imr-details/89,,,,PUBLISHED,Published,,2009.0,2009,,AFR,2009,2009,Africa,,NGA,Nigeria,,MONTHS1-59,1-59 months,,,,,,,,CH9,Acute lower respiratory infectionsAcute lower respiratory infections,,0.2,0.23309,,,,,
5733,MORT_100,Number of deaths,https://www.who.int/data/gho/indicator-metadata-registry/imr-details/3365,,,,PUBLISHED,Published,,2009.0,2009,,AFR,2009,2009,Africa,,NGA,Nigeria,,YEARS0-4,0-4 years,,,,,,,,CH9,Acute lower respiratory infectionsAcute lower respiratory infections,,151399,151398.80000,,,,,
5734,MORT_200,Deaths per 1 000 live births,https://www.who.int/data/gho/indicator-metadata-registry/imr-details/3366,,,,PUBLISHED,Published,,2009.0,2009,,AFR,2009,2009,Africa,,NGA,Nigeria,,YEARS0-4,0-4 years,,,,,,,,CH9,Acute lower respiratory infectionsAcute lower respiratory infections,,23.5,23.49896,,,,,
5735,MORT_300,Distribution of causes of death among children aged < 5 years (%),https://www.who.int/data/gho/indicator-metadata-registry/imr-details/89,,,,PUBLISHED,Published,,2009.0,2009,,AFR,2009,2009,Africa,,NGA,Nigeria,,YEARS0-4,0-4 years,,,,,,,,CH9,Acute lower respiratory infectionsAcute lower respiratory infections,,0.2,0.18575,,,,,
5736,MORT_100,Number of deaths,https://www.who.int/data/gho/indicator-metadata-registry/imr-details/3365,,,,PUBLISHED,Published,,2009.0,2009,,AFR,2009,2009,Africa,,NGA,Nigeria,,MONTHS1-59,1-59 months,,,,,,,,CH11,Birth asphyxia and birth traumaBirth asphyxia and birth trauma,,9918,9918.20000,,,,,
5737,MORT_200,Deaths per 1 000 live births,https://www.who.int/data/gho/indicator-metadata-registry/imr-details/3366,,,,PUBLISHED,Published,,2009.0,2009,,AFR,2009,2009,Africa,,NGA,Nigeria,,MONTHS1-59,1-59 months,,,,,,,,CH11,Birth asphyxia and birth traumaBirth asphyxia and birth trauma,,1.5,1.53943,,,,,
5738,MORT_300,Distribution of causes of death among children aged < 5 years (%),https://www.who.int/data/gho/indicator-metadata-registry/imr-details/89,,,,PUBLISHED,Published,,2009.0,2009,,AFR,2009,2009,Africa,,NGA,Nigeria,,MONTHS1-59,1-59 months,,,,,,,,CH11,Birth asphyxia and birth traumaBirth asphyxia and birth trauma,,0,0.01755,,,,,
5739,MORT_100,Number of deaths,https://www.who.int/data/gho/indicator-metadata-registry/imr-details/3365,,,,PUBLISHED,Published,,2009.0,2009,,AFR,2009,2009,Africa,,NGA,Nigeria,,YEARS0-4,0-4 years,,,,,,,,CH11,Birth asphyxia and birth traumaBirth asphyxia and birth trauma,,91252,91252.30000,,,,,
5740,MORT_200,Deaths per 1 000 live births,https://www.who.int/data/gho/indicator-metadata-registry/imr-details/3366,,,,PUBLISHED,Published,,2009.0,2009,,AFR,2009,2009,Africa,,NGA,Nigeria,,YEARS0-4,0-4 years,,,,,,,,CH11,Birth asphyxia and birth traumaBirth asphyxia and birth trauma,,14.2,14.16349,,,,,
5741,MORT_300,Distribution of causes of death among children aged < 5 years (%),https://www.who.int/data/gho/indicator-metadata-registry/imr-details/89,,,,PUBLISHED,Published,,2009.0,2009,,AFR,2009,2009,Africa,,NGA,Nigeria,,DAYS0-27,0-27 days,,,,,,,,CH13,"Other communicable, perinatal and nutritional conditionsOther communicable, perinatal and nutritional conditions",,0,0.03928,,,,,
5742,MORT_100,Number of deaths,https://www.who.int/data/gho/indicator-metadata-registry/imr-details/3365,,,,PUBLISHED,Published,,2009.0,2009,,AFR,2009,2009,Africa,,NGA,Nigeria,,MONTHS1-59,1-59 months,,,,,,,,CH13,"Other communicable, perinatal and nutritional conditionsOther communicable, perinatal and nutritional conditions",,58169,58169.01000,,,,,
5743,MORT_200,Deaths per 1 000 live births,https://www.who.int/data/gho/indicator-metadata-registry/imr-details/3366,,,,PUBLISHED,Published,,2009.0,2009,,AFR,2009,2009,Africa,,NGA,Nigeria,,MONTHS1-59,1-59 months,,,,,,,,CH13,"Other communicable, perinatal and nutritional conditionsOther communicable, perinatal and nutritional conditions",,9,9.02855,,,,,
5744,MORT_300,Distribution of causes of death among children aged < 5 years (%),https://www.who.int/data/gho/indicator-metadata-registry/imr-details/89,,,,PUBLISHED,Published,,2009.0,2009,,AFR,2009,2009,Africa,,NGA,Nigeria,,MONTHS1-59,1-59 months,,,,,,,,CH13,"Other communicable, perinatal and nutritional conditionsOther communicable, perinatal and nutritional conditions",,0.1,0.10290,,,,,
5745,MORT_200,Deaths per 1 000 live births,https://www.who.int/data/gho/indicator-metadata-registry/imr-details/3366,,,,PUBLISHED,Published,,2009.0,2009,,AFR,2009,2009,Africa,,NGA,Nigeria,,DAYS0-27,0-27 days,,,,,,,,CH16,Other noncommunicable diseasesOther noncommunicable diseases,,0,0.04736,,,,,
5746,MORT_300,Distribution of causes of death among children aged < 5 years (%),https://www.who.int/data/gho/indicator-metadata-registry/imr-details/89,,,,PUBLISHED,Published,,2009.0,2009,,AFR,2009,2009,Africa,,NGA,Nigeria,,DAYS0-27,0-27 days,,,,,,,,CH16,Other noncommunicable diseasesOther noncommunicable diseases,,0,0.00122,,,,,
5747,MORT_100,Number of deaths,https://www.who.int/data/gho/indicator-metadata-registry/imr-details/3365,,,,PUBLISHED,Published,,2009.0,2009,,AFR,2009,2009,Africa,,NGA,Nigeria,,MONTHS1-59,1-59 months,,,,,,,,CH16,Other noncommunicable diseasesOther noncommunicable diseases,,19799,19799.21000,,,,,
5748,MORT_200,Deaths per 1 000 live births,https://www.who.int/data/gho/indicator-metadata-registry/imr-details/3366,,,,PUBLISHED,Published,,2009.0,2009,,AFR,2009,2009,Africa,,NGA,Nigeria,,MONTHS1-59,1-59 months,,,,,,,,CH16,Other noncommunicable diseasesOther noncommunicable diseases,,3.1,3.07308,,,,,
5749,MORT_100,Number of deaths,https://www.who.int/data/gho/indicator-metadata-registry/imr-details/3365,,,,PUBLISHED,Published,,2010.0,2010,,AFR,2010,2010,Africa,,NGA,Nigeria,,DAYS0-27,0-27 days,,,,,,,,CH2,HIV/AIDSHIV/AIDS,,220,220.18000,,,,,
5750,MORT_200,Deaths per 1 000 live births,https://www.who.int/data/gho/indicator-metadata-registry/imr-details/3366,,,,PUBLISHED,Published,,2010.0,2010,,AFR,2010,2010,Africa,,NGA,Nigeria,,DAYS0-27,0-27 days,,,,,,,,CH2,HIV/AIDSHIV/AIDS,,0,0.03350,,,,,
5751,MORT_300,Distribution of causes of death among children aged < 5 years (%),https://www.who.int/data/gho/indicator-metadata-registry/imr-details/89,,,,PUBLISHED,Published,,2010.0,2010,,AFR,2010,2010,Africa,,NGA,Nigeria,,DAYS0-27,0-27 days,,,,,,,,CH2,HIV/AIDSHIV/AIDS,,0,0.00088,,,,,
5752,MORT_100,Number of deaths,https://www.who.int/data/gho/indicator-metadata-registry/imr-details/3365,,,,PUBLISHED,Published,,2010.0,2010,,AFR,2010,2010,Africa,,NGA,Nigeria,,MONTHS1-59,1-59 months,,,,,,,,CH2,HIV/AIDSHIV/AIDS,,21798,21797.82000,,,,,
5753,MORT_200,Deaths per 1 000 live births,https://www.who.int/data/gho/indicator-metadata-registry/imr-details/3366,,,,PUBLISHED,Published,,2010.0,2010,,AFR,2010,2010,Africa,,NGA,Nigeria,,YEARS0-4,0-4 years,,,,,,,,CH3,Diarrhoeal diseasesDiarrhoeal diseases,,13.8,13.82385,,,,,
5754,MORT_300,Distribution of causes of death among children aged < 5 years (%),https://www.who.int/data/gho/indicator-metadata-registry/imr-details/89,,,,PUBLISHED,Published,,2010.0,2010,,AFR,2010,2010,Africa,,NGA,Nigeria,,YEARS0-4,0-4 years,,,,,,,,CH3,Diarrhoeal diseasesDiarrhoeal diseases,,0.1,0.11205,,,,,
5755,MORT_100,Number of deaths,https://www.who.int/data/gho/indicator-metadata-registry/imr-details/3365,,,,PUBLISHED,Published,,2010.0,2010,,AFR,2010,2010,Africa,,NGA,Nigeria,,DAYS0-27,0-27 days,,,,,,,,CH5,TetanusTetanus,,8438,8437.68200,,,,,
5756,MORT_200,Deaths per 1 000 live births,https://www.who.int/data/gho/indicator-metadata-registry/imr-details/3366,,,,PUBLISHED,Published,,2010.0,2010,,AFR,2010,2010,Africa,,NGA,Nigeria,,DAYS0-27,0-27 days,,,,,,,,CH5,TetanusTetanus,,1.3,1.28389,,,,,
5757,MORT_100,Number of deaths,https://www.who.int/data/gho/indicator-metadata-registry/imr-details/3365,,,,PUBLISHED,Published,,2010.0,2010,,AFR,2010,2010,Africa,,NGA,Nigeria,,YEARS0-4,0-4 years,,,,,,,,CH6,MeaslesMeasles,,10558,10558.01000,,,,,
5758,MORT_200,Deaths per 1 000 live births,https://www.who.int/data/gho/indicator-metadata-registry/imr-details/3366,,,,PUBLISHED,Published,,2010.0,2010,,AFR,2010,2010,Africa,,NGA,Nigeria,,YEARS0-4,0-4 years,,,,,,,,CH6,MeaslesMeasles,,1.6,1.60652,,,,,
5759,MORT_300,Distribution of causes of death among children aged < 5 years (%),https://www.who.int/data/gho/indicator-metadata-registry/imr-details/89,,,,PUBLISHED,Published,,2010.0,2010,,AFR,2010,2010,Africa,,NGA,Nigeria,,YEARS0-4,0-4 years,,,,,,,,CH6,MeaslesMeasles,,0,0.01302,,,,,
5760,MORT_100,Number of deaths,https://www.who.int/data/gho/indicator-metadata-registry/imr-details/3365,,,,PUBLISHED,Published,,2010.0,2010,,AFR,2010,2010,Africa,,NGA,Nigeria,,DAYS0-27,0-27 days,,,,,,,,CH7,Meningitis/encephalitisMeningitis/encephalitis,,3765,3765.07400,,,,,
5761,MORT_300,Distribution of causes of death among children aged < 5 years (%),https://www.who.int/data/gho/indicator-metadata-registry/imr-details/89,,,,PUBLISHED,Published,,2010.0,2010,,AFR,2010,2010,Africa,,NGA,Nigeria,,MONTHS1-59,1-59 months,,,,,,,,CH8,MalariaMalaria,,0.2,0.24458,,,,,
5762,MORT_100,Number of deaths,https://www.who.int/data/gho/indicator-metadata-registry/imr-details/3365,,,,PUBLISHED,Published,,2010.0,2010,,AFR,2010,2010,Africa,,NGA,Nigeria,,YEARS0-4,0-4 years,,,,,,,,CH8,MalariaMalaria,,137344,137343.50000,,,,,
5763,MORT_200,Deaths per 1 000 live births,https://www.who.int/data/gho/indicator-metadata-registry/imr-details/3366,,,,PUBLISHED,Published,,2010.0,2010,,AFR,2010,2010,Africa,,NGA,Nigeria,,YEARS0-4,0-4 years,,,,,,,,CH8,MalariaMalaria,,20.9,20.89836,,,,,
5764,MORT_300,Distribution of causes of death among children aged < 5 years (%),https://www.who.int/data/gho/indicator-metadata-registry/imr-details/89,,,,PUBLISHED,Published,,2010.0,2010,,AFR,2010,2010,Africa,,NGA,Nigeria,,YEARS0-4,0-4 years,,,,,,,,CH8,MalariaMalaria,,0.2,0.16939,,,,,
5765,MORT_100,Number of deaths,https://www.who.int/data/gho/indicator-metadata-registry/imr-details/3365,,,,PUBLISHED,Published,,2010.0,2010,,AFR,2010,2010,Africa,,NGA,Nigeria,,MONTHS1-59,1-59 months,,,,,,,,CH10,PrematurityPrematurity,,9027,9027.28000,,,,,
5766,MORT_200,Deaths per 1 000 live births,https://www.who.int/data/gho/indicator-metadata-registry/imr-details/3366,,,,PUBLISHED,Published,,2010.0,2010,,AFR,2010,2010,Africa,,NGA,Nigeria,,MONTHS1-59,1-59 months,,,,,,,,CH10,PrematurityPrematurity,,1.4,1.37360,,,,,
5767,MORT_300,Distribution of causes of death among children aged < 5 years (%),https://www.who.int/data/gho/indicator-metadata-registry/imr-details/89,,,,PUBLISHED,Published,,2010.0,2010,,AFR,2010,2010,Africa,,NGA,Nigeria,,MONTHS1-59,1-59 months,,,,,,,,CH10,PrematurityPrematurity,,0,0.01608,,,,,
5768,MORT_100,Number of deaths,https://www.who.int/data/gho/indicator-metadata-registry/imr-details/3365,,,,PUBLISHED,Published,,2010.0,2010,,AFR,2010,2010,Africa,,NGA,Nigeria,,YEARS0-4,0-4 years,,,,,,,,CH10,PrematurityPrematurity,,82108,82107.56000,,,,,
5769,MORT_200,Deaths per 1 000 live births,https://www.who.int/data/gho/indicator-metadata-registry/imr-details/3366,,,,PUBLISHED,Published,,2010.0,2010,,AFR,2010,2010,Africa,,NGA,Nigeria,,YEARS0-4,0-4 years,,,,,,,,CH10,PrematurityPrematurity,,12.5,12.49359,,,,,
5770,MORT_300,Distribution of causes of death among children aged < 5 years (%),https://www.who.int/data/gho/indicator-metadata-registry/imr-details/89,,,,PUBLISHED,Published,,2010.0,2010,,AFR,2010,2010,Africa,,NGA,Nigeria,,DAYS0-27,0-27 days,,,,,,,,CH12,Sepsis and other infectious conditions of the newbornSepsis and other infectious conditions of the newborn,,0.1,0.13486,,,,,
5771,MORT_100,Number of deaths,https://www.who.int/data/gho/indicator-metadata-registry/imr-details/3365,,,,PUBLISHED,Published,,2010.0,2010,,AFR,2010,2010,Africa,,NGA,Nigeria,,MONTHS1-59,1-59 months,,,,,,,,CH12,Sepsis and other infectious conditions of the newbornSepsis and other infectious conditions of the newborn,,0,0.00000,,,,,
5772,MORT_200,Deaths per 1 000 live births,https://www.who.int/data/gho/indicator-metadata-registry/imr-details/3366,,,,PUBLISHED,Published,,2010.0,2010,,AFR,2010,2010,Africa,,NGA,Nigeria,,MONTHS1-59,1-59 months,,,,,,,,CH12,Sepsis and other infectious conditions of the newbornSepsis and other infectious conditions of the newborn,,0,0.00000,,,,,
5773,MORT_300,Distribution of causes of death among children aged < 5 years (%),https://www.who.int/data/gho/indicator-metadata-registry/imr-details/89,,,,PUBLISHED,Published,,2010.0,2010,,AFR,2010,2010,Africa,,NGA,Nigeria,,MONTHS1-59,1-59 months,,,,,,,,CH12,Sepsis and other infectious conditions of the newbornSepsis and other infectious conditions of the newborn,,0,0.00000,,,,,
5774,MORT_200,Deaths per 1 000 live births,https://www.who.int/data/gho/indicator-metadata-registry/imr-details/3366,,,,PUBLISHED,Published,,2010.0,2010,,AFR,2010,2010,Africa,,NGA,Nigeria,,DAYS0-27,0-27 days,,,,,,,,CH15,Congenital anomaliesCongenital anomalies,,2.2,2.16568,,,,,
5775,MORT_300,Distribution of causes of death among children aged < 5 years (%),https://www.who.int/data/gho/indicator-metadata-registry/imr-details/89,,,,PUBLISHED,Published,,2010.0,2010,,AFR,2010,2010,Africa,,NGA,Nigeria,,DAYS0-27,0-27 days,,,,,,,,CH15,Congenital anomaliesCongenital anomalies,,0.1,0.05710,,,,,
5776,MORT_100,Number of deaths,https://www.who.int/data/gho/indicator-metadata-registry/imr-details/3365,,,,PUBLISHED,Published,,2010.0,2010,,AFR,2010,2010,Africa,,NGA,Nigeria,,MONTHS1-59,1-59 months,,,,,,,,CH15,Congenital anomaliesCongenital anomalies,,17400,17399.67000,,,,,
5777,MORT_200,Deaths per 1 000 live births,https://www.who.int/data/gho/indicator-metadata-registry/imr-details/3366,,,,PUBLISHED,Published,,2010.0,2010,,AFR,2010,2010,Africa,,NGA,Nigeria,,MONTHS1-59,1-59 months,,,,,,,,CH15,Congenital anomaliesCongenital anomalies,,2.6,2.64756,,,,,
5778,MORT_100,Number of deaths,https://www.who.int/data/gho/indicator-metadata-registry/imr-details/3365,,,,PUBLISHED,Published,,2010.0,2010,,AFR,2010,2010,Africa,,NGA,Nigeria,,DAYS0-27,0-27 days,,,,,,,,CH17,InjuriesInjuries,,3189,3188.92400,,,,,
5779,MORT_200,Deaths per 1 000 live births,https://www.who.int/data/gho/indicator-metadata-registry/imr-details/3366,,,,PUBLISHED,Published,,2010.0,2010,,AFR,2010,2010,Africa,,NGA,Nigeria,,DAYS0-27,0-27 days,,,,,,,,CH17,InjuriesInjuries,,0.5,0.48523,,,,,
5780,MORT_300,Distribution of causes of death among children aged < 5 years (%),https://www.who.int/data/gho/indicator-metadata-registry/imr-details/89,,,,PUBLISHED,Published,,2010.0,2010,,AFR,2010,2010,Africa,,NGA,Nigeria,,DAYS0-27,0-27 days,,,,,,,,CH17,InjuriesInjuries,,0,0.01279,,,,,
5781,MORT_100,Number of deaths,https://www.who.int/data/gho/indicator-metadata-registry/imr-details/3365,,,,PUBLISHED,Published,,2010.0,2010,,AFR,2010,2010,Africa,,NGA,Nigeria,,MONTHS1-59,1-59 months,,,,,,,,CH17,InjuriesInjuries,,31410,31410.47000,,,,,
5782,MORT_200,Deaths per 1 000 live births,https://www.who.int/data/gho/indicator-metadata-registry/imr-details/3366,,,,PUBLISHED,Published,,2011.0,2011,,AFR,2011,2011,Africa,,NGA,Nigeria,,YEARS0-4,0-4 years,,,,,,,,CH2,HIV/AIDSHIV/AIDS,,3.2,3.24479,,,,,
5783,MORT_300,Distribution of causes of death among children aged < 5 years (%),https://www.who.int/data/gho/indicator-metadata-registry/imr-details/89,,,,PUBLISHED,Published,,2011.0,2011,,AFR,2011,2011,Africa,,NGA,Nigeria,,YEARS0-4,0-4 years,,,,,,,,CH2,HIV/AIDSHIV/AIDS,,0,0.02698,,,,,
5784,MORT_100,Number of deaths,https://www.who.int/data/gho/indicator-metadata-registry/imr-details/3365,,,,PUBLISHED,Published,,2011.0,2011,,AFR,2011,2011,Africa,,NGA,Nigeria,,DAYS0-27,0-27 days,,,,,,,,CH3,Diarrhoeal diseasesDiarrhoeal diseases,,2117,2117.02000,,,,,
5785,MORT_200,Deaths per 1 000 live births,https://www.who.int/data/gho/indicator-metadata-registry/imr-details/3366,,,,PUBLISHED,Published,,2011.0,2011,,AFR,2011,2011,Africa,,NGA,Nigeria,,DAYS0-27,0-27 days,,,,,,,,CH3,Diarrhoeal diseasesDiarrhoeal diseases,,0.3,0.31610,,,,,
5786,MORT_100,Number of deaths,https://www.who.int/data/gho/indicator-metadata-registry/imr-details/3365,,,,PUBLISHED,Published,,2011.0,2011,,AFR,2011,2011,Africa,,NGA,Nigeria,,YEARS0-4,0-4 years,,,,,,,,CH5,TetanusTetanus,,8358,8358.13200,,,,,
5787,MORT_200,Deaths per 1 000 live births,https://www.who.int/data/gho/indicator-metadata-registry/imr-details/3366,,,,PUBLISHED,Published,,2011.0,2011,,AFR,2011,2011,Africa,,NGA,Nigeria,,YEARS0-4,0-4 years,,,,,,,,CH5,TetanusTetanus,,1.2,1.24800,,,,,
5788,MORT_300,Distribution of causes of death among children aged < 5 years (%),https://www.who.int/data/gho/indicator-metadata-registry/imr-details/89,,,,PUBLISHED,Published,,2011.0,2011,,AFR,2011,2011,Africa,,NGA,Nigeria,,YEARS0-4,0-4 years,,,,,,,,CH5,TetanusTetanus,,0,0.01038,,,,,
5789,MORT_100,Number of deaths,https://www.who.int/data/gho/indicator-metadata-registry/imr-details/3365,,,,PUBLISHED,Published,,2011.0,2011,,AFR,2011,2011,Africa,,NGA,Nigeria,,DAYS0-27,0-27 days,,,,,,,,CH6,MeaslesMeasles,,0,0.00000,,,,,
5790,MORT_300,Distribution of causes of death among children aged < 5 years (%),https://www.who.int/data/gho/indicator-metadata-registry/imr-details/89,,,,PUBLISHED,Published,,2011.0,2011,,AFR,2011,2011,Africa,,NGA,Nigeria,,MONTHS1-59,1-59 months,,,,,,,,CH7,Meningitis/encephalitisMeningitis/encephalitis,,0,0.03329,,,,,
5791,MORT_100,Number of deaths,https://www.who.int/data/gho/indicator-metadata-registry/imr-details/3365,,,,PUBLISHED,Published,,2011.0,2011,,AFR,2011,2011,Africa,,NGA,Nigeria,,YEARS0-4,0-4 years,,,,,,,,CH7,Meningitis/encephalitisMeningitis/encephalitis,,22078,22077.77000,,,,,
5792,MORT_200,Deaths per 1 000 live births,https://www.who.int/data/gho/indicator-metadata-registry/imr-details/3366,,,,PUBLISHED,Published,,2011.0,2011,,AFR,2011,2011,Africa,,NGA,Nigeria,,YEARS0-4,0-4 years,,,,,,,,CH7,Meningitis/encephalitisMeningitis/encephalitis,,3.3,3.29656,,,,,
5793,MORT_300,Distribution of causes of death among children aged < 5 years (%),https://www.who.int/data/gho/indicator-metadata-registry/imr-details/89,,,,PUBLISHED,Published,,2011.0,2011,,AFR,2011,2011,Africa,,NGA,Nigeria,,YEARS0-4,0-4 years,,,,,,,,CH7,Meningitis/encephalitisMeningitis/encephalitis,,0,0.02742,,,,,
5794,MORT_100,Number of deaths,https://www.who.int/data/gho/indicator-metadata-registry/imr-details/3365,,,,PUBLISHED,Published,,2011.0,2011,,AFR,2011,2011,Africa,,NGA,Nigeria,,MONTHS1-59,1-59 months,,,,,,,,CH9,Acute lower respiratory infectionsAcute lower respiratory infections,,135002,135002.30000,,,,,
5795,MORT_200,Deaths per 1 000 live births,https://www.who.int/data/gho/indicator-metadata-registry/imr-details/3366,,,,PUBLISHED,Published,,2011.0,2011,,AFR,2011,2011,Africa,,NGA,Nigeria,,MONTHS1-59,1-59 months,,,,,,,,CH9,Acute lower respiratory infectionsAcute lower respiratory infections,,20.2,20.15800,,,,,
5796,MORT_300,Distribution of causes of death among children aged < 5 years (%),https://www.who.int/data/gho/indicator-metadata-registry/imr-details/89,,,,PUBLISHED,Published,,2011.0,2011,,AFR,2011,2011,Africa,,NGA,Nigeria,,MONTHS1-59,1-59 months,,,,,,,,CH9,Acute lower respiratory infectionsAcute lower respiratory infections,,0.2,0.24247,,,,,
5797,MORT_100,Number of deaths,https://www.who.int/data/gho/indicator-metadata-registry/imr-details/3365,,,,PUBLISHED,Published,,2011.0,2011,,AFR,2011,2011,Africa,,NGA,Nigeria,,YEARS0-4,0-4 years,,,,,,,,CH9,Acute lower respiratory infectionsAcute lower respiratory infections,,154565,154565.10000,,,,,
5798,MORT_200,Deaths per 1 000 live births,https://www.who.int/data/gho/indicator-metadata-registry/imr-details/3366,,,,PUBLISHED,Published,,2011.0,2011,,AFR,2011,2011,Africa,,NGA,Nigeria,,YEARS0-4,0-4 years,,,,,,,,CH9,Acute lower respiratory infectionsAcute lower respiratory infections,,23.1,23.07904,,,,,
5799,MORT_300,Distribution of causes of death among children aged < 5 years (%),https://www.who.int/data/gho/indicator-metadata-registry/imr-details/89,,,,PUBLISHED,Published,,2011.0,2011,,AFR,2011,2011,Africa,,NGA,Nigeria,,DAYS0-27,0-27 days,,,,,,,,CH11,Birth asphyxia and birth traumaBirth asphyxia and birth trauma,,0.3,0.32362,,,,,
5800,MORT_100,Number of deaths,https://www.who.int/data/gho/indicator-metadata-registry/imr-details/3365,,,,PUBLISHED,Published,,2011.0,2011,,AFR,2011,2011,Africa,,NGA,Nigeria,,MONTHS1-59,1-59 months,,,,,,,,CH11,Birth asphyxia and birth traumaBirth asphyxia and birth trauma,,10472,10471.82000,,,,,
5801,MORT_300,Distribution of causes of death among children aged < 5 years (%),https://www.who.int/data/gho/indicator-metadata-registry/imr-details/89,,,,PUBLISHED,Published,,2000.0,2000,,AFR,2000,2000,Africa,,NGA,Nigeria,,MONTHS1-59,1-59 months,,,,,,,,CH8,MalariaMalaria,,0.2,0.24220,,,,,
5802,MORT_100,Number of deaths,https://www.who.int/data/gho/indicator-metadata-registry/imr-details/3365,,,,PUBLISHED,Published,,2000.0,2000,,AFR,2000,2000,Africa,,NGA,Nigeria,,YEARS0-4,0-4 years,,,,,,,,CH8,MalariaMalaria,,188737,188736.90000,,,,,
5803,MORT_300,Distribution of causes of death among children aged < 5 years (%),https://www.who.int/data/gho/indicator-metadata-registry/imr-details/89,,,,PUBLISHED,Published,,2000.0,2000,,AFR,2000,2000,Africa,,NGA,Nigeria,,DAYS0-27,0-27 days,,,,,,,,CH10,PrematurityPrematurity,,0.3,0.28501,,,,,
5804,MORT_100,Number of deaths,https://www.who.int/data/gho/indicator-metadata-registry/imr-details/3365,,,,PUBLISHED,Published,,2000.0,2000,,AFR,2000,2000,Africa,,NGA,Nigeria,,MONTHS1-59,1-59 months,,,,,,,,CH10,PrematurityPrematurity,,8309,8308.90600,,,,,
5805,MORT_200,Deaths per 1 000 live births,https://www.who.int/data/gho/indicator-metadata-registry/imr-details/3366,,,,PUBLISHED,Published,,2000.0,2000,,AFR,2000,2000,Africa,,NGA,Nigeria,,MONTHS1-59,1-59 months,,,,,,,,CH10,PrematurityPrematurity,,1.6,1.57057,,,,,
5806,MORT_300,Distribution of causes of death among children aged < 5 years (%),https://www.who.int/data/gho/indicator-metadata-registry/imr-details/89,,,,PUBLISHED,Published,,2000.0,2000,,AFR,2000,2000,Africa,,NGA,Nigeria,,MONTHS1-59,1-59 months,,,,,,,,CH10,PrematurityPrematurity,,0,0.01066,,,,,
5807,MORT_100,Number of deaths,https://www.who.int/data/gho/indicator-metadata-registry/imr-details/3365,,,,PUBLISHED,Published,,2000.0,2000,,AFR,2000,2000,Africa,,NGA,Nigeria,,DAYS0-27,0-27 days,,,,,,,,CH12,Sepsis and other infectious conditions of the newbornSepsis and other infectious conditions of the newborn,,25945,25944.92000,,,,,
5808,MORT_200,Deaths per 1 000 live births,https://www.who.int/data/gho/indicator-metadata-registry/imr-details/3366,,,,PUBLISHED,Published,,2000.0,2000,,AFR,2000,2000,Africa,,NGA,Nigeria,,DAYS0-27,0-27 days,,,,,,,,CH12,Sepsis and other infectious conditions of the newbornSepsis and other infectious conditions of the newborn,,4.9,4.90419,,,,,
5809,MORT_300,Distribution of causes of death among children aged < 5 years (%),https://www.who.int/data/gho/indicator-metadata-registry/imr-details/89,,,,PUBLISHED,Published,,2000.0,2000,,AFR,2000,2000,Africa,,NGA,Nigeria,,DAYS0-27,0-27 days,,,,,,,,CH12,Sepsis and other infectious conditions of the newbornSepsis and other infectious conditions of the newborn,,0.1,0.10215,,,,,
5810,MORT_100,Number of deaths,https://www.who.int/data/gho/indicator-metadata-registry/imr-details/3365,,,,PUBLISHED,Published,,2000.0,2000,,AFR,2000,2000,Africa,,NGA,Nigeria,,MONTHS1-59,1-59 months,,,,,,,,CH12,Sepsis and other infectious conditions of the newbornSepsis and other infectious conditions of the newborn,,0,0.00000,,,,,
5811,MORT_300,Distribution of causes of death among children aged < 5 years (%),https://www.who.int/data/gho/indicator-metadata-registry/imr-details/89,,,,PUBLISHED,Published,,2000.0,2000,,AFR,2000,2000,Africa,,NGA,Nigeria,,YEARS0-4,0-4 years,,,,,,,,CH13,"Other communicable, perinatal and nutritional conditionsOther communicable, perinatal and nutritional conditions",,0.1,0.06434,,,,,
5812,MORT_100,Number of deaths,https://www.who.int/data/gho/indicator-metadata-registry/imr-details/3365,,,,PUBLISHED,Published,,2000.0,2000,,AFR,2000,2000,Africa,,NGA,Nigeria,,DAYS0-27,0-27 days,,,,,,,,CH15,Congenital anomaliesCongenital anomalies,,15349,15348.55000,,,,,
5813,MORT_200,Deaths per 1 000 live births,https://www.who.int/data/gho/indicator-metadata-registry/imr-details/3366,,,,PUBLISHED,Published,,2000.0,2000,,AFR,2000,2000,Africa,,NGA,Nigeria,,DAYS0-27,0-27 days,,,,,,,,CH15,Congenital anomaliesCongenital anomalies,,2.9,2.90123,,,,,
5814,MORT_300,Distribution of causes of death among children aged < 5 years (%),https://www.who.int/data/gho/indicator-metadata-registry/imr-details/89,,,,PUBLISHED,Published,,2000.0,2000,,AFR,2000,2000,Africa,,NGA,Nigeria,,DAYS0-27,0-27 days,,,,,,,,CH15,Congenital anomaliesCongenital anomalies,,0.1,0.06043,,,,,
5815,MORT_200,Deaths per 1 000 live births,https://www.who.int/data/gho/indicator-metadata-registry/imr-details/3366,,,,PUBLISHED,Published,,2000.0,2000,,AFR,2000,2000,Africa,,NGA,Nigeria,,YEARS0-4,0-4 years,,,,,,,,CH16,Other noncommunicable diseasesOther noncommunicable diseases,,3.7,3.67188,,,,,
5816,MORT_300,Distribution of causes of death among children aged < 5 years (%),https://www.who.int/data/gho/indicator-metadata-registry/imr-details/89,,,,PUBLISHED,Published,,2000.0,2000,,AFR,2000,2000,Africa,,NGA,Nigeria,,YEARS0-4,0-4 years,,,,,,,,CH16,Other noncommunicable diseasesOther noncommunicable diseases,,0,0.01880,,,,,
5817,MORT_100,Number of deaths,https://www.who.int/data/gho/indicator-metadata-registry/imr-details/3365,,,,PUBLISHED,Published,,2000.0,2000,,AFR,2000,2000,Africa,,NGA,Nigeria,,DAYS0-27,0-27 days,,,,,,,,CH17,InjuriesInjuries,,2996,2995.80200,,,,,
5818,MORT_200,Deaths per 1 000 live births,https://www.who.int/data/gho/indicator-metadata-registry/imr-details/3366,,,,PUBLISHED,Published,,2000.0,2000,,AFR,2000,2000,Africa,,NGA,Nigeria,,DAYS0-27,0-27 days,,,,,,,,CH17,InjuriesInjuries,,0.6,0.56628,,,,,
5819,MORT_300,Distribution of causes of death among children aged < 5 years (%),https://www.who.int/data/gho/indicator-metadata-registry/imr-details/89,,,,PUBLISHED,Published,,2001.0,2001,,AFR,2001,2001,Africa,,NGA,Nigeria,,MONTHS1-59,1-59 months,,,,,,,,CH2,HIV/AIDSHIV/AIDS,,0,0.03054,,,,,
5820,MORT_100,Number of deaths,https://www.who.int/data/gho/indicator-metadata-registry/imr-details/3365,,,,PUBLISHED,Published,,2001.0,2001,,AFR,2001,2001,Africa,,NGA,Nigeria,,YEARS0-4,0-4 years,,,,,,,,CH2,HIV/AIDSHIV/AIDS,,23041,23041.00000,,,,,
5821,MORT_200,Deaths per 1 000 live births,https://www.who.int/data/gho/indicator-metadata-registry/imr-details/3366,,,,PUBLISHED,Published,,2001.0,2001,,AFR,2001,2001,Africa,,NGA,Nigeria,,YEARS0-4,0-4 years,,,,,,,,CH2,HIV/AIDSHIV/AIDS,,4.3,4.25388,,,,,
5822,MORT_300,Distribution of causes of death among children aged < 5 years (%),https://www.who.int/data/gho/indicator-metadata-registry/imr-details/89,,,,PUBLISHED,Published,,2001.0,2001,,AFR,2001,2001,Africa,,NGA,Nigeria,,YEARS0-4,0-4 years,,,,,,,,CH2,HIV/AIDSHIV/AIDS,,0,0.02301,,,,,
5823,MORT_100,Number of deaths,https://www.who.int/data/gho/indicator-metadata-registry/imr-details/3365,,,,PUBLISHED,Published,,2001.0,2001,,AFR,2001,2001,Africa,,NGA,Nigeria,,DAYS0-27,0-27 days,,,,,,,,CH3,Diarrhoeal diseasesDiarrhoeal diseases,,2832,2832.10900,,,,,
5824,MORT_200,Deaths per 1 000 live births,https://www.who.int/data/gho/indicator-metadata-registry/imr-details/3366,,,,PUBLISHED,Published,,2001.0,2001,,AFR,2001,2001,Africa,,NGA,Nigeria,,MONTHS1-59,1-59 months,,,,,,,,CH5,TetanusTetanus,,0,0.02182,,,,,
5825,MORT_300,Distribution of causes of death among children aged < 5 years (%),https://www.who.int/data/gho/indicator-metadata-registry/imr-details/89,,,,PUBLISHED,Published,,2001.0,2001,,AFR,2001,2001,Africa,,NGA,Nigeria,,MONTHS1-59,1-59 months,,,,,,,,CH5,TetanusTetanus,,0,0.00016,,,,,
5826,MORT_100,Number of deaths,https://www.who.int/data/gho/indicator-metadata-registry/imr-details/3365,,,,PUBLISHED,Published,,2001.0,2001,,AFR,2001,2001,Africa,,NGA,Nigeria,,YEARS0-4,0-4 years,,,,,,,,CH5,TetanusTetanus,,17204,17204.45000,,,,,
5827,MORT_200,Deaths per 1 000 live births,https://www.who.int/data/gho/indicator-metadata-registry/imr-details/3366,,,,PUBLISHED,Published,,2001.0,2001,,AFR,2001,2001,Africa,,NGA,Nigeria,,YEARS0-4,0-4 years,,,,,,,,CH5,TetanusTetanus,,3.2,3.17633,,,,,
5828,MORT_100,Number of deaths,https://www.who.int/data/gho/indicator-metadata-registry/imr-details/3365,,,,PUBLISHED,Published,,2001.0,2001,,AFR,2001,2001,Africa,,NGA,Nigeria,,MONTHS1-59,1-59 months,,,,,,,,CH7,Meningitis/encephalitisMeningitis/encephalitis,,21686,21685.71000,,,,,
5829,MORT_200,Deaths per 1 000 live births,https://www.who.int/data/gho/indicator-metadata-registry/imr-details/3366,,,,PUBLISHED,Published,,2001.0,2001,,AFR,2001,2001,Africa,,NGA,Nigeria,,MONTHS1-59,1-59 months,,,,,,,,CH7,Meningitis/encephalitisMeningitis/encephalitis,,4,4.00367,,,,,
5830,MORT_300,Distribution of causes of death among children aged < 5 years (%),https://www.who.int/data/gho/indicator-metadata-registry/imr-details/89,,,,PUBLISHED,Published,,2001.0,2001,,AFR,2001,2001,Africa,,NGA,Nigeria,,MONTHS1-59,1-59 months,,,,,,,,CH7,Meningitis/encephalitisMeningitis/encephalitis,,0,0.02903,,,,,
5831,MORT_100,Number of deaths,https://www.who.int/data/gho/indicator-metadata-registry/imr-details/3365,,,,PUBLISHED,Published,,2001.0,2001,,AFR,2001,2001,Africa,,NGA,Nigeria,,YEARS0-4,0-4 years,,,,,,,,CH7,Meningitis/encephalitisMeningitis/encephalitis,,25338,25338.20000,,,,,
5832,MORT_300,Distribution of causes of death among children aged < 5 years (%),https://www.who.int/data/gho/indicator-metadata-registry/imr-details/89,,,,PUBLISHED,Published,,2001.0,2001,,AFR,2001,2001,Africa,,NGA,Nigeria,,DAYS0-27,0-27 days,,,,,,,,CH9,Acute lower respiratory infectionsAcute lower respiratory infections,,0.1,0.07849,,,,,
5833,MORT_100,Number of deaths,https://www.who.int/data/gho/indicator-metadata-registry/imr-details/3365,,,,PUBLISHED,Published,,2001.0,2001,,AFR,2001,2001,Africa,,NGA,Nigeria,,MONTHS1-59,1-59 months,,,,,,,,CH9,Acute lower respiratory infectionsAcute lower respiratory infections,,131462,131462.20000,,,,,
5834,MORT_200,Deaths per 1 000 live births,https://www.who.int/data/gho/indicator-metadata-registry/imr-details/3366,,,,PUBLISHED,Published,,2001.0,2001,,AFR,2001,2001,Africa,,NGA,Nigeria,,MONTHS1-59,1-59 months,,,,,,,,CH9,Acute lower respiratory infectionsAcute lower respiratory infections,,24.3,24.27085,,,,,
5835,MORT_300,Distribution of causes of death among children aged < 5 years (%),https://www.who.int/data/gho/indicator-metadata-registry/imr-details/89,,,,PUBLISHED,Published,,2001.0,2001,,AFR,2001,2001,Africa,,NGA,Nigeria,,MONTHS1-59,1-59 months,,,,,,,,CH9,Acute lower respiratory infectionsAcute lower respiratory infections,,0.2,0.17598,,,,,
5836,MORT_100,Number of deaths,https://www.who.int/data/gho/indicator-metadata-registry/imr-details/3365,,,,PUBLISHED,Published,,2001.0,2001,,AFR,2001,2001,Africa,,NGA,Nigeria,,DAYS0-27,0-27 days,,,,,,,,CH11,Birth asphyxia and birth traumaBirth asphyxia and birth trauma,,83793,83792.91000,,,,,
5837,MORT_200,Deaths per 1 000 live births,https://www.who.int/data/gho/indicator-metadata-registry/imr-details/3366,,,,PUBLISHED,Published,,2001.0,2001,,AFR,2001,2001,Africa,,NGA,Nigeria,,DAYS0-27,0-27 days,,,,,,,,CH11,Birth asphyxia and birth traumaBirth asphyxia and birth trauma,,15.5,15.47004,,,,,
5838,MORT_300,Distribution of causes of death among children aged < 5 years (%),https://www.who.int/data/gho/indicator-metadata-registry/imr-details/89,,,,PUBLISHED,Published,,2001.0,2001,,AFR,2001,2001,Africa,,NGA,Nigeria,,DAYS0-27,0-27 days,,,,,,,,CH11,Birth asphyxia and birth traumaBirth asphyxia and birth trauma,,0.3,0.32927,,,,,
5839,MORT_100,Number of deaths,https://www.who.int/data/gho/indicator-metadata-registry/imr-details/3365,,,,PUBLISHED,Published,,2001.0,2001,,AFR,2001,2001,Africa,,NGA,Nigeria,,MONTHS1-59,1-59 months,,,,,,,,CH11,Birth asphyxia and birth traumaBirth asphyxia and birth trauma,,9499,9499.28700,,,,,
5840,MORT_300,Distribution of causes of death among children aged < 5 years (%),https://www.who.int/data/gho/indicator-metadata-registry/imr-details/89,,,,PUBLISHED,Published,,2001.0,2001,,AFR,2001,2001,Africa,,NGA,Nigeria,,YEARS0-4,0-4 years,,,,,,,,CH12,Sepsis and other infectious conditions of the newbornSepsis and other infectious conditions of the newborn,,0,0.02676,,,,,
5841,MORT_100,Number of deaths,https://www.who.int/data/gho/indicator-metadata-registry/imr-details/3365,,,,PUBLISHED,Published,,2001.0,2001,,AFR,2001,2001,Africa,,NGA,Nigeria,,DAYS0-27,0-27 days,,,,,,,,CH13,"Other communicable, perinatal and nutritional conditionsOther communicable, perinatal and nutritional conditions",,10253,10253.48000,,,,,
5842,MORT_200,Deaths per 1 000 live births,https://www.who.int/data/gho/indicator-metadata-registry/imr-details/3366,,,,PUBLISHED,Published,,2001.0,2001,,AFR,2001,2001,Africa,,NGA,Nigeria,,DAYS0-27,0-27 days,,,,,,,,CH13,"Other communicable, perinatal and nutritional conditionsOther communicable, perinatal and nutritional conditions",,1.9,1.89302,,,,,
5843,MORT_300,Distribution of causes of death among children aged < 5 years (%),https://www.who.int/data/gho/indicator-metadata-registry/imr-details/89,,,,PUBLISHED,Published,,2001.0,2001,,AFR,2001,2001,Africa,,NGA,Nigeria,,DAYS0-27,0-27 days,,,,,,,,CH13,"Other communicable, perinatal and nutritional conditionsOther communicable, perinatal and nutritional conditions",,0,0.04029,,,,,
5844,MORT_200,Deaths per 1 000 live births,https://www.who.int/data/gho/indicator-metadata-registry/imr-details/3366,,,,PUBLISHED,Published,,2001.0,2001,,AFR,2001,2001,Africa,,NGA,Nigeria,,YEARS0-4,0-4 years,,,,,,,,CH15,Congenital anomaliesCongenital anomalies,,5.5,5.52681,,,,,
5845,MORT_300,Distribution of causes of death among children aged < 5 years (%),https://www.who.int/data/gho/indicator-metadata-registry/imr-details/89,,,,PUBLISHED,Published,,2001.0,2001,,AFR,2001,2001,Africa,,NGA,Nigeria,,YEARS0-4,0-4 years,,,,,,,,CH15,Congenital anomaliesCongenital anomalies,,0,0.02989,,,,,
5846,MORT_100,Number of deaths,https://www.who.int/data/gho/indicator-metadata-registry/imr-details/3365,,,,PUBLISHED,Published,,2001.0,2001,,AFR,2001,2001,Africa,,NGA,Nigeria,,DAYS0-27,0-27 days,,,,,,,,CH16,Other noncommunicable diseasesOther noncommunicable diseases,,259,259.41380,,,,,
5847,MORT_200,Deaths per 1 000 live births,https://www.who.int/data/gho/indicator-metadata-registry/imr-details/3366,,,,PUBLISHED,Published,,2001.0,2001,,AFR,2001,2001,Africa,,NGA,Nigeria,,DAYS0-27,0-27 days,,,,,,,,CH16,Other noncommunicable diseasesOther noncommunicable diseases,,0,0.04789,,,,,
5848,MORT_300,Distribution of causes of death among children aged < 5 years (%),https://www.who.int/data/gho/indicator-metadata-registry/imr-details/89,,,,PUBLISHED,Published,,2001.0,2001,,AFR,2001,2001,Africa,,NGA,Nigeria,,MONTHS1-59,1-59 months,,,,,,,,CH17,InjuriesInjuries,,0,0.03371,,,,,
5849,MORT_100,Number of deaths,https://www.who.int/data/gho/indicator-metadata-registry/imr-details/3365,,,,PUBLISHED,Published,,2001.0,2001,,AFR,2001,2001,Africa,,NGA,Nigeria,,YEARS0-4,0-4 years,,,,,,,,CH17,InjuriesInjuries,,28260,28259.73000,,,,,
5850,MORT_200,Deaths per 1 000 live births,https://www.who.int/data/gho/indicator-metadata-registry/imr-details/3366,,,,PUBLISHED,Published,,2001.0,2001,,AFR,2001,2001,Africa,,NGA,Nigeria,,YEARS0-4,0-4 years,,,,,,,,CH17,InjuriesInjuries,,5.2,5.21738,,,,,
5851,MORT_300,Distribution of causes of death among children aged < 5 years (%),https://www.who.int/data/gho/indicator-metadata-registry/imr-details/89,,,,PUBLISHED,Published,,2001.0,2001,,AFR,2001,2001,Africa,,NGA,Nigeria,,YEARS0-4,0-4 years,,,,,,,,CH17,InjuriesInjuries,,0,0.02822,,,,,
5852,MORT_100,Number of deaths,https://www.who.int/data/gho/indicator-metadata-registry/imr-details/3365,,,,PUBLISHED,Published,,2002.0,2002,,AFR,2002,2002,Africa,,NGA,Nigeria,,DAYS0-27,0-27 days,,,,,,,,CH2,HIV/AIDSHIV/AIDS,,238,237.79000,,,,,
5853,MORT_200,Deaths per 1 000 live births,https://www.who.int/data/gho/indicator-metadata-registry/imr-details/3366,,,,PUBLISHED,Published,,2002.0,2002,,AFR,2002,2002,Africa,,NGA,Nigeria,,MONTHS1-59,1-59 months,,,,,,,,CH3,Diarrhoeal diseasesDiarrhoeal diseases,,21.3,21.29406,,,,,
5854,MORT_300,Distribution of causes of death among children aged < 5 years (%),https://www.who.int/data/gho/indicator-metadata-registry/imr-details/89,,,,PUBLISHED,Published,,2002.0,2002,,AFR,2002,2002,Africa,,NGA,Nigeria,,MONTHS1-59,1-59 months,,,,,,,,CH3,Diarrhoeal diseasesDiarrhoeal diseases,,0.2,0.17449,,,,,
5855,MORT_100,Number of deaths,https://www.who.int/data/gho/indicator-metadata-registry/imr-details/3365,,,,PUBLISHED,Published,,2002.0,2002,,AFR,2002,2002,Africa,,NGA,Nigeria,,YEARS0-4,0-4 years,,,,,,,,CH3,Diarrhoeal diseasesDiarrhoeal diseases,,120833,120832.80000,,,,,
5856,MORT_200,Deaths per 1 000 live births,https://www.who.int/data/gho/indicator-metadata-registry/imr-details/3366,,,,PUBLISHED,Published,,2002.0,2002,,AFR,2002,2002,Africa,,NGA,Nigeria,,YEARS0-4,0-4 years,,,,,,,,CH3,Diarrhoeal diseasesDiarrhoeal diseases,,21.8,21.79769,,,,,
5857,MORT_100,Number of deaths,https://www.who.int/data/gho/indicator-metadata-registry/imr-details/3365,,,,PUBLISHED,Published,,2002.0,2002,,AFR,2002,2002,Africa,,NGA,Nigeria,,MONTHS1-59,1-59 months,,,,,,,,CH6,MeaslesMeasles,,53893,53892.82000,,,,,
5858,MORT_200,Deaths per 1 000 live births,https://www.who.int/data/gho/indicator-metadata-registry/imr-details/3366,,,,PUBLISHED,Published,,2002.0,2002,,AFR,2002,2002,Africa,,NGA,Nigeria,,MONTHS1-59,1-59 months,,,,,,,,CH6,MeaslesMeasles,,9.7,9.72202,,,,,
5859,MORT_300,Distribution of causes of death among children aged < 5 years (%),https://www.who.int/data/gho/indicator-metadata-registry/imr-details/89,,,,PUBLISHED,Published,,2002.0,2002,,AFR,2002,2002,Africa,,NGA,Nigeria,,MONTHS1-59,1-59 months,,,,,,,,CH6,MeaslesMeasles,,0.1,0.07966,,,,,
5860,MORT_100,Number of deaths,https://www.who.int/data/gho/indicator-metadata-registry/imr-details/3365,,,,PUBLISHED,Published,,2002.0,2002,,AFR,2002,2002,Africa,,NGA,Nigeria,,YEARS0-4,0-4 years,,,,,,,,CH6,MeaslesMeasles,,53893,53892.82000,,,,,
5861,MORT_300,Distribution of causes of death among children aged < 5 years (%),https://www.who.int/data/gho/indicator-metadata-registry/imr-details/89,,,,PUBLISHED,Published,,2002.0,2002,,AFR,2002,2002,Africa,,NGA,Nigeria,,DAYS0-27,0-27 days,,,,,,,,CH8,MalariaMalaria,,0,0.00000,,,,,
5862,MORT_100,Number of deaths,https://www.who.int/data/gho/indicator-metadata-registry/imr-details/3365,,,,PUBLISHED,Published,,2002.0,2002,,AFR,2002,2002,Africa,,NGA,Nigeria,,MONTHS1-59,1-59 months,,,,,,,,CH8,MalariaMalaria,,193678,193677.80000,,,,,
5863,MORT_200,Deaths per 1 000 live births,https://www.who.int/data/gho/indicator-metadata-registry/imr-details/3366,,,,PUBLISHED,Published,,2002.0,2002,,AFR,2002,2002,Africa,,NGA,Nigeria,,MONTHS1-59,1-59 months,,,,,,,,CH8,MalariaMalaria,,34.9,34.93859,,,,,
5864,MORT_300,Distribution of causes of death among children aged < 5 years (%),https://www.who.int/data/gho/indicator-metadata-registry/imr-details/89,,,,PUBLISHED,Published,,2002.0,2002,,AFR,2002,2002,Africa,,NGA,Nigeria,,MONTHS1-59,1-59 months,,,,,,,,CH8,MalariaMalaria,,0.3,0.28629,,,,,
5865,MORT_100,Number of deaths,https://www.who.int/data/gho/indicator-metadata-registry/imr-details/3365,,,,PUBLISHED,Published,,2002.0,2002,,AFR,2002,2002,Africa,,NGA,Nigeria,,DAYS0-27,0-27 days,,,,,,,,CH10,PrematurityPrematurity,,70930,70930.21000,,,,,
5866,MORT_200,Deaths per 1 000 live births,https://www.who.int/data/gho/indicator-metadata-registry/imr-details/3366,,,,PUBLISHED,Published,,2002.0,2002,,AFR,2002,2002,Africa,,NGA,Nigeria,,DAYS0-27,0-27 days,,,,,,,,CH10,PrematurityPrematurity,,12.8,12.79549,,,,,
5867,MORT_300,Distribution of causes of death among children aged < 5 years (%),https://www.who.int/data/gho/indicator-metadata-registry/imr-details/89,,,,PUBLISHED,Published,,2002.0,2002,,AFR,2002,2002,Africa,,NGA,Nigeria,,DAYS0-27,0-27 days,,,,,,,,CH10,PrematurityPrematurity,,0.3,0.27898,,,,,
5868,MORT_100,Number of deaths,https://www.who.int/data/gho/indicator-metadata-registry/imr-details/3365,,,,PUBLISHED,Published,,2002.0,2002,,AFR,2002,2002,Africa,,NGA,Nigeria,,MONTHS1-59,1-59 months,,,,,,,,CH10,PrematurityPrematurity,,8327,8326.92300,,,,,
5869,MORT_300,Distribution of causes of death among children aged < 5 years (%),https://www.who.int/data/gho/indicator-metadata-registry/imr-details/89,,,,PUBLISHED,Published,,2002.0,2002,,AFR,2002,2002,Africa,,NGA,Nigeria,,YEARS0-4,0-4 years,,,,,,,,CH11,Birth asphyxia and birth traumaBirth asphyxia and birth trauma,,0.1,0.10091,,,,,
5870,MORT_100,Number of deaths,https://www.who.int/data/gho/indicator-metadata-registry/imr-details/3365,,,,PUBLISHED,Published,,2002.0,2002,,AFR,2002,2002,Africa,,NGA,Nigeria,,DAYS0-27,0-27 days,,,,,,,,CH12,Sepsis and other infectious conditions of the newbornSepsis and other infectious conditions of the newborn,,27567,27567.01000,,,,,
5871,MORT_200,Deaths per 1 000 live births,https://www.who.int/data/gho/indicator-metadata-registry/imr-details/3366,,,,PUBLISHED,Published,,2002.0,2002,,AFR,2002,2002,Africa,,NGA,Nigeria,,DAYS0-27,0-27 days,,,,,,,,CH12,Sepsis and other infectious conditions of the newbornSepsis and other infectious conditions of the newborn,,5,4.97296,,,,,
5872,MORT_300,Distribution of causes of death among children aged < 5 years (%),https://www.who.int/data/gho/indicator-metadata-registry/imr-details/89,,,,PUBLISHED,Published,,2002.0,2002,,AFR,2002,2002,Africa,,NGA,Nigeria,,DAYS0-27,0-27 days,,,,,,,,CH12,Sepsis and other infectious conditions of the newbornSepsis and other infectious conditions of the newborn,,0.1,0.10842,,,,,
5873,MORT_200,Deaths per 1 000 live births,https://www.who.int/data/gho/indicator-metadata-registry/imr-details/3366,,,,PUBLISHED,Published,,2002.0,2002,,AFR,2002,2002,Africa,,NGA,Nigeria,,YEARS0-4,0-4 years,,,,,,,,CH13,"Other communicable, perinatal and nutritional conditionsOther communicable, perinatal and nutritional conditions",,12.2,12.17505,,,,,
5874,MORT_300,Distribution of causes of death among children aged < 5 years (%),https://www.who.int/data/gho/indicator-metadata-registry/imr-details/89,,,,PUBLISHED,Published,,2002.0,2002,,AFR,2002,2002,Africa,,NGA,Nigeria,,YEARS0-4,0-4 years,,,,,,,,CH13,"Other communicable, perinatal and nutritional conditionsOther communicable, perinatal and nutritional conditions",,0.1,0.07251,,,,,
5875,MORT_100,Number of deaths,https://www.who.int/data/gho/indicator-metadata-registry/imr-details/3365,,,,PUBLISHED,Published,,2002.0,2002,,AFR,2002,2002,Africa,,NGA,Nigeria,,DAYS0-27,0-27 days,,,,,,,,CH15,Congenital anomaliesCongenital anomalies,,14819,14818.80000,,,,,
5876,MORT_200,Deaths per 1 000 live births,https://www.who.int/data/gho/indicator-metadata-registry/imr-details/3366,,,,PUBLISHED,Published,,2002.0,2002,,AFR,2002,2002,Africa,,NGA,Nigeria,,DAYS0-27,0-27 days,,,,,,,,CH15,Congenital anomaliesCongenital anomalies,,2.7,2.67324,,,,,
5877,MORT_300,Distribution of causes of death among children aged < 5 years (%),https://www.who.int/data/gho/indicator-metadata-registry/imr-details/89,,,,PUBLISHED,Published,,2002.0,2002,,AFR,2002,2002,Africa,,NGA,Nigeria,,MONTHS1-59,1-59 months,,,,,,,,CH16,Other noncommunicable diseasesOther noncommunicable diseases,,0,0.02859,,,,,
5878,MORT_100,Number of deaths,https://www.who.int/data/gho/indicator-metadata-registry/imr-details/3365,,,,PUBLISHED,Published,,2002.0,2002,,AFR,2002,2002,Africa,,NGA,Nigeria,,YEARS0-4,0-4 years,,,,,,,,CH16,Other noncommunicable diseasesOther noncommunicable diseases,,19608,19607.92000,,,,,
5879,MORT_200,Deaths per 1 000 live births,https://www.who.int/data/gho/indicator-metadata-registry/imr-details/3366,,,,PUBLISHED,Published,,2002.0,2002,,AFR,2002,2002,Africa,,NGA,Nigeria,,YEARS0-4,0-4 years,,,,,,,,CH16,Other noncommunicable diseasesOther noncommunicable diseases,,3.5,3.53718,,,,,
5880,MORT_300,Distribution of causes of death among children aged < 5 years (%),https://www.who.int/data/gho/indicator-metadata-registry/imr-details/89,,,,PUBLISHED,Published,,2002.0,2002,,AFR,2002,2002,Africa,,NGA,Nigeria,,YEARS0-4,0-4 years,,,,,,,,CH16,Other noncommunicable diseasesOther noncommunicable diseases,,0,0.02107,,,,,
5881,MORT_100,Number of deaths,https://www.who.int/data/gho/indicator-metadata-registry/imr-details/3365,,,,PUBLISHED,Published,,2002.0,2002,,AFR,2002,2002,Africa,,NGA,Nigeria,,DAYS0-27,0-27 days,,,,,,,,CH17,InjuriesInjuries,,3120,3119.71500,,,,,
5882,MORT_200,Deaths per 1 000 live births,https://www.who.int/data/gho/indicator-metadata-registry/imr-details/3366,,,,PUBLISHED,Published,,2003.0,2003,,AFR,2003,2003,Africa,,NGA,Nigeria,,MONTHS1-59,1-59 months,,,,,,,,CH2,HIV/AIDSHIV/AIDS,,4.2,4.23132,,,,,
5883,MORT_300,Distribution of causes of death among children aged < 5 years (%),https://www.who.int/data/gho/indicator-metadata-registry/imr-details/89,,,,PUBLISHED,Published,,2003.0,2003,,AFR,2003,2003,Africa,,NGA,Nigeria,,MONTHS1-59,1-59 months,,,,,,,,CH2,HIV/AIDSHIV/AIDS,,0,0.03137,,,,,
5884,MORT_100,Number of deaths,https://www.who.int/data/gho/indicator-metadata-registry/imr-details/3365,,,,PUBLISHED,Published,,2003.0,2003,,AFR,2003,2003,Africa,,NGA,Nigeria,,YEARS0-4,0-4 years,,,,,,,,CH2,HIV/AIDSHIV/AIDS,,24236,24236.00000,,,,,
5885,MORT_200,Deaths per 1 000 live births,https://www.who.int/data/gho/indicator-metadata-registry/imr-details/3366,,,,PUBLISHED,Published,,2003.0,2003,,AFR,2003,2003,Africa,,NGA,Nigeria,,YEARS0-4,0-4 years,,,,,,,,CH2,HIV/AIDSHIV/AIDS,,4.3,4.27406,,,,,
5886,MORT_100,Number of deaths,https://www.who.int/data/gho/indicator-metadata-registry/imr-details/3365,,,,PUBLISHED,Published,,2003.0,2003,,AFR,2003,2003,Africa,,NGA,Nigeria,,MONTHS1-59,1-59 months,,,,,,,,CH5,TetanusTetanus,,106,106.25280,,,,,
5887,MORT_200,Deaths per 1 000 live births,https://www.who.int/data/gho/indicator-metadata-registry/imr-details/3366,,,,PUBLISHED,Published,,2003.0,2003,,AFR,2003,2003,Africa,,NGA,Nigeria,,MONTHS1-59,1-59 months,,,,,,,,CH5,TetanusTetanus,,0,0.01874,,,,,
5888,MORT_300,Distribution of causes of death among children aged < 5 years (%),https://www.who.int/data/gho/indicator-metadata-registry/imr-details/89,,,,PUBLISHED,Published,,2003.0,2003,,AFR,2003,2003,Africa,,NGA,Nigeria,,MONTHS1-59,1-59 months,,,,,,,,CH5,TetanusTetanus,,0,0.00014,,,,,
5889,MORT_100,Number of deaths,https://www.who.int/data/gho/indicator-metadata-registry/imr-details/3365,,,,PUBLISHED,Published,,2003.0,2003,,AFR,2003,2003,Africa,,NGA,Nigeria,,YEARS0-4,0-4 years,,,,,,,,CH5,TetanusTetanus,,14715,14715.25000,,,,,
5890,MORT_300,Distribution of causes of death among children aged < 5 years (%),https://www.who.int/data/gho/indicator-metadata-registry/imr-details/89,,,,PUBLISHED,Published,,2003.0,2003,,AFR,2003,2003,Africa,,NGA,Nigeria,,DAYS0-27,0-27 days,,,,,,,,CH7,Meningitis/encephalitisMeningitis/encephalitis,,0,0.01428,,,,,
5891,MORT_100,Number of deaths,https://www.who.int/data/gho/indicator-metadata-registry/imr-details/3365,,,,PUBLISHED,Published,,2003.0,2003,,AFR,2003,2003,Africa,,NGA,Nigeria,,MONTHS1-59,1-59 months,,,,,,,,CH7,Meningitis/encephalitisMeningitis/encephalitis,,31667,31666.74000,,,,,
5892,MORT_200,Deaths per 1 000 live births,https://www.who.int/data/gho/indicator-metadata-registry/imr-details/3366,,,,PUBLISHED,Published,,2003.0,2003,,AFR,2003,2003,Africa,,NGA,Nigeria,,MONTHS1-59,1-59 months,,,,,,,,CH7,Meningitis/encephalitisMeningitis/encephalitis,,5.6,5.58449,,,,,
5893,MORT_300,Distribution of causes of death among children aged < 5 years (%),https://www.who.int/data/gho/indicator-metadata-registry/imr-details/89,,,,PUBLISHED,Published,,2003.0,2003,,AFR,2003,2003,Africa,,NGA,Nigeria,,MONTHS1-59,1-59 months,,,,,,,,CH7,Meningitis/encephalitisMeningitis/encephalitis,,0,0.04140,,,,,
5894,MORT_100,Number of deaths,https://www.who.int/data/gho/indicator-metadata-registry/imr-details/3365,,,,PUBLISHED,Published,,2003.0,2003,,AFR,2003,2003,Africa,,NGA,Nigeria,,DAYS0-27,0-27 days,,,,,,,,CH9,Acute lower respiratory infectionsAcute lower respiratory infections,,20257,20257.25000,,,,,
5895,MORT_200,Deaths per 1 000 live births,https://www.who.int/data/gho/indicator-metadata-registry/imr-details/3366,,,,PUBLISHED,Published,,2003.0,2003,,AFR,2003,2003,Africa,,NGA,Nigeria,,DAYS0-27,0-27 days,,,,,,,,CH9,Acute lower respiratory infectionsAcute lower respiratory infections,,3.6,3.57240,,,,,
5896,MORT_300,Distribution of causes of death among children aged < 5 years (%),https://www.who.int/data/gho/indicator-metadata-registry/imr-details/89,,,,PUBLISHED,Published,,2003.0,2003,,AFR,2003,2003,Africa,,NGA,Nigeria,,DAYS0-27,0-27 days,,,,,,,,CH9,Acute lower respiratory infectionsAcute lower respiratory infections,,0.1,0.07987,,,,,
5897,MORT_100,Number of deaths,https://www.who.int/data/gho/indicator-metadata-registry/imr-details/3365,,,,PUBLISHED,Published,,2003.0,2003,,AFR,2003,2003,Africa,,NGA,Nigeria,,MONTHS1-59,1-59 months,,,,,,,,CH9,Acute lower respiratory infectionsAcute lower respiratory infections,,127973,127973.40000,,,,,
5898,MORT_300,Distribution of causes of death among children aged < 5 years (%),https://www.who.int/data/gho/indicator-metadata-registry/imr-details/89,,,,PUBLISHED,Published,,2003.0,2003,,AFR,2003,2003,Africa,,NGA,Nigeria,,YEARS0-4,0-4 years,,,,,,,,CH10,PrematurityPrematurity,,0.1,0.07759,,,,,
5899,MORT_100,Number of deaths,https://www.who.int/data/gho/indicator-metadata-registry/imr-details/3365,,,,PUBLISHED,Published,,2003.0,2003,,AFR,2003,2003,Africa,,NGA,Nigeria,,DAYS0-27,0-27 days,,,,,,,,CH11,Birth asphyxia and birth traumaBirth asphyxia and birth trauma,,84470,84469.79000,,,,,
5900,MORT_200,Deaths per 1 000 live births,https://www.who.int/data/gho/indicator-metadata-registry/imr-details/3366,,,,PUBLISHED,Published,,2003.0,2003,,AFR,2003,2003,Africa,,NGA,Nigeria,,DAYS0-27,0-27 days,,,,,,,,CH11,Birth asphyxia and birth traumaBirth asphyxia and birth trauma,,14.9,14.89640,,,,,
5901,MORT_300,Distribution of causes of death among children aged < 5 years (%),https://www.who.int/data/gho/indicator-metadata-registry/imr-details/89,,,,PUBLISHED,Published,,2003.0,2003,,AFR,2003,2003,Africa,,NGA,Nigeria,,DAYS0-27,0-27 days,,,,,,,,CH11,Birth asphyxia and birth traumaBirth asphyxia and birth trauma,,0.3,0.33303,,,,,
5902,MORT_200,Deaths per 1 000 live births,https://www.who.int/data/gho/indicator-metadata-registry/imr-details/3366,,,,PUBLISHED,Published,,2003.0,2003,,AFR,2003,2003,Africa,,NGA,Nigeria,,YEARS0-4,0-4 years,,,,,,,,CH12,Sepsis and other infectious conditions of the newbornSepsis and other infectious conditions of the newborn,,5,4.99816,,,,,
5903,MORT_300,Distribution of causes of death among children aged < 5 years (%),https://www.who.int/data/gho/indicator-metadata-registry/imr-details/89,,,,PUBLISHED,Published,,2003.0,2003,,AFR,2003,2003,Africa,,NGA,Nigeria,,YEARS0-4,0-4 years,,,,,,,,CH12,Sepsis and other infectious conditions of the newbornSepsis and other infectious conditions of the newborn,,0,0.02783,,,,,
5904,MORT_100,Number of deaths,https://www.who.int/data/gho/indicator-metadata-registry/imr-details/3365,,,,PUBLISHED,Published,,2003.0,2003,,AFR,2003,2003,Africa,,NGA,Nigeria,,DAYS0-27,0-27 days,,,,,,,,CH13,"Other communicable, perinatal and nutritional conditionsOther communicable, perinatal and nutritional conditions",,10605,10604.53000,,,,,
5905,MORT_200,Deaths per 1 000 live births,https://www.who.int/data/gho/indicator-metadata-registry/imr-details/3366,,,,PUBLISHED,Published,,2003.0,2003,,AFR,2003,2003,Africa,,NGA,Nigeria,,DAYS0-27,0-27 days,,,,,,,,CH13,"Other communicable, perinatal and nutritional conditionsOther communicable, perinatal and nutritional conditions",,1.9,1.87013,,,,,
5906,MORT_300,Distribution of causes of death among children aged < 5 years (%),https://www.who.int/data/gho/indicator-metadata-registry/imr-details/89,,,,PUBLISHED,Published,,2003.0,2003,,AFR,2003,2003,Africa,,NGA,Nigeria,,MONTHS1-59,1-59 months,,,,,,,,CH15,Congenital anomaliesCongenital anomalies,,0,0.01928,,,,,
5907,MORT_100,Number of deaths,https://www.who.int/data/gho/indicator-metadata-registry/imr-details/3365,,,,PUBLISHED,Published,,2003.0,2003,,AFR,2003,2003,Africa,,NGA,Nigeria,,YEARS0-4,0-4 years,,,,,,,,CH15,Congenital anomaliesCongenital anomalies,,29276,29276.40000,,,,,
5908,MORT_200,Deaths per 1 000 live births,https://www.who.int/data/gho/indicator-metadata-registry/imr-details/3366,,,,PUBLISHED,Published,,2003.0,2003,,AFR,2003,2003,Africa,,NGA,Nigeria,,YEARS0-4,0-4 years,,,,,,,,CH15,Congenital anomaliesCongenital anomalies,,5.2,5.16295,,,,,
5909,MORT_300,Distribution of causes of death among children aged < 5 years (%),https://www.who.int/data/gho/indicator-metadata-registry/imr-details/89,,,,PUBLISHED,Published,,2003.0,2003,,AFR,2003,2003,Africa,,NGA,Nigeria,,YEARS0-4,0-4 years,,,,,,,,CH15,Congenital anomaliesCongenital anomalies,,0,0.02874,,,,,
5910,MORT_100,Number of deaths,https://www.who.int/data/gho/indicator-metadata-registry/imr-details/3365,,,,PUBLISHED,Published,,2003.0,2003,,AFR,2003,2003,Africa,,NGA,Nigeria,,DAYS0-27,0-27 days,,,,,,,,CH16,Other noncommunicable diseasesOther noncommunicable diseases,,270,269.65990,,,,,
5911,MORT_200,Deaths per 1 000 live births,https://www.who.int/data/gho/indicator-metadata-registry/imr-details/3366,,,,PUBLISHED,Published,,2003.0,2003,,AFR,2003,2003,Africa,,NGA,Nigeria,,MONTHS1-59,1-59 months,,,,,,,,CH17,InjuriesInjuries,,4.5,4.49927,,,,,
5912,MORT_300,Distribution of causes of death among children aged < 5 years (%),https://www.who.int/data/gho/indicator-metadata-registry/imr-details/89,,,,PUBLISHED,Published,,2003.0,2003,,AFR,2003,2003,Africa,,NGA,Nigeria,,MONTHS1-59,1-59 months,,,,,,,,CH17,InjuriesInjuries,,0,0.03335,,,,,
5913,MORT_100,Number of deaths,https://www.who.int/data/gho/indicator-metadata-registry/imr-details/3365,,,,PUBLISHED,Published,,2003.0,2003,,AFR,2003,2003,Africa,,NGA,Nigeria,,YEARS0-4,0-4 years,,,,,,,,CH17,InjuriesInjuries,,28622,28621.54000,,,,,
5914,MORT_200,Deaths per 1 000 live births,https://www.who.int/data/gho/indicator-metadata-registry/imr-details/3366,,,,PUBLISHED,Published,,2003.0,2003,,AFR,2003,2003,Africa,,NGA,Nigeria,,YEARS0-4,0-4 years,,,,,,,,CH17,InjuriesInjuries,,5,5.04746,,,,,
5915,MORT_100,Number of deaths,https://www.who.int/data/gho/indicator-metadata-registry/imr-details/3365,,,,PUBLISHED,Published,,2004.0,2004,,AFR,2004,2004,Africa,,NGA,Nigeria,,MONTHS1-59,1-59 months,,,,,,,,CH3,Diarrhoeal diseasesDiarrhoeal diseases,,105533,105533.10000,,,,,
5916,MORT_200,Deaths per 1 000 live births,https://www.who.int/data/gho/indicator-metadata-registry/imr-details/3366,,,,PUBLISHED,Published,,2004.0,2004,,AFR,2004,2004,Africa,,NGA,Nigeria,,MONTHS1-59,1-59 months,,,,,,,,CH3,Diarrhoeal diseasesDiarrhoeal diseases,,18.2,18.20374,,,,,
5917,MORT_300,Distribution of causes of death among children aged < 5 years (%),https://www.who.int/data/gho/indicator-metadata-registry/imr-details/89,,,,PUBLISHED,Published,,2004.0,2004,,AFR,2004,2004,Africa,,NGA,Nigeria,,MONTHS1-59,1-59 months,,,,,,,,CH3,Diarrhoeal diseasesDiarrhoeal diseases,,0.2,0.15936,,,,,
5918,MORT_100,Number of deaths,https://www.who.int/data/gho/indicator-metadata-registry/imr-details/3365,,,,PUBLISHED,Published,,2004.0,2004,,AFR,2004,2004,Africa,,NGA,Nigeria,,YEARS0-4,0-4 years,,,,,,,,CH3,Diarrhoeal diseasesDiarrhoeal diseases,,108157,108156.50000,,,,,
5919,MORT_300,Distribution of causes of death among children aged < 5 years (%),https://www.who.int/data/gho/indicator-metadata-registry/imr-details/89,,,,PUBLISHED,Published,,2004.0,2004,,AFR,2004,2004,Africa,,NGA,Nigeria,,DAYS0-27,0-27 days,,,,,,,,CH6,MeaslesMeasles,,0,0.00000,,,,,
5920,MORT_100,Number of deaths,https://www.who.int/data/gho/indicator-metadata-registry/imr-details/3365,,,,PUBLISHED,Published,,2004.0,2004,,AFR,2004,2004,Africa,,NGA,Nigeria,,MONTHS1-59,1-59 months,,,,,,,,CH6,MeaslesMeasles,,48501,48501.49000,,,,,
5921,MORT_200,Deaths per 1 000 live births,https://www.who.int/data/gho/indicator-metadata-registry/imr-details/3366,,,,PUBLISHED,Published,,2004.0,2004,,AFR,2004,2004,Africa,,NGA,Nigeria,,MONTHS1-59,1-59 months,,,,,,,,CH6,MeaslesMeasles,,8.4,8.36618,,,,,
5922,MORT_300,Distribution of causes of death among children aged < 5 years (%),https://www.who.int/data/gho/indicator-metadata-registry/imr-details/89,,,,PUBLISHED,Published,,2004.0,2004,,AFR,2004,2004,Africa,,NGA,Nigeria,,MONTHS1-59,1-59 months,,,,,,,,CH6,MeaslesMeasles,,0.1,0.07324,,,,,
5923,MORT_100,Number of deaths,https://www.who.int/data/gho/indicator-metadata-registry/imr-details/3365,,,,PUBLISHED,Published,,2004.0,2004,,AFR,2004,2004,Africa,,NGA,Nigeria,,DAYS0-27,0-27 days,,,,,,,,CH8,MalariaMalaria,,0,0.00000,,,,,
5924,MORT_200,Deaths per 1 000 live births,https://www.who.int/data/gho/indicator-metadata-registry/imr-details/3366,,,,PUBLISHED,Published,,2004.0,2004,,AFR,2004,2004,Africa,,NGA,Nigeria,,DAYS0-27,0-27 days,,,,,,,,CH8,MalariaMalaria,,0,0.00000,,,,,
5925,MORT_300,Distribution of causes of death among children aged < 5 years (%),https://www.who.int/data/gho/indicator-metadata-registry/imr-details/89,,,,PUBLISHED,Published,,2004.0,2004,,AFR,2004,2004,Africa,,NGA,Nigeria,,DAYS0-27,0-27 days,,,,,,,,CH8,MalariaMalaria,,0,0.00000,,,,,
5926,MORT_100,Number of deaths,https://www.who.int/data/gho/indicator-metadata-registry/imr-details/3365,,,,PUBLISHED,Published,,2004.0,2004,,AFR,2004,2004,Africa,,NGA,Nigeria,,MONTHS1-59,1-59 months,,,,,,,,CH8,MalariaMalaria,,194026,194025.70000,,,,,
5927,MORT_300,Distribution of causes of death among children aged < 5 years (%),https://www.who.int/data/gho/indicator-metadata-registry/imr-details/89,,,,PUBLISHED,Published,,2004.0,2004,,AFR,2004,2004,Africa,,NGA,Nigeria,,YEARS0-4,0-4 years,,,,,,,,CH9,Acute lower respiratory infectionsAcute lower respiratory infections,,0.2,0.16091,,,,,
5928,MORT_100,Number of deaths,https://www.who.int/data/gho/indicator-metadata-registry/imr-details/3365,,,,PUBLISHED,Published,,2004.0,2004,,AFR,2004,2004,Africa,,NGA,Nigeria,,DAYS0-27,0-27 days,,,,,,,,CH10,PrematurityPrematurity,,70826,70826.31000,,,,,
5929,MORT_200,Deaths per 1 000 live births,https://www.who.int/data/gho/indicator-metadata-registry/imr-details/3366,,,,PUBLISHED,Published,,2004.0,2004,,AFR,2004,2004,Africa,,NGA,Nigeria,,DAYS0-27,0-27 days,,,,,,,,CH10,PrematurityPrematurity,,12.2,12.21706,,,,,
5930,MORT_300,Distribution of causes of death among children aged < 5 years (%),https://www.who.int/data/gho/indicator-metadata-registry/imr-details/89,,,,PUBLISHED,Published,,2004.0,2004,,AFR,2004,2004,Africa,,NGA,Nigeria,,DAYS0-27,0-27 days,,,,,,,,CH10,PrematurityPrematurity,,0.3,0.28016,,,,,
5931,MORT_200,Deaths per 1 000 live births,https://www.who.int/data/gho/indicator-metadata-registry/imr-details/3366,,,,PUBLISHED,Published,,2004.0,2004,,AFR,2004,2004,Africa,,NGA,Nigeria,,YEARS0-4,0-4 years,,,,,,,,CH11,Birth asphyxia and birth traumaBirth asphyxia and birth trauma,,16.1,16.14832,,,,,
5932,MORT_300,Distribution of causes of death among children aged < 5 years (%),https://www.who.int/data/gho/indicator-metadata-registry/imr-details/89,,,,PUBLISHED,Published,,2004.0,2004,,AFR,2004,2004,Africa,,NGA,Nigeria,,YEARS0-4,0-4 years,,,,,,,,CH11,Birth asphyxia and birth traumaBirth asphyxia and birth trauma,,0.1,0.10231,,,,,
5933,MORT_100,Number of deaths,https://www.who.int/data/gho/indicator-metadata-registry/imr-details/3365,,,,PUBLISHED,Published,,2004.0,2004,,AFR,2004,2004,Africa,,NGA,Nigeria,,DAYS0-27,0-27 days,,,,,,,,CH12,Sepsis and other infectious conditions of the newbornSepsis and other infectious conditions of the newborn,,29243,29242.50000,,,,,
5934,MORT_200,Deaths per 1 000 live births,https://www.who.int/data/gho/indicator-metadata-registry/imr-details/3366,,,,PUBLISHED,Published,,2004.0,2004,,AFR,2004,2004,Africa,,NGA,Nigeria,,DAYS0-27,0-27 days,,,,,,,,CH12,Sepsis and other infectious conditions of the newbornSepsis and other infectious conditions of the newborn,,5,5.04413,,,,,
5935,MORT_300,Distribution of causes of death among children aged < 5 years (%),https://www.who.int/data/gho/indicator-metadata-registry/imr-details/89,,,,PUBLISHED,Published,,2004.0,2004,,AFR,2004,2004,Africa,,NGA,Nigeria,,MONTHS1-59,1-59 months,,,,,,,,CH13,"Other communicable, perinatal and nutritional conditionsOther communicable, perinatal and nutritional conditions",,0.1,0.08363,,,,,
5936,MORT_100,Number of deaths,https://www.who.int/data/gho/indicator-metadata-registry/imr-details/3365,,,,PUBLISHED,Published,,2004.0,2004,,AFR,2004,2004,Africa,,NGA,Nigeria,,YEARS0-4,0-4 years,,,,,,,,CH13,"Other communicable, perinatal and nutritional conditionsOther communicable, perinatal and nutritional conditions",,65969,65969.34000,,,,,
5937,MORT_200,Deaths per 1 000 live births,https://www.who.int/data/gho/indicator-metadata-registry/imr-details/3366,,,,PUBLISHED,Published,,2004.0,2004,,AFR,2004,2004,Africa,,NGA,Nigeria,,YEARS0-4,0-4 years,,,,,,,,CH13,"Other communicable, perinatal and nutritional conditionsOther communicable, perinatal and nutritional conditions",,11.4,11.37926,,,,,
5938,MORT_300,Distribution of causes of death among children aged < 5 years (%),https://www.who.int/data/gho/indicator-metadata-registry/imr-details/89,,,,PUBLISHED,Published,,2004.0,2004,,AFR,2004,2004,Africa,,NGA,Nigeria,,YEARS0-4,0-4 years,,,,,,,,CH13,"Other communicable, perinatal and nutritional conditionsOther communicable, perinatal and nutritional conditions",,0.1,0.07210,,,,,
5939,MORT_100,Number of deaths,https://www.who.int/data/gho/indicator-metadata-registry/imr-details/3365,,,,PUBLISHED,Published,,2004.0,2004,,AFR,2004,2004,Africa,,NGA,Nigeria,,DAYS0-27,0-27 days,,,,,,,,CH15,Congenital anomaliesCongenital anomalies,,14303,14302.56000,,,,,
5940,MORT_200,Deaths per 1 000 live births,https://www.who.int/data/gho/indicator-metadata-registry/imr-details/3366,,,,PUBLISHED,Published,,2004.0,2004,,AFR,2004,2004,Africa,,NGA,Nigeria,,MONTHS1-59,1-59 months,,,,,,,,CH16,Other noncommunicable diseasesOther noncommunicable diseases,,3.2,3.24850,,,,,
5941,MORT_300,Distribution of causes of death among children aged < 5 years (%),https://www.who.int/data/gho/indicator-metadata-registry/imr-details/89,,,,PUBLISHED,Published,,2004.0,2004,,AFR,2004,2004,Africa,,NGA,Nigeria,,MONTHS1-59,1-59 months,,,,,,,,CH16,Other noncommunicable diseasesOther noncommunicable diseases,,0,0.02844,,,,,
5942,MORT_100,Number of deaths,https://www.who.int/data/gho/indicator-metadata-registry/imr-details/3365,,,,PUBLISHED,Published,,2004.0,2004,,AFR,2004,2004,Africa,,NGA,Nigeria,,YEARS0-4,0-4 years,,,,,,,,CH16,Other noncommunicable diseasesOther noncommunicable diseases,,19103,19102.63000,,,,,
5943,MORT_200,Deaths per 1 000 live births,https://www.who.int/data/gho/indicator-metadata-registry/imr-details/3366,,,,PUBLISHED,Published,,2004.0,2004,,AFR,2004,2004,Africa,,NGA,Nigeria,,YEARS0-4,0-4 years,,,,,,,,CH16,Other noncommunicable diseasesOther noncommunicable diseases,,3.3,3.29507,,,,,
5944,MORT_100,Number of deaths,https://www.who.int/data/gho/indicator-metadata-registry/imr-details/3365,,,,PUBLISHED,Published,,2005.0,2005,,AFR,2005,2005,Africa,,NGA,Nigeria,,MONTHS1-59,1-59 months,,,,,,,,CH2,HIV/AIDSHIV/AIDS,,24418,24418.35000,,,,,
5945,MORT_200,Deaths per 1 000 live births,https://www.who.int/data/gho/indicator-metadata-registry/imr-details/3366,,,,PUBLISHED,Published,,2005.0,2005,,AFR,2005,2005,Africa,,NGA,Nigeria,,MONTHS1-59,1-59 months,,,,,,,,CH2,HIV/AIDSHIV/AIDS,,4.1,4.12175,,,,,
5946,MORT_300,Distribution of causes of death among children aged < 5 years (%),https://www.who.int/data/gho/indicator-metadata-registry/imr-details/89,,,,PUBLISHED,Published,,2005.0,2005,,AFR,2005,2005,Africa,,NGA,Nigeria,,MONTHS1-59,1-59 months,,,,,,,,CH2,HIV/AIDSHIV/AIDS,,0,0.03404,,,,,
5947,MORT_100,Number of deaths,https://www.who.int/data/gho/indicator-metadata-registry/imr-details/3365,,,,PUBLISHED,Published,,2005.0,2005,,AFR,2005,2005,Africa,,NGA,Nigeria,,YEARS0-4,0-4 years,,,,,,,,CH2,HIV/AIDSHIV/AIDS,,24665,24665.00000,,,,,
5948,MORT_300,Distribution of causes of death among children aged < 5 years (%),https://www.who.int/data/gho/indicator-metadata-registry/imr-details/89,,,,PUBLISHED,Published,,2005.0,2005,,AFR,2005,2005,Africa,,NGA,Nigeria,,DAYS0-27,0-27 days,,,,,,,,CH5,TetanusTetanus,,0,0.04934,,,,,
5949,MORT_100,Number of deaths,https://www.who.int/data/gho/indicator-metadata-registry/imr-details/3365,,,,PUBLISHED,Published,,2005.0,2005,,AFR,2005,2005,Africa,,NGA,Nigeria,,MONTHS1-59,1-59 months,,,,,,,,CH5,TetanusTetanus,,95,94.73233,,,,,
5950,MORT_200,Deaths per 1 000 live births,https://www.who.int/data/gho/indicator-metadata-registry/imr-details/3366,,,,PUBLISHED,Published,,2005.0,2005,,AFR,2005,2005,Africa,,NGA,Nigeria,,MONTHS1-59,1-59 months,,,,,,,,CH5,TetanusTetanus,,0,0.01599,,,,,
5951,MORT_300,Distribution of causes of death among children aged < 5 years (%),https://www.who.int/data/gho/indicator-metadata-registry/imr-details/89,,,,PUBLISHED,Published,,2005.0,2005,,AFR,2005,2005,Africa,,NGA,Nigeria,,MONTHS1-59,1-59 months,,,,,,,,CH5,TetanusTetanus,,0,0.00013,,,,,
5952,MORT_100,Number of deaths,https://www.who.int/data/gho/indicator-metadata-registry/imr-details/3365,,,,PUBLISHED,Published,,2005.0,2005,,AFR,2005,2005,Africa,,NGA,Nigeria,,DAYS0-27,0-27 days,,,,,,,,CH7,Meningitis/encephalitisMeningitis/encephalitis,,3634,3634.12500,,,,,
5953,MORT_200,Deaths per 1 000 live births,https://www.who.int/data/gho/indicator-metadata-registry/imr-details/3366,,,,PUBLISHED,Published,,2005.0,2005,,AFR,2005,2005,Africa,,NGA,Nigeria,,DAYS0-27,0-27 days,,,,,,,,CH7,Meningitis/encephalitisMeningitis/encephalitis,,0.6,0.61343,,,,,
5954,MORT_300,Distribution of causes of death among children aged < 5 years (%),https://www.who.int/data/gho/indicator-metadata-registry/imr-details/89,,,,PUBLISHED,Published,,2005.0,2005,,AFR,2005,2005,Africa,,NGA,Nigeria,,DAYS0-27,0-27 days,,,,,,,,CH7,Meningitis/encephalitisMeningitis/encephalitis,,0,0.01442,,,,,
5955,MORT_100,Number of deaths,https://www.who.int/data/gho/indicator-metadata-registry/imr-details/3365,,,,PUBLISHED,Published,,2005.0,2005,,AFR,2005,2005,Africa,,NGA,Nigeria,,MONTHS1-59,1-59 months,,,,,,,,CH7,Meningitis/encephalitisMeningitis/encephalitis,,29611,29611.02000,,,,,
5956,MORT_300,Distribution of causes of death among children aged < 5 years (%),https://www.who.int/data/gho/indicator-metadata-registry/imr-details/89,,,,PUBLISHED,Published,,2005.0,2005,,AFR,2005,2005,Africa,,NGA,Nigeria,,YEARS0-4,0-4 years,,,,,,,,CH8,MalariaMalaria,,0.2,0.19855,,,,,
5957,MORT_100,Number of deaths,https://www.who.int/data/gho/indicator-metadata-registry/imr-details/3365,,,,PUBLISHED,Published,,2005.0,2005,,AFR,2005,2005,Africa,,NGA,Nigeria,,DAYS0-27,0-27 days,,,,,,,,CH9,Acute lower respiratory infectionsAcute lower respiratory infections,,20184,20184.30000,,,,,
5958,MORT_200,Deaths per 1 000 live births,https://www.who.int/data/gho/indicator-metadata-registry/imr-details/3366,,,,PUBLISHED,Published,,2005.0,2005,,AFR,2005,2005,Africa,,NGA,Nigeria,,DAYS0-27,0-27 days,,,,,,,,CH9,Acute lower respiratory infectionsAcute lower respiratory infections,,3.4,3.40705,,,,,
5959,MORT_300,Distribution of causes of death among children aged < 5 years (%),https://www.who.int/data/gho/indicator-metadata-registry/imr-details/89,,,,PUBLISHED,Published,,2005.0,2005,,AFR,2005,2005,Africa,,NGA,Nigeria,,DAYS0-27,0-27 days,,,,,,,,CH9,Acute lower respiratory infectionsAcute lower respiratory infections,,0.1,0.08010,,,,,
5960,MORT_200,Deaths per 1 000 live births,https://www.who.int/data/gho/indicator-metadata-registry/imr-details/3366,,,,PUBLISHED,Published,,2005.0,2005,,AFR,2005,2005,Africa,,NGA,Nigeria,,YEARS0-4,0-4 years,,,,,,,,CH10,PrematurityPrematurity,,13.3,13.31243,,,,,
5961,MORT_300,Distribution of causes of death among children aged < 5 years (%),https://www.who.int/data/gho/indicator-metadata-registry/imr-details/89,,,,PUBLISHED,Published,,2005.0,2005,,AFR,2005,2005,Africa,,NGA,Nigeria,,YEARS0-4,0-4 years,,,,,,,,CH10,PrematurityPrematurity,,0.1,0.08136,,,,,
5962,MORT_100,Number of deaths,https://www.who.int/data/gho/indicator-metadata-registry/imr-details/3365,,,,PUBLISHED,Published,,2005.0,2005,,AFR,2005,2005,Africa,,NGA,Nigeria,,DAYS0-27,0-27 days,,,,,,,,CH11,Birth asphyxia and birth traumaBirth asphyxia and birth trauma,,84183,84183.41000,,,,,
5963,MORT_200,Deaths per 1 000 live births,https://www.who.int/data/gho/indicator-metadata-registry/imr-details/3366,,,,PUBLISHED,Published,,2005.0,2005,,AFR,2005,2005,Africa,,NGA,Nigeria,,DAYS0-27,0-27 days,,,,,,,,CH11,Birth asphyxia and birth traumaBirth asphyxia and birth trauma,,14.2,14.20993,,,,,
5964,MORT_300,Distribution of causes of death among children aged < 5 years (%),https://www.who.int/data/gho/indicator-metadata-registry/imr-details/89,,,,PUBLISHED,Published,,2005.0,2005,,AFR,2005,2005,Africa,,NGA,Nigeria,,MONTHS1-59,1-59 months,,,,,,,,CH12,Sepsis and other infectious conditions of the newbornSepsis and other infectious conditions of the newborn,,0,0.00000,,,,,
5965,MORT_100,Number of deaths,https://www.who.int/data/gho/indicator-metadata-registry/imr-details/3365,,,,PUBLISHED,Published,,2005.0,2005,,AFR,2005,2005,Africa,,NGA,Nigeria,,YEARS0-4,0-4 years,,,,,,,,CH12,Sepsis and other infectious conditions of the newbornSepsis and other infectious conditions of the newborn,,30137,30137.36000,,,,,
5966,MORT_200,Deaths per 1 000 live births,https://www.who.int/data/gho/indicator-metadata-registry/imr-details/3366,,,,PUBLISHED,Published,,2005.0,2005,,AFR,2005,2005,Africa,,NGA,Nigeria,,YEARS0-4,0-4 years,,,,,,,,CH12,Sepsis and other infectious conditions of the newbornSepsis and other infectious conditions of the newborn,,5.1,5.08710,,,,,
5967,MORT_300,Distribution of causes of death among children aged < 5 years (%),https://www.who.int/data/gho/indicator-metadata-registry/imr-details/89,,,,PUBLISHED,Published,,2005.0,2005,,AFR,2005,2005,Africa,,NGA,Nigeria,,YEARS0-4,0-4 years,,,,,,,,CH12,Sepsis and other infectious conditions of the newbornSepsis and other infectious conditions of the newborn,,0,0.03109,,,,,
5968,MORT_100,Number of deaths,https://www.who.int/data/gho/indicator-metadata-registry/imr-details/3365,,,,PUBLISHED,Published,,2005.0,2005,,AFR,2005,2005,Africa,,NGA,Nigeria,,DAYS0-27,0-27 days,,,,,,,,CH13,"Other communicable, perinatal and nutritional conditionsOther communicable, perinatal and nutritional conditions",,10541,10540.86000,,,,,
5969,MORT_200,Deaths per 1 000 live births,https://www.who.int/data/gho/indicator-metadata-registry/imr-details/3366,,,,PUBLISHED,Published,,2005.0,2005,,AFR,2005,2005,Africa,,NGA,Nigeria,,MONTHS1-59,1-59 months,,,,,,,,CH15,Congenital anomaliesCongenital anomalies,,2.5,2.53009,,,,,
5970,MORT_300,Distribution of causes of death among children aged < 5 years (%),https://www.who.int/data/gho/indicator-metadata-registry/imr-details/89,,,,PUBLISHED,Published,,2005.0,2005,,AFR,2005,2005,Africa,,NGA,Nigeria,,MONTHS1-59,1-59 months,,,,,,,,CH15,Congenital anomaliesCongenital anomalies,,0,0.02089,,,,,
5971,MORT_100,Number of deaths,https://www.who.int/data/gho/indicator-metadata-registry/imr-details/3365,,,,PUBLISHED,Published,,2005.0,2005,,AFR,2005,2005,Africa,,NGA,Nigeria,,YEARS0-4,0-4 years,,,,,,,,CH15,Congenital anomaliesCongenital anomalies,,29145,29144.57000,,,,,
5972,MORT_200,Deaths per 1 000 live births,https://www.who.int/data/gho/indicator-metadata-registry/imr-details/3366,,,,PUBLISHED,Published,,2005.0,2005,,AFR,2005,2005,Africa,,NGA,Nigeria,,YEARS0-4,0-4 years,,,,,,,,CH15,Congenital anomaliesCongenital anomalies,,4.9,4.91952,,,,,
5973,MORT_100,Number of deaths,https://www.who.int/data/gho/indicator-metadata-registry/imr-details/3365,,,,PUBLISHED,Published,,2005.0,2005,,AFR,2005,2005,Africa,,NGA,Nigeria,,MONTHS1-59,1-59 months,,,,,,,,CH17,InjuriesInjuries,,26260,26259.83000,,,,,
5974,MORT_200,Deaths per 1 000 live births,https://www.who.int/data/gho/indicator-metadata-registry/imr-details/3366,,,,PUBLISHED,Published,,2005.0,2005,,AFR,2005,2005,Africa,,NGA,Nigeria,,MONTHS1-59,1-59 months,,,,,,,,CH17,InjuriesInjuries,,4.4,4.43259,,,,,
5975,MORT_300,Distribution of causes of death among children aged < 5 years (%),https://www.who.int/data/gho/indicator-metadata-registry/imr-details/89,,,,PUBLISHED,Published,,2005.0,2005,,AFR,2005,2005,Africa,,NGA,Nigeria,,MONTHS1-59,1-59 months,,,,,,,,CH17,InjuriesInjuries,,0,0.03660,,,,,
5976,MORT_100,Number of deaths,https://www.who.int/data/gho/indicator-metadata-registry/imr-details/3365,,,,PUBLISHED,Published,,2005.0,2005,,AFR,2005,2005,Africa,,NGA,Nigeria,,YEARS0-4,0-4 years,,,,,,,,CH17,InjuriesInjuries,,29276,29276.32000,,,,,
5977,MORT_300,Distribution of causes of death among children aged < 5 years (%),https://www.who.int/data/gho/indicator-metadata-registry/imr-details/89,,,,PUBLISHED,Published,,2006.0,2006,,AFR,2006,2006,Africa,,NGA,Nigeria,,DAYS0-27,0-27 days,,,,,,,,CH3,Diarrhoeal diseasesDiarrhoeal diseases,,0,0.00942,,,,,
5978,MORT_100,Number of deaths,https://www.who.int/data/gho/indicator-metadata-registry/imr-details/3365,,,,PUBLISHED,Published,,2006.0,2006,,AFR,2006,2006,Africa,,NGA,Nigeria,,MONTHS1-59,1-59 months,,,,,,,,CH3,Diarrhoeal diseasesDiarrhoeal diseases,,98931,98930.80000,,,,,
5979,MORT_200,Deaths per 1 000 live births,https://www.who.int/data/gho/indicator-metadata-registry/imr-details/3366,,,,PUBLISHED,Published,,2006.0,2006,,AFR,2006,2006,Africa,,NGA,Nigeria,,MONTHS1-59,1-59 months,,,,,,,,CH3,Diarrhoeal diseasesDiarrhoeal diseases,,16.3,16.34643,,,,,
5980,MORT_300,Distribution of causes of death among children aged < 5 years (%),https://www.who.int/data/gho/indicator-metadata-registry/imr-details/89,,,,PUBLISHED,Published,,2006.0,2006,,AFR,2006,2006,Africa,,NGA,Nigeria,,MONTHS1-59,1-59 months,,,,,,,,CH3,Diarrhoeal diseasesDiarrhoeal diseases,,0.2,0.16293,,,,,
5981,MORT_100,Number of deaths,https://www.who.int/data/gho/indicator-metadata-registry/imr-details/3365,,,,PUBLISHED,Published,,2006.0,2006,,AFR,2006,2006,Africa,,NGA,Nigeria,,DAYS0-27,0-27 days,,,,,,,,CH6,MeaslesMeasles,,0,0.00000,,,,,
5982,MORT_200,Deaths per 1 000 live births,https://www.who.int/data/gho/indicator-metadata-registry/imr-details/3366,,,,PUBLISHED,Published,,2006.0,2006,,AFR,2006,2006,Africa,,NGA,Nigeria,,DAYS0-27,0-27 days,,,,,,,,CH6,MeaslesMeasles,,0,0.00000,,,,,
5983,MORT_300,Distribution of causes of death among children aged < 5 years (%),https://www.who.int/data/gho/indicator-metadata-registry/imr-details/89,,,,PUBLISHED,Published,,2006.0,2006,,AFR,2006,2006,Africa,,NGA,Nigeria,,DAYS0-27,0-27 days,,,,,,,,CH6,MeaslesMeasles,,0,0.00000,,,,,
5984,MORT_100,Number of deaths,https://www.who.int/data/gho/indicator-metadata-registry/imr-details/3365,,,,PUBLISHED,Published,,2006.0,2006,,AFR,2006,2006,Africa,,NGA,Nigeria,,MONTHS1-59,1-59 months,,,,,,,,CH6,MeaslesMeasles,,10091,10090.79000,,,,,
5985,MORT_300,Distribution of causes of death among children aged < 5 years (%),https://www.who.int/data/gho/indicator-metadata-registry/imr-details/89,,,,PUBLISHED,Published,,2006.0,2006,,AFR,2006,2006,Africa,,NGA,Nigeria,,YEARS0-4,0-4 years,,,,,,,,CH7,Meningitis/encephalitisMeningitis/encephalitis,,0,0.02640,,,,,
5986,MORT_100,Number of deaths,https://www.who.int/data/gho/indicator-metadata-registry/imr-details/3365,,,,PUBLISHED,Published,,2006.0,2006,,AFR,2006,2006,Africa,,NGA,Nigeria,,DAYS0-27,0-27 days,,,,,,,,CH8,MalariaMalaria,,0,0.00000,,,,,
5987,MORT_200,Deaths per 1 000 live births,https://www.who.int/data/gho/indicator-metadata-registry/imr-details/3366,,,,PUBLISHED,Published,,2006.0,2006,,AFR,2006,2006,Africa,,NGA,Nigeria,,DAYS0-27,0-27 days,,,,,,,,CH8,MalariaMalaria,,0,0.00000,,,,,
5988,MORT_300,Distribution of causes of death among children aged < 5 years (%),https://www.who.int/data/gho/indicator-metadata-registry/imr-details/89,,,,PUBLISHED,Published,,2006.0,2006,,AFR,2006,2006,Africa,,NGA,Nigeria,,DAYS0-27,0-27 days,,,,,,,,CH8,MalariaMalaria,,0,0.00000,,,,,
5989,MORT_200,Deaths per 1 000 live births,https://www.who.int/data/gho/indicator-metadata-registry/imr-details/3366,,,,PUBLISHED,Published,,2006.0,2006,,AFR,2006,2006,Africa,,NGA,Nigeria,,YEARS0-4,0-4 years,,,,,,,,CH9,Acute lower respiratory infectionsAcute lower respiratory infections,,24.6,24.63109,,,,,
5990,MORT_300,Distribution of causes of death among children aged < 5 years (%),https://www.who.int/data/gho/indicator-metadata-registry/imr-details/89,,,,PUBLISHED,Published,,2006.0,2006,,AFR,2006,2006,Africa,,NGA,Nigeria,,YEARS0-4,0-4 years,,,,,,,,CH9,Acute lower respiratory infectionsAcute lower respiratory infections,,0.2,0.17366,,,,,
5991,MORT_100,Number of deaths,https://www.who.int/data/gho/indicator-metadata-registry/imr-details/3365,,,,PUBLISHED,Published,,2006.0,2006,,AFR,2006,2006,Africa,,NGA,Nigeria,,DAYS0-27,0-27 days,,,,,,,,CH10,PrematurityPrematurity,,70681,70680.84000,,,,,
5992,MORT_200,Deaths per 1 000 live births,https://www.who.int/data/gho/indicator-metadata-registry/imr-details/3366,,,,PUBLISHED,Published,,2006.0,2006,,AFR,2006,2006,Africa,,NGA,Nigeria,,DAYS0-27,0-27 days,,,,,,,,CH10,PrematurityPrematurity,,11.7,11.67867,,,,,
5993,MORT_300,Distribution of causes of death among children aged < 5 years (%),https://www.who.int/data/gho/indicator-metadata-registry/imr-details/89,,,,PUBLISHED,Published,,2006.0,2006,,AFR,2006,2006,Africa,,NGA,Nigeria,,MONTHS1-59,1-59 months,,,,,,,,CH11,Birth asphyxia and birth traumaBirth asphyxia and birth trauma,,0,0.01564,,,,,
5994,MORT_100,Number of deaths,https://www.who.int/data/gho/indicator-metadata-registry/imr-details/3365,,,,PUBLISHED,Published,,2006.0,2006,,AFR,2006,2006,Africa,,NGA,Nigeria,,YEARS0-4,0-4 years,,,,,,,,CH11,Birth asphyxia and birth traumaBirth asphyxia and birth trauma,,93344,93344.23000,,,,,
5995,MORT_200,Deaths per 1 000 live births,https://www.who.int/data/gho/indicator-metadata-registry/imr-details/3366,,,,PUBLISHED,Published,,2006.0,2006,,AFR,2006,2006,Africa,,NGA,Nigeria,,YEARS0-4,0-4 years,,,,,,,,CH11,Birth asphyxia and birth traumaBirth asphyxia and birth trauma,,15.4,15.42336,,,,,
5996,MORT_300,Distribution of causes of death among children aged < 5 years (%),https://www.who.int/data/gho/indicator-metadata-registry/imr-details/89,,,,PUBLISHED,Published,,2006.0,2006,,AFR,2006,2006,Africa,,NGA,Nigeria,,YEARS0-4,0-4 years,,,,,,,,CH11,Birth asphyxia and birth traumaBirth asphyxia and birth trauma,,0.1,0.10874,,,,,
5997,MORT_100,Number of deaths,https://www.who.int/data/gho/indicator-metadata-registry/imr-details/3365,,,,PUBLISHED,Published,,2006.0,2006,,AFR,2006,2006,Africa,,NGA,Nigeria,,DAYS0-27,0-27 days,,,,,,,,CH12,Sepsis and other infectious conditions of the newbornSepsis and other infectious conditions of the newborn,,31055,31055.03000,,,,,
5998,MORT_200,Deaths per 1 000 live births,https://www.who.int/data/gho/indicator-metadata-registry/imr-details/3366,,,,PUBLISHED,Published,,2006.0,2006,,AFR,2006,2006,Africa,,NGA,Nigeria,,MONTHS1-59,1-59 months,,,,,,,,CH13,"Other communicable, perinatal and nutritional conditionsOther communicable, perinatal and nutritional conditions",,9.3,9.33922,,,,,
5999,MORT_300,Distribution of causes of death among children aged < 5 years (%),https://www.who.int/data/gho/indicator-metadata-registry/imr-details/89,,,,PUBLISHED,Published,,2006.0,2006,,AFR,2006,2006,Africa,,NGA,Nigeria,,MONTHS1-59,1-59 months,,,,,,,,CH13,"Other communicable, perinatal and nutritional conditionsOther communicable, perinatal and nutritional conditions",,0.1,0.09309,,,,,
6000,MORT_100,Number of deaths,https://www.who.int/data/gho/indicator-metadata-registry/imr-details/3365,,,,PUBLISHED,Published,,2006.0,2006,,AFR,2006,2006,Africa,,NGA,Nigeria,,YEARS0-4,0-4 years,,,,,,,,CH13,"Other communicable, perinatal and nutritional conditionsOther communicable, perinatal and nutritional conditions",,66887,66887.42000,,,,,
6001,MORT_200,Deaths per 1 000 live births,https://www.who.int/data/gho/indicator-metadata-registry/imr-details/3366,,,,PUBLISHED,Published,,2006.0,2006,,AFR,2006,2006,Africa,,NGA,Nigeria,,YEARS0-4,0-4 years,,,,,,,,CH13,"Other communicable, perinatal and nutritional conditionsOther communicable, perinatal and nutritional conditions",,11.1,11.05187,,,,,
6002,MORT_100,Number of deaths,https://www.who.int/data/gho/indicator-metadata-registry/imr-details/3365,,,,PUBLISHED,Published,,2006.0,2006,,AFR,2006,2006,Africa,,NGA,Nigeria,,MONTHS1-59,1-59 months,,,,,,,,CH16,Other noncommunicable diseasesOther noncommunicable diseases,,19241,19241.44000,,,,,
6003,MORT_200,Deaths per 1 000 live births,https://www.who.int/data/gho/indicator-metadata-registry/imr-details/3366,,,,PUBLISHED,Published,,2006.0,2006,,AFR,2006,2006,Africa,,NGA,Nigeria,,MONTHS1-59,1-59 months,,,,,,,,CH16,Other noncommunicable diseasesOther noncommunicable diseases,,3.2,3.17928,,,,,
6004,MORT_300,Distribution of causes of death among children aged < 5 years (%),https://www.who.int/data/gho/indicator-metadata-registry/imr-details/89,,,,PUBLISHED,Published,,2006.0,2006,,AFR,2006,2006,Africa,,NGA,Nigeria,,MONTHS1-59,1-59 months,,,,,,,,CH16,Other noncommunicable diseasesOther noncommunicable diseases,,0,0.03169,,,,,
6005,MORT_100,Number of deaths,https://www.who.int/data/gho/indicator-metadata-registry/imr-details/3365,,,,PUBLISHED,Published,,2006.0,2006,,AFR,2006,2006,Africa,,NGA,Nigeria,,YEARS0-4,0-4 years,,,,,,,,CH16,Other noncommunicable diseasesOther noncommunicable diseases,,19520,19519.89000,,,,,
6006,MORT_300,Distribution of causes of death among children aged < 5 years (%),https://www.who.int/data/gho/indicator-metadata-registry/imr-details/89,,,,PUBLISHED,Published,,2007.0,2007,,AFR,2007,2007,Africa,,NGA,Nigeria,,DAYS0-27,0-27 days,,,,,,,,CH2,HIV/AIDSHIV/AIDS,,0,0.00094,,,,,
6007,MORT_100,Number of deaths,https://www.who.int/data/gho/indicator-metadata-registry/imr-details/3365,,,,PUBLISHED,Published,,2007.0,2007,,AFR,2007,2007,Africa,,NGA,Nigeria,,MONTHS1-59,1-59 months,,,,,,,,CH2,HIV/AIDSHIV/AIDS,,23344,23344.20000,,,,,
6008,MORT_200,Deaths per 1 000 live births,https://www.who.int/data/gho/indicator-metadata-registry/imr-details/3366,,,,PUBLISHED,Published,,2007.0,2007,,AFR,2007,2007,Africa,,NGA,Nigeria,,MONTHS1-59,1-59 months,,,,,,,,CH2,HIV/AIDSHIV/AIDS,,3.8,3.77651,,,,,
6009,MORT_300,Distribution of causes of death among children aged < 5 years (%),https://www.who.int/data/gho/indicator-metadata-registry/imr-details/89,,,,PUBLISHED,Published,,2007.0,2007,,AFR,2007,2007,Africa,,NGA,Nigeria,,MONTHS1-59,1-59 months,,,,,,,,CH2,HIV/AIDSHIV/AIDS,,0,0.03942,,,,,
6010,MORT_100,Number of deaths,https://www.who.int/data/gho/indicator-metadata-registry/imr-details/3365,,,,PUBLISHED,Published,,2007.0,2007,,AFR,2007,2007,Africa,,NGA,Nigeria,,DAYS0-27,0-27 days,,,,,,,,CH5,TetanusTetanus,,10498,10497.70000,,,,,
6011,MORT_200,Deaths per 1 000 live births,https://www.who.int/data/gho/indicator-metadata-registry/imr-details/3366,,,,PUBLISHED,Published,,2007.0,2007,,AFR,2007,2007,Africa,,NGA,Nigeria,,DAYS0-27,0-27 days,,,,,,,,CH5,TetanusTetanus,,1.7,1.69827,,,,,
6012,MORT_300,Distribution of causes of death among children aged < 5 years (%),https://www.who.int/data/gho/indicator-metadata-registry/imr-details/89,,,,PUBLISHED,Published,,2007.0,2007,,AFR,2007,2007,Africa,,NGA,Nigeria,,DAYS0-27,0-27 days,,,,,,,,CH5,TetanusTetanus,,0,0.04186,,,,,
6013,MORT_100,Number of deaths,https://www.who.int/data/gho/indicator-metadata-registry/imr-details/3365,,,,PUBLISHED,Published,,2007.0,2007,,AFR,2007,2007,Africa,,NGA,Nigeria,,MONTHS1-59,1-59 months,,,,,,,,CH5,TetanusTetanus,,86,85.92280,,,,,
6014,MORT_300,Distribution of causes of death among children aged < 5 years (%),https://www.who.int/data/gho/indicator-metadata-registry/imr-details/89,,,,PUBLISHED,Published,,2007.0,2007,,AFR,2007,2007,Africa,,NGA,Nigeria,,YEARS0-4,0-4 years,,,,,,,,CH6,MeaslesMeasles,,0,0.00714,,,,,
6015,MORT_100,Number of deaths,https://www.who.int/data/gho/indicator-metadata-registry/imr-details/3365,,,,PUBLISHED,Published,,2007.0,2007,,AFR,2007,2007,Africa,,NGA,Nigeria,,DAYS0-27,0-27 days,,,,,,,,CH7,Meningitis/encephalitisMeningitis/encephalitis,,3762,3762.29400,,,,,
6016,MORT_200,Deaths per 1 000 live births,https://www.who.int/data/gho/indicator-metadata-registry/imr-details/3366,,,,PUBLISHED,Published,,2007.0,2007,,AFR,2007,2007,Africa,,NGA,Nigeria,,DAYS0-27,0-27 days,,,,,,,,CH7,Meningitis/encephalitisMeningitis/encephalitis,,0.6,0.60865,,,,,
6017,MORT_300,Distribution of causes of death among children aged < 5 years (%),https://www.who.int/data/gho/indicator-metadata-registry/imr-details/89,,,,PUBLISHED,Published,,2007.0,2007,,AFR,2007,2007,Africa,,NGA,Nigeria,,DAYS0-27,0-27 days,,,,,,,,CH7,Meningitis/encephalitisMeningitis/encephalitis,,0,0.01500,,,,,
6018,MORT_200,Deaths per 1 000 live births,https://www.who.int/data/gho/indicator-metadata-registry/imr-details/3366,,,,PUBLISHED,Published,,2007.0,2007,,AFR,2007,2007,Africa,,NGA,Nigeria,,YEARS0-4,0-4 years,,,,,,,,CH8,MalariaMalaria,,28.9,28.90231,,,,,
6019,MORT_300,Distribution of causes of death among children aged < 5 years (%),https://www.who.int/data/gho/indicator-metadata-registry/imr-details/89,,,,PUBLISHED,Published,,2007.0,2007,,AFR,2007,2007,Africa,,NGA,Nigeria,,YEARS0-4,0-4 years,,,,,,,,CH8,MalariaMalaria,,0.2,0.21195,,,,,
6020,MORT_100,Number of deaths,https://www.who.int/data/gho/indicator-metadata-registry/imr-details/3365,,,,PUBLISHED,Published,,2007.0,2007,,AFR,2007,2007,Africa,,NGA,Nigeria,,DAYS0-27,0-27 days,,,,,,,,CH9,Acute lower respiratory infectionsAcute lower respiratory infections,,19933,19933.17000,,,,,
6021,MORT_200,Deaths per 1 000 live births,https://www.who.int/data/gho/indicator-metadata-registry/imr-details/3366,,,,PUBLISHED,Published,,2007.0,2007,,AFR,2007,2007,Africa,,NGA,Nigeria,,DAYS0-27,0-27 days,,,,,,,,CH9,Acute lower respiratory infectionsAcute lower respiratory infections,,3.2,3.22469,,,,,
6022,MORT_300,Distribution of causes of death among children aged < 5 years (%),https://www.who.int/data/gho/indicator-metadata-registry/imr-details/89,,,,PUBLISHED,Published,,2007.0,2007,,AFR,2007,2007,Africa,,NGA,Nigeria,,MONTHS1-59,1-59 months,,,,,,,,CH10,PrematurityPrematurity,,0,0.01441,,,,,
6023,MORT_100,Number of deaths,https://www.who.int/data/gho/indicator-metadata-registry/imr-details/3365,,,,PUBLISHED,Published,,2007.0,2007,,AFR,2007,2007,Africa,,NGA,Nigeria,,YEARS0-4,0-4 years,,,,,,,,CH10,PrematurityPrematurity,,79589,79589.09000,,,,,
6024,MORT_200,Deaths per 1 000 live births,https://www.who.int/data/gho/indicator-metadata-registry/imr-details/3366,,,,PUBLISHED,Published,,2007.0,2007,,AFR,2007,2007,Africa,,NGA,Nigeria,,YEARS0-4,0-4 years,,,,,,,,CH10,PrematurityPrematurity,,12.9,12.87552,,,,,
6025,MORT_300,Distribution of causes of death among children aged < 5 years (%),https://www.who.int/data/gho/indicator-metadata-registry/imr-details/89,,,,PUBLISHED,Published,,2007.0,2007,,AFR,2007,2007,Africa,,NGA,Nigeria,,YEARS0-4,0-4 years,,,,,,,,CH10,PrematurityPrematurity,,0.1,0.09442,,,,,
6026,MORT_100,Number of deaths,https://www.who.int/data/gho/indicator-metadata-registry/imr-details/3365,,,,PUBLISHED,Published,,2007.0,2007,,AFR,2007,2007,Africa,,NGA,Nigeria,,DAYS0-27,0-27 days,,,,,,,,CH11,Birth asphyxia and birth traumaBirth asphyxia and birth trauma,,83232,83232.02000,,,,,
6027,MORT_200,Deaths per 1 000 live births,https://www.who.int/data/gho/indicator-metadata-registry/imr-details/3366,,,,PUBLISHED,Published,,2007.0,2007,,AFR,2007,2007,Africa,,NGA,Nigeria,,MONTHS1-59,1-59 months,,,,,,,,CH12,Sepsis and other infectious conditions of the newbornSepsis and other infectious conditions of the newborn,,0,0.00000,,,,,
6028,MORT_300,Distribution of causes of death among children aged < 5 years (%),https://www.who.int/data/gho/indicator-metadata-registry/imr-details/89,,,,PUBLISHED,Published,,2007.0,2007,,AFR,2007,2007,Africa,,NGA,Nigeria,,MONTHS1-59,1-59 months,,,,,,,,CH12,Sepsis and other infectious conditions of the newbornSepsis and other infectious conditions of the newborn,,0,0.00000,,,,,
6029,MORT_100,Number of deaths,https://www.who.int/data/gho/indicator-metadata-registry/imr-details/3365,,,,PUBLISHED,Published,,2007.0,2007,,AFR,2007,2007,Africa,,NGA,Nigeria,,YEARS0-4,0-4 years,,,,,,,,CH12,Sepsis and other infectious conditions of the newbornSepsis and other infectious conditions of the newborn,,32301,32300.86000,,,,,
6030,MORT_200,Deaths per 1 000 live births,https://www.who.int/data/gho/indicator-metadata-registry/imr-details/3366,,,,PUBLISHED,Published,,2007.0,2007,,AFR,2007,2007,Africa,,NGA,Nigeria,,YEARS0-4,0-4 years,,,,,,,,CH12,Sepsis and other infectious conditions of the newbornSepsis and other infectious conditions of the newborn,,5.2,5.22547,,,,,
6031,MORT_100,Number of deaths,https://www.who.int/data/gho/indicator-metadata-registry/imr-details/3365,,,,PUBLISHED,Published,,2007.0,2007,,AFR,2007,2007,Africa,,NGA,Nigeria,,MONTHS1-59,1-59 months,,,,,,,,CH15,Congenital anomaliesCongenital anomalies,,15904,15903.98000,,,,,
6032,MORT_200,Deaths per 1 000 live births,https://www.who.int/data/gho/indicator-metadata-registry/imr-details/3366,,,,PUBLISHED,Published,,2007.0,2007,,AFR,2007,2007,Africa,,NGA,Nigeria,,MONTHS1-59,1-59 months,,,,,,,,CH15,Congenital anomaliesCongenital anomalies,,2.6,2.57287,,,,,
6033,MORT_300,Distribution of causes of death among children aged < 5 years (%),https://www.who.int/data/gho/indicator-metadata-registry/imr-details/89,,,,PUBLISHED,Published,,2007.0,2007,,AFR,2007,2007,Africa,,NGA,Nigeria,,MONTHS1-59,1-59 months,,,,,,,,CH15,Congenital anomaliesCongenital anomalies,,0,0.02686,,,,,
6034,MORT_100,Number of deaths,https://www.who.int/data/gho/indicator-metadata-registry/imr-details/3365,,,,PUBLISHED,Published,,2007.0,2007,,AFR,2007,2007,Africa,,NGA,Nigeria,,YEARS0-4,0-4 years,,,,,,,,CH15,Congenital anomaliesCongenital anomalies,,29929,29929.31000,,,,,
6035,MORT_200,Deaths per 1 000 live births,https://www.who.int/data/gho/indicator-metadata-registry/imr-details/3366,,,,PUBLISHED,Published,,2007.0,2007,,AFR,2007,2007,Africa,,NGA,Nigeria,,DAYS0-27,0-27 days,,,,,,,,CH17,InjuriesInjuries,,0.5,0.49468,,,,,
6036,MORT_300,Distribution of causes of death among children aged < 5 years (%),https://www.who.int/data/gho/indicator-metadata-registry/imr-details/89,,,,PUBLISHED,Published,,2007.0,2007,,AFR,2007,2007,Africa,,NGA,Nigeria,,DAYS0-27,0-27 days,,,,,,,,CH17,InjuriesInjuries,,0,0.01219,,,,,
6037,MORT_100,Number of deaths,https://www.who.int/data/gho/indicator-metadata-registry/imr-details/3365,,,,PUBLISHED,Published,,2007.0,2007,,AFR,2007,2007,Africa,,NGA,Nigeria,,MONTHS1-59,1-59 months,,,,,,,,CH17,InjuriesInjuries,,28284,28283.69000,,,,,
6038,MORT_200,Deaths per 1 000 live births,https://www.who.int/data/gho/indicator-metadata-registry/imr-details/3366,,,,PUBLISHED,Published,,2007.0,2007,,AFR,2007,2007,Africa,,NGA,Nigeria,,MONTHS1-59,1-59 months,,,,,,,,CH17,InjuriesInjuries,,4.6,4.57559,,,,,
6039,MORT_300,Distribution of causes of death among children aged < 5 years (%),https://www.who.int/data/gho/indicator-metadata-registry/imr-details/89,,,,PUBLISHED,Published,,2007.0,2007,,AFR,2007,2007,Africa,,NGA,Nigeria,,MONTHS1-59,1-59 months,,,,,,,,CH17,InjuriesInjuries,,0,0.04776,,,,,
6040,MORT_100,Number of deaths,https://www.who.int/data/gho/indicator-metadata-registry/imr-details/3365,,,,PUBLISHED,Published,,2008.0,2008,,AFR,2008,2008,Africa,,NGA,Nigeria,,DAYS0-27,0-27 days,,,,,,,,CH3,Diarrhoeal diseasesDiarrhoeal diseases,,2165,2165.27000,,,,,
6041,MORT_200,Deaths per 1 000 live births,https://www.who.int/data/gho/indicator-metadata-registry/imr-details/3366,,,,PUBLISHED,Published,,2008.0,2008,,AFR,2008,2008,Africa,,NGA,Nigeria,,DAYS0-27,0-27 days,,,,,,,,CH3,Diarrhoeal diseasesDiarrhoeal diseases,,0.3,0.34304,,,,,
6042,MORT_300,Distribution of causes of death among children aged < 5 years (%),https://www.who.int/data/gho/indicator-metadata-registry/imr-details/89,,,,PUBLISHED,Published,,2008.0,2008,,AFR,2008,2008,Africa,,NGA,Nigeria,,DAYS0-27,0-27 days,,,,,,,,CH3,Diarrhoeal diseasesDiarrhoeal diseases,,0,0.00864,,,,,
6043,MORT_100,Number of deaths,https://www.who.int/data/gho/indicator-metadata-registry/imr-details/3365,,,,PUBLISHED,Published,,2008.0,2008,,AFR,2008,2008,Africa,,NGA,Nigeria,,MONTHS1-59,1-59 months,,,,,,,,CH3,Diarrhoeal diseasesDiarrhoeal diseases,,91800,91800.34000,,,,,
6044,MORT_300,Distribution of causes of death among children aged < 5 years (%),https://www.who.int/data/gho/indicator-metadata-registry/imr-details/89,,,,PUBLISHED,Published,,2008.0,2008,,AFR,2008,2008,Africa,,NGA,Nigeria,,YEARS0-4,0-4 years,,,,,,,,CH5,TetanusTetanus,,0,0.01154,,,,,
6045,MORT_100,Number of deaths,https://www.who.int/data/gho/indicator-metadata-registry/imr-details/3365,,,,PUBLISHED,Published,,2008.0,2008,,AFR,2008,2008,Africa,,NGA,Nigeria,,DAYS0-27,0-27 days,,,,,,,,CH6,MeaslesMeasles,,0,0.00000,,,,,
6046,MORT_200,Deaths per 1 000 live births,https://www.who.int/data/gho/indicator-metadata-registry/imr-details/3366,,,,PUBLISHED,Published,,2008.0,2008,,AFR,2008,2008,Africa,,NGA,Nigeria,,DAYS0-27,0-27 days,,,,,,,,CH6,MeaslesMeasles,,0,0.00000,,,,,
6047,MORT_300,Distribution of causes of death among children aged < 5 years (%),https://www.who.int/data/gho/indicator-metadata-registry/imr-details/89,,,,PUBLISHED,Published,,2008.0,2008,,AFR,2008,2008,Africa,,NGA,Nigeria,,DAYS0-27,0-27 days,,,,,,,,CH6,MeaslesMeasles,,0,0.00000,,,,,
6048,MORT_200,Deaths per 1 000 live births,https://www.who.int/data/gho/indicator-metadata-registry/imr-details/3366,,,,PUBLISHED,Published,,2008.0,2008,,AFR,2008,2008,Africa,,NGA,Nigeria,,YEARS0-4,0-4 years,,,,,,,,CH7,Meningitis/encephalitisMeningitis/encephalitis,,5.2,5.21809,,,,,
6049,MORT_300,Distribution of causes of death among children aged < 5 years (%),https://www.who.int/data/gho/indicator-metadata-registry/imr-details/89,,,,PUBLISHED,Published,,2008.0,2008,,AFR,2008,2008,Africa,,NGA,Nigeria,,YEARS0-4,0-4 years,,,,,,,,CH7,Meningitis/encephalitisMeningitis/encephalitis,,0,0.03928,,,,,
6050,MORT_100,Number of deaths,https://www.who.int/data/gho/indicator-metadata-registry/imr-details/3365,,,,PUBLISHED,Published,,2008.0,2008,,AFR,2008,2008,Africa,,NGA,Nigeria,,DAYS0-27,0-27 days,,,,,,,,CH8,MalariaMalaria,,0,0.00000,,,,,
6051,MORT_200,Deaths per 1 000 live births,https://www.who.int/data/gho/indicator-metadata-registry/imr-details/3366,,,,PUBLISHED,Published,,2008.0,2008,,AFR,2008,2008,Africa,,NGA,Nigeria,,DAYS0-27,0-27 days,,,,,,,,CH8,MalariaMalaria,,0,0.00000,,,,,
6052,MORT_300,Distribution of causes of death among children aged < 5 years (%),https://www.who.int/data/gho/indicator-metadata-registry/imr-details/89,,,,PUBLISHED,Published,,2008.0,2008,,AFR,2008,2008,Africa,,NGA,Nigeria,,MONTHS1-59,1-59 months,,,,,,,,CH9,Acute lower respiratory infectionsAcute lower respiratory infections,,0.2,0.22069,,,,,
6053,MORT_100,Number of deaths,https://www.who.int/data/gho/indicator-metadata-registry/imr-details/3365,,,,PUBLISHED,Published,,2008.0,2008,,AFR,2008,2008,Africa,,NGA,Nigeria,,YEARS0-4,0-4 years,,,,,,,,CH9,Acute lower respiratory infectionsAcute lower respiratory infections,,149545,149545.30000,,,,,
6054,MORT_200,Deaths per 1 000 live births,https://www.who.int/data/gho/indicator-metadata-registry/imr-details/3366,,,,PUBLISHED,Published,,2008.0,2008,,AFR,2008,2008,Africa,,NGA,Nigeria,,YEARS0-4,0-4 years,,,,,,,,CH9,Acute lower respiratory infectionsAcute lower respiratory infections,,23.7,23.69240,,,,,
6055,MORT_300,Distribution of causes of death among children aged < 5 years (%),https://www.who.int/data/gho/indicator-metadata-registry/imr-details/89,,,,PUBLISHED,Published,,2008.0,2008,,AFR,2008,2008,Africa,,NGA,Nigeria,,YEARS0-4,0-4 years,,,,,,,,CH9,Acute lower respiratory infectionsAcute lower respiratory infections,,0.2,0.17835,,,,,
6056,MORT_100,Number of deaths,https://www.who.int/data/gho/indicator-metadata-registry/imr-details/3365,,,,PUBLISHED,Published,,2008.0,2008,,AFR,2008,2008,Africa,,NGA,Nigeria,,DAYS0-27,0-27 days,,,,,,,,CH10,PrematurityPrematurity,,71588,71588.27000,,,,,
6057,MORT_200,Deaths per 1 000 live births,https://www.who.int/data/gho/indicator-metadata-registry/imr-details/3366,,,,PUBLISHED,Published,,2008.0,2008,,AFR,2008,2008,Africa,,NGA,Nigeria,,MONTHS1-59,1-59 months,,,,,,,,CH11,Birth asphyxia and birth traumaBirth asphyxia and birth trauma,,1.5,1.53400,,,,,
6058,MORT_300,Distribution of causes of death among children aged < 5 years (%),https://www.who.int/data/gho/indicator-metadata-registry/imr-details/89,,,,PUBLISHED,Published,,2008.0,2008,,AFR,2008,2008,Africa,,NGA,Nigeria,,MONTHS1-59,1-59 months,,,,,,,,CH11,Birth asphyxia and birth traumaBirth asphyxia and birth trauma,,0,0.01647,,,,,
6059,MORT_100,Number of deaths,https://www.who.int/data/gho/indicator-metadata-registry/imr-details/3365,,,,PUBLISHED,Published,,2008.0,2008,,AFR,2008,2008,Africa,,NGA,Nigeria,,YEARS0-4,0-4 years,,,,,,,,CH11,Birth asphyxia and birth traumaBirth asphyxia and birth trauma,,92036,92036.33000,,,,,
6060,MORT_200,Deaths per 1 000 live births,https://www.who.int/data/gho/indicator-metadata-registry/imr-details/3366,,,,PUBLISHED,Published,,2008.0,2008,,AFR,2008,2008,Africa,,NGA,Nigeria,,YEARS0-4,0-4 years,,,,,,,,CH11,Birth asphyxia and birth traumaBirth asphyxia and birth trauma,,14.6,14.58128,,,,,
6061,MORT_100,Number of deaths,https://www.who.int/data/gho/indicator-metadata-registry/imr-details/3365,,,,PUBLISHED,Published,,2008.0,2008,,AFR,2008,2008,Africa,,NGA,Nigeria,,MONTHS1-59,1-59 months,,,,,,,,CH13,"Other communicable, perinatal and nutritional conditionsOther communicable, perinatal and nutritional conditions",,57146,57146.31000,,,,,
6062,MORT_200,Deaths per 1 000 live births,https://www.who.int/data/gho/indicator-metadata-registry/imr-details/3366,,,,PUBLISHED,Published,,2008.0,2008,,AFR,2008,2008,Africa,,NGA,Nigeria,,MONTHS1-59,1-59 months,,,,,,,,CH13,"Other communicable, perinatal and nutritional conditionsOther communicable, perinatal and nutritional conditions",,9.1,9.05367,,,,,
6063,MORT_300,Distribution of causes of death among children aged < 5 years (%),https://www.who.int/data/gho/indicator-metadata-registry/imr-details/89,,,,PUBLISHED,Published,,2008.0,2008,,AFR,2008,2008,Africa,,NGA,Nigeria,,MONTHS1-59,1-59 months,,,,,,,,CH13,"Other communicable, perinatal and nutritional conditionsOther communicable, perinatal and nutritional conditions",,0.1,0.09719,,,,,
6064,MORT_100,Number of deaths,https://www.who.int/data/gho/indicator-metadata-registry/imr-details/3365,,,,PUBLISHED,Published,,2008.0,2008,,AFR,2008,2008,Africa,,NGA,Nigeria,,YEARS0-4,0-4 years,,,,,,,,CH13,"Other communicable, perinatal and nutritional conditionsOther communicable, perinatal and nutritional conditions",,67101,67101.01000,,,,,
6065,MORT_200,Deaths per 1 000 live births,https://www.who.int/data/gho/indicator-metadata-registry/imr-details/3366,,,,PUBLISHED,Published,,2008.0,2008,,AFR,2008,2008,Africa,,NGA,Nigeria,,DAYS0-27,0-27 days,,,,,,,,CH16,Other noncommunicable diseasesOther noncommunicable diseases,,0,0.04673,,,,,
6066,MORT_300,Distribution of causes of death among children aged < 5 years (%),https://www.who.int/data/gho/indicator-metadata-registry/imr-details/89,,,,PUBLISHED,Published,,2008.0,2008,,AFR,2008,2008,Africa,,NGA,Nigeria,,DAYS0-27,0-27 days,,,,,,,,CH16,Other noncommunicable diseasesOther noncommunicable diseases,,0,0.00118,,,,,
6067,MORT_100,Number of deaths,https://www.who.int/data/gho/indicator-metadata-registry/imr-details/3365,,,,PUBLISHED,Published,,2008.0,2008,,AFR,2008,2008,Africa,,NGA,Nigeria,,MONTHS1-59,1-59 months,,,,,,,,CH16,Other noncommunicable diseasesOther noncommunicable diseases,,19446,19445.75000,,,,,
6068,MORT_200,Deaths per 1 000 live births,https://www.who.int/data/gho/indicator-metadata-registry/imr-details/3366,,,,PUBLISHED,Published,,2008.0,2008,,AFR,2008,2008,Africa,,NGA,Nigeria,,MONTHS1-59,1-59 months,,,,,,,,CH16,Other noncommunicable diseasesOther noncommunicable diseases,,3.1,3.08078,,,,,
6069,MORT_300,Distribution of causes of death among children aged < 5 years (%),https://www.who.int/data/gho/indicator-metadata-registry/imr-details/89,,,,PUBLISHED,Published,,2008.0,2008,,AFR,2008,2008,Africa,,NGA,Nigeria,,MONTHS1-59,1-59 months,,,,,,,,CH16,Other noncommunicable diseasesOther noncommunicable diseases,,0,0.03307,,,,,
6070,MORT_100,Number of deaths,https://www.who.int/data/gho/indicator-metadata-registry/imr-details/3365,,,,PUBLISHED,Published,,2009.0,2009,,AFR,2009,2009,Africa,,NGA,Nigeria,,DAYS0-27,0-27 days,,,,,,,,CH2,HIV/AIDSHIV/AIDS,,223,222.52000,,,,,
6071,MORT_200,Deaths per 1 000 live births,https://www.who.int/data/gho/indicator-metadata-registry/imr-details/3366,,,,PUBLISHED,Published,,2009.0,2009,,AFR,2009,2009,Africa,,NGA,Nigeria,,DAYS0-27,0-27 days,,,,,,,,CH2,HIV/AIDSHIV/AIDS,,0,0.03454,,,,,
6072,MORT_300,Distribution of causes of death among children aged < 5 years (%),https://www.who.int/data/gho/indicator-metadata-registry/imr-details/89,,,,PUBLISHED,Published,,2009.0,2009,,AFR,2009,2009,Africa,,NGA,Nigeria,,DAYS0-27,0-27 days,,,,,,,,CH2,HIV/AIDSHIV/AIDS,,0,0.00089,,,,,
6073,MORT_100,Number of deaths,https://www.who.int/data/gho/indicator-metadata-registry/imr-details/3365,,,,PUBLISHED,Published,,2009.0,2009,,AFR,2009,2009,Africa,,NGA,Nigeria,,MONTHS1-59,1-59 months,,,,,,,,CH2,HIV/AIDSHIV/AIDS,,22029,22029.48000,,,,,
6074,MORT_300,Distribution of causes of death among children aged < 5 years (%),https://www.who.int/data/gho/indicator-metadata-registry/imr-details/89,,,,PUBLISHED,Published,,2009.0,2009,,AFR,2009,2009,Africa,,NGA,Nigeria,,YEARS0-4,0-4 years,,,,,,,,CH3,Diarrhoeal diseasesDiarrhoeal diseases,,0.1,0.11248,,,,,
6075,MORT_100,Number of deaths,https://www.who.int/data/gho/indicator-metadata-registry/imr-details/3365,,,,PUBLISHED,Published,,2009.0,2009,,AFR,2009,2009,Africa,,NGA,Nigeria,,DAYS0-27,0-27 days,,,,,,,,CH5,TetanusTetanus,,8827,8826.98600,,,,,
6076,MORT_200,Deaths per 1 000 live births,https://www.who.int/data/gho/indicator-metadata-registry/imr-details/3366,,,,PUBLISHED,Published,,2009.0,2009,,AFR,2009,2009,Africa,,NGA,Nigeria,,DAYS0-27,0-27 days,,,,,,,,CH5,TetanusTetanus,,1.4,1.37006,,,,,
6077,MORT_300,Distribution of causes of death among children aged < 5 years (%),https://www.who.int/data/gho/indicator-metadata-registry/imr-details/89,,,,PUBLISHED,Published,,2009.0,2009,,AFR,2009,2009,Africa,,NGA,Nigeria,,DAYS0-27,0-27 days,,,,,,,,CH5,TetanusTetanus,,0,0.03534,,,,,
6078,MORT_200,Deaths per 1 000 live births,https://www.who.int/data/gho/indicator-metadata-registry/imr-details/3366,,,,PUBLISHED,Published,,2009.0,2009,,AFR,2009,2009,Africa,,NGA,Nigeria,,YEARS0-4,0-4 years,,,,,,,,CH6,MeaslesMeasles,,0.4,0.35186,,,,,
6079,MORT_300,Distribution of causes of death among children aged < 5 years (%),https://www.who.int/data/gho/indicator-metadata-registry/imr-details/89,,,,PUBLISHED,Published,,2009.0,2009,,AFR,2009,2009,Africa,,NGA,Nigeria,,YEARS0-4,0-4 years,,,,,,,,CH6,MeaslesMeasles,,0,0.00278,,,,,
6080,MORT_100,Number of deaths,https://www.who.int/data/gho/indicator-metadata-registry/imr-details/3365,,,,PUBLISHED,Published,,2009.0,2009,,AFR,2009,2009,Africa,,NGA,Nigeria,,DAYS0-27,0-27 days,,,,,,,,CH7,Meningitis/encephalitisMeningitis/encephalitis,,4063,4062.89000,,,,,
6081,MORT_200,Deaths per 1 000 live births,https://www.who.int/data/gho/indicator-metadata-registry/imr-details/3366,,,,PUBLISHED,Published,,2009.0,2009,,AFR,2009,2009,Africa,,NGA,Nigeria,,DAYS0-27,0-27 days,,,,,,,,CH7,Meningitis/encephalitisMeningitis/encephalitis,,0.6,0.63061,,,,,
6082,MORT_300,Distribution of causes of death among children aged < 5 years (%),https://www.who.int/data/gho/indicator-metadata-registry/imr-details/89,,,,PUBLISHED,Published,,2009.0,2009,,AFR,2009,2009,Africa,,NGA,Nigeria,,MONTHS1-59,1-59 months,,,,,,,,CH8,MalariaMalaria,,0.3,0.26057,,,,,
6083,MORT_100,Number of deaths,https://www.who.int/data/gho/indicator-metadata-registry/imr-details/3365,,,,PUBLISHED,Published,,2009.0,2009,,AFR,2009,2009,Africa,,NGA,Nigeria,,YEARS0-4,0-4 years,,,,,,,,CH8,MalariaMalaria,,147298,147298.30000,,,,,
6084,MORT_200,Deaths per 1 000 live births,https://www.who.int/data/gho/indicator-metadata-registry/imr-details/3366,,,,PUBLISHED,Published,,2009.0,2009,,AFR,2009,2009,Africa,,NGA,Nigeria,,YEARS0-4,0-4 years,,,,,,,,CH8,MalariaMalaria,,22.9,22.86253,,,,,
6085,MORT_300,Distribution of causes of death among children aged < 5 years (%),https://www.who.int/data/gho/indicator-metadata-registry/imr-details/89,,,,PUBLISHED,Published,,2009.0,2009,,AFR,2009,2009,Africa,,NGA,Nigeria,,YEARS0-4,0-4 years,,,,,,,,CH8,MalariaMalaria,,0.2,0.18072,,,,,
6086,MORT_100,Number of deaths,https://www.who.int/data/gho/indicator-metadata-registry/imr-details/3365,,,,PUBLISHED,Published,,2009.0,2009,,AFR,2009,2009,Africa,,NGA,Nigeria,,DAYS0-27,0-27 days,,,,,,,,CH9,Acute lower respiratory infectionsAcute lower respiratory infections,,19637,19637.29000,,,,,
6087,MORT_200,Deaths per 1 000 live births,https://www.who.int/data/gho/indicator-metadata-registry/imr-details/3366,,,,PUBLISHED,Published,,2009.0,2009,,AFR,2009,2009,Africa,,NGA,Nigeria,,MONTHS1-59,1-59 months,,,,,,,,CH10,PrematurityPrematurity,,1.4,1.35209,,,,,
6088,MORT_300,Distribution of causes of death among children aged < 5 years (%),https://www.who.int/data/gho/indicator-metadata-registry/imr-details/89,,,,PUBLISHED,Published,,2009.0,2009,,AFR,2009,2009,Africa,,NGA,Nigeria,,MONTHS1-59,1-59 months,,,,,,,,CH10,PrematurityPrematurity,,0,0.01541,,,,,
6089,MORT_100,Number of deaths,https://www.who.int/data/gho/indicator-metadata-registry/imr-details/3365,,,,PUBLISHED,Published,,2009.0,2009,,AFR,2009,2009,Africa,,NGA,Nigeria,,YEARS0-4,0-4 years,,,,,,,,CH10,PrematurityPrematurity,,81000,80999.63000,,,,,
6090,MORT_200,Deaths per 1 000 live births,https://www.who.int/data/gho/indicator-metadata-registry/imr-details/3366,,,,PUBLISHED,Published,,2009.0,2009,,AFR,2009,2009,Africa,,NGA,Nigeria,,YEARS0-4,0-4 years,,,,,,,,CH10,PrematurityPrematurity,,12.6,12.57215,,,,,
6091,MORT_100,Number of deaths,https://www.who.int/data/gho/indicator-metadata-registry/imr-details/3365,,,,PUBLISHED,Published,,2009.0,2009,,AFR,2009,2009,Africa,,NGA,Nigeria,,MONTHS1-59,1-59 months,,,,,,,,CH12,Sepsis and other infectious conditions of the newbornSepsis and other infectious conditions of the newborn,,0,0.00000,,,,,
6092,MORT_200,Deaths per 1 000 live births,https://www.who.int/data/gho/indicator-metadata-registry/imr-details/3366,,,,PUBLISHED,Published,,2009.0,2009,,AFR,2009,2009,Africa,,NGA,Nigeria,,MONTHS1-59,1-59 months,,,,,,,,CH12,Sepsis and other infectious conditions of the newbornSepsis and other infectious conditions of the newborn,,0,0.00000,,,,,
6093,MORT_300,Distribution of causes of death among children aged < 5 years (%),https://www.who.int/data/gho/indicator-metadata-registry/imr-details/89,,,,PUBLISHED,Published,,2009.0,2009,,AFR,2009,2009,Africa,,NGA,Nigeria,,MONTHS1-59,1-59 months,,,,,,,,CH12,Sepsis and other infectious conditions of the newbornSepsis and other infectious conditions of the newborn,,0,0.00000,,,,,
6094,MORT_100,Number of deaths,https://www.who.int/data/gho/indicator-metadata-registry/imr-details/3365,,,,PUBLISHED,Published,,2009.0,2009,,AFR,2009,2009,Africa,,NGA,Nigeria,,YEARS0-4,0-4 years,,,,,,,,CH12,Sepsis and other infectious conditions of the newbornSepsis and other infectious conditions of the newborn,,34017,34017.46000,,,,,
6095,MORT_200,Deaths per 1 000 live births,https://www.who.int/data/gho/indicator-metadata-registry/imr-details/3366,,,,PUBLISHED,Published,,2009.0,2009,,AFR,2009,2009,Africa,,NGA,Nigeria,,DAYS0-27,0-27 days,,,,,,,,CH15,Congenital anomaliesCongenital anomalies,,2.2,2.17993,,,,,
6096,MORT_300,Distribution of causes of death among children aged < 5 years (%),https://www.who.int/data/gho/indicator-metadata-registry/imr-details/89,,,,PUBLISHED,Published,,2009.0,2009,,AFR,2009,2009,Africa,,NGA,Nigeria,,DAYS0-27,0-27 days,,,,,,,,CH15,Congenital anomaliesCongenital anomalies,,0.1,0.05623,,,,,
6097,MORT_100,Number of deaths,https://www.who.int/data/gho/indicator-metadata-registry/imr-details/3365,,,,PUBLISHED,Published,,2009.0,2009,,AFR,2009,2009,Africa,,NGA,Nigeria,,MONTHS1-59,1-59 months,,,,,,,,CH15,Congenital anomaliesCongenital anomalies,,16624,16623.70000,,,,,
6098,MORT_200,Deaths per 1 000 live births,https://www.who.int/data/gho/indicator-metadata-registry/imr-details/3366,,,,PUBLISHED,Published,,2009.0,2009,,AFR,2009,2009,Africa,,NGA,Nigeria,,MONTHS1-59,1-59 months,,,,,,,,CH15,Congenital anomaliesCongenital anomalies,,2.6,2.58020,,,,,
6099,MORT_300,Distribution of causes of death among children aged < 5 years (%),https://www.who.int/data/gho/indicator-metadata-registry/imr-details/89,,,,PUBLISHED,Published,,2009.0,2009,,AFR,2009,2009,Africa,,NGA,Nigeria,,MONTHS1-59,1-59 months,,,,,,,,CH15,Congenital anomaliesCongenital anomalies,,0,0.02941,,,,,
6100,MORT_100,Number of deaths,https://www.who.int/data/gho/indicator-metadata-registry/imr-details/3365,,,,PUBLISHED,Published,,2009.0,2009,,AFR,2009,2009,Africa,,NGA,Nigeria,,DAYS0-27,0-27 days,,,,,,,,CH17,InjuriesInjuries,,3110,3109.82800,,,,,
6101,MORT_200,Deaths per 1 000 live births,https://www.who.int/data/gho/indicator-metadata-registry/imr-details/3366,,,,PUBLISHED,Published,,2009.0,2009,,AFR,2009,2009,Africa,,NGA,Nigeria,,DAYS0-27,0-27 days,,,,,,,,CH17,InjuriesInjuries,,0.5,0.48268,,,,,
6102,MORT_300,Distribution of causes of death among children aged < 5 years (%),https://www.who.int/data/gho/indicator-metadata-registry/imr-details/89,,,,PUBLISHED,Published,,2009.0,2009,,AFR,2009,2009,Africa,,NGA,Nigeria,,DAYS0-27,0-27 days,,,,,,,,CH17,InjuriesInjuries,,0,0.01245,,,,,
6103,MORT_100,Number of deaths,https://www.who.int/data/gho/indicator-metadata-registry/imr-details/3365,,,,PUBLISHED,Published,,2009.0,2009,,AFR,2009,2009,Africa,,NGA,Nigeria,,MONTHS1-59,1-59 months,,,,,,,,CH17,InjuriesInjuries,,29861,29861.27000,,,,,
6104,MORT_300,Distribution of causes of death among children aged < 5 years (%),https://www.who.int/data/gho/indicator-metadata-registry/imr-details/89,,,,PUBLISHED,Published,,2010.0,2010,,AFR,2010,2010,Africa,,NGA,Nigeria,,YEARS0-4,0-4 years,,,,,,,,CH2,HIV/AIDSHIV/AIDS,,0,0.02715,,,,,
6105,MORT_100,Number of deaths,https://www.who.int/data/gho/indicator-metadata-registry/imr-details/3365,,,,PUBLISHED,Published,,2010.0,2010,,AFR,2010,2010,Africa,,NGA,Nigeria,,DAYS0-27,0-27 days,,,,,,,,CH3,Diarrhoeal diseasesDiarrhoeal diseases,,2107,2107.42200,,,,,
6106,MORT_200,Deaths per 1 000 live births,https://www.who.int/data/gho/indicator-metadata-registry/imr-details/3366,,,,PUBLISHED,Published,,2010.0,2010,,AFR,2010,2010,Africa,,NGA,Nigeria,,DAYS0-27,0-27 days,,,,,,,,CH3,Diarrhoeal diseasesDiarrhoeal diseases,,0.3,0.32067,,,,,
6107,MORT_300,Distribution of causes of death among children aged < 5 years (%),https://www.who.int/data/gho/indicator-metadata-registry/imr-details/89,,,,PUBLISHED,Published,,2010.0,2010,,AFR,2010,2010,Africa,,NGA,Nigeria,,DAYS0-27,0-27 days,,,,,,,,CH3,Diarrhoeal diseasesDiarrhoeal diseases,,0,0.00845,,,,,
6108,MORT_200,Deaths per 1 000 live births,https://www.who.int/data/gho/indicator-metadata-registry/imr-details/3366,,,,PUBLISHED,Published,,2010.0,2010,,AFR,2010,2010,Africa,,NGA,Nigeria,,YEARS0-4,0-4 years,,,,,,,,CH5,TetanusTetanus,,1.3,1.29474,,,,,
6109,MORT_300,Distribution of causes of death among children aged < 5 years (%),https://www.who.int/data/gho/indicator-metadata-registry/imr-details/89,,,,PUBLISHED,Published,,2010.0,2010,,AFR,2010,2010,Africa,,NGA,Nigeria,,YEARS0-4,0-4 years,,,,,,,,CH5,TetanusTetanus,,0,0.01049,,,,,
6110,MORT_100,Number of deaths,https://www.who.int/data/gho/indicator-metadata-registry/imr-details/3365,,,,PUBLISHED,Published,,2010.0,2010,,AFR,2010,2010,Africa,,NGA,Nigeria,,DAYS0-27,0-27 days,,,,,,,,CH6,MeaslesMeasles,,0,0.00000,,,,,
6111,MORT_200,Deaths per 1 000 live births,https://www.who.int/data/gho/indicator-metadata-registry/imr-details/3366,,,,PUBLISHED,Published,,2010.0,2010,,AFR,2010,2010,Africa,,NGA,Nigeria,,DAYS0-27,0-27 days,,,,,,,,CH6,MeaslesMeasles,,0,0.00000,,,,,
6112,MORT_300,Distribution of causes of death among children aged < 5 years (%),https://www.who.int/data/gho/indicator-metadata-registry/imr-details/89,,,,PUBLISHED,Published,,2010.0,2010,,AFR,2010,2010,Africa,,NGA,Nigeria,,MONTHS1-59,1-59 months,,,,,,,,CH7,Meningitis/encephalitisMeningitis/encephalitis,,0,0.03373,,,,,
6113,MORT_100,Number of deaths,https://www.who.int/data/gho/indicator-metadata-registry/imr-details/3365,,,,PUBLISHED,Published,,2010.0,2010,,AFR,2010,2010,Africa,,NGA,Nigeria,,YEARS0-4,0-4 years,,,,,,,,CH7,Meningitis/encephalitisMeningitis/encephalitis,,22707,22706.54000,,,,,
6114,MORT_200,Deaths per 1 000 live births,https://www.who.int/data/gho/indicator-metadata-registry/imr-details/3366,,,,PUBLISHED,Published,,2010.0,2010,,AFR,2010,2010,Africa,,NGA,Nigeria,,YEARS0-4,0-4 years,,,,,,,,CH7,Meningitis/encephalitisMeningitis/encephalitis,,3.5,3.45506,,,,,
6115,MORT_300,Distribution of causes of death among children aged < 5 years (%),https://www.who.int/data/gho/indicator-metadata-registry/imr-details/89,,,,PUBLISHED,Published,,2010.0,2010,,AFR,2010,2010,Africa,,NGA,Nigeria,,YEARS0-4,0-4 years,,,,,,,,CH7,Meningitis/encephalitisMeningitis/encephalitis,,0,0.02800,,,,,
6116,MORT_200,Deaths per 1 000 live births,https://www.who.int/data/gho/indicator-metadata-registry/imr-details/3366,,,,PUBLISHED,Published,,2010.0,2010,,AFR,2010,2010,Africa,,NGA,Nigeria,,MONTHS1-59,1-59 months,,,,,,,,CH9,Acute lower respiratory infectionsAcute lower respiratory infections,,20.6,20.60327,,,,,
6117,MORT_300,Distribution of causes of death among children aged < 5 years (%),https://www.who.int/data/gho/indicator-metadata-registry/imr-details/89,,,,PUBLISHED,Published,,2010.0,2010,,AFR,2010,2010,Africa,,NGA,Nigeria,,MONTHS1-59,1-59 months,,,,,,,,CH9,Acute lower respiratory infectionsAcute lower respiratory infections,,0.2,0.24113,,,,,
6118,MORT_100,Number of deaths,https://www.who.int/data/gho/indicator-metadata-registry/imr-details/3365,,,,PUBLISHED,Published,,2010.0,2010,,AFR,2010,2010,Africa,,NGA,Nigeria,,YEARS0-4,0-4 years,,,,,,,,CH9,Acute lower respiratory infectionsAcute lower respiratory infections,,155006,155006.00000,,,,,
6119,MORT_200,Deaths per 1 000 live births,https://www.who.int/data/gho/indicator-metadata-registry/imr-details/3366,,,,PUBLISHED,Published,,2010.0,2010,,AFR,2010,2010,Africa,,NGA,Nigeria,,YEARS0-4,0-4 years,,,,,,,,CH9,Acute lower respiratory infectionsAcute lower respiratory infections,,23.6,23.58590,,,,,
6120,MORT_100,Number of deaths,https://www.who.int/data/gho/indicator-metadata-registry/imr-details/3365,,,,PUBLISHED,Published,,2010.0,2010,,AFR,2010,2010,Africa,,NGA,Nigeria,,MONTHS1-59,1-59 months,,,,,,,,CH11,Birth asphyxia and birth traumaBirth asphyxia and birth trauma,,10287,10287.05000,,,,,
6121,MORT_200,Deaths per 1 000 live births,https://www.who.int/data/gho/indicator-metadata-registry/imr-details/3366,,,,PUBLISHED,Published,,2010.0,2010,,AFR,2010,2010,Africa,,NGA,Nigeria,,MONTHS1-59,1-59 months,,,,,,,,CH11,Birth asphyxia and birth traumaBirth asphyxia and birth trauma,,1.6,1.56529,,,,,
6122,MORT_300,Distribution of causes of death among children aged < 5 years (%),https://www.who.int/data/gho/indicator-metadata-registry/imr-details/89,,,,PUBLISHED,Published,,2010.0,2010,,AFR,2010,2010,Africa,,NGA,Nigeria,,MONTHS1-59,1-59 months,,,,,,,,CH11,Birth asphyxia and birth traumaBirth asphyxia and birth trauma,,0,0.01832,,,,,
6123,MORT_100,Number of deaths,https://www.who.int/data/gho/indicator-metadata-registry/imr-details/3365,,,,PUBLISHED,Published,,2010.0,2010,,AFR,2010,2010,Africa,,NGA,Nigeria,,YEARS0-4,0-4 years,,,,,,,,CH11,Birth asphyxia and birth traumaBirth asphyxia and birth trauma,,91184,91184.35000,,,,,
6124,MORT_200,Deaths per 1 000 live births,https://www.who.int/data/gho/indicator-metadata-registry/imr-details/3366,,,,PUBLISHED,Published,,2010.0,2010,,AFR,2010,2010,Africa,,NGA,Nigeria,,DAYS0-27,0-27 days,,,,,,,,CH13,"Other communicable, perinatal and nutritional conditionsOther communicable, perinatal and nutritional conditions",,1.5,1.49288,,,,,
6125,MORT_300,Distribution of causes of death among children aged < 5 years (%),https://www.who.int/data/gho/indicator-metadata-registry/imr-details/89,,,,PUBLISHED,Published,,2010.0,2010,,AFR,2010,2010,Africa,,NGA,Nigeria,,DAYS0-27,0-27 days,,,,,,,,CH13,"Other communicable, perinatal and nutritional conditionsOther communicable, perinatal and nutritional conditions",,0,0.03936,,,,,
6126,MORT_100,Number of deaths,https://www.who.int/data/gho/indicator-metadata-registry/imr-details/3365,,,,PUBLISHED,Published,,2010.0,2010,,AFR,2010,2010,Africa,,NGA,Nigeria,,MONTHS1-59,1-59 months,,,,,,,,CH13,"Other communicable, perinatal and nutritional conditionsOther communicable, perinatal and nutritional conditions",,60094,60094.15000,,,,,
6127,MORT_200,Deaths per 1 000 live births,https://www.who.int/data/gho/indicator-metadata-registry/imr-details/3366,,,,PUBLISHED,Published,,2010.0,2010,,AFR,2010,2010,Africa,,NGA,Nigeria,,MONTHS1-59,1-59 months,,,,,,,,CH13,"Other communicable, perinatal and nutritional conditionsOther communicable, perinatal and nutritional conditions",,9.1,9.14400,,,,,
6128,MORT_300,Distribution of causes of death among children aged < 5 years (%),https://www.who.int/data/gho/indicator-metadata-registry/imr-details/89,,,,PUBLISHED,Published,,2010.0,2010,,AFR,2010,2010,Africa,,NGA,Nigeria,,MONTHS1-59,1-59 months,,,,,,,,CH13,"Other communicable, perinatal and nutritional conditionsOther communicable, perinatal and nutritional conditions",,0.1,0.10702,,,,,
6129,MORT_100,Number of deaths,https://www.who.int/data/gho/indicator-metadata-registry/imr-details/3365,,,,PUBLISHED,Published,,2010.0,2010,,AFR,2010,2010,Africa,,NGA,Nigeria,,DAYS0-27,0-27 days,,,,,,,,CH16,Other noncommunicable diseasesOther noncommunicable diseases,,320,320.22360,,,,,
6130,MORT_200,Deaths per 1 000 live births,https://www.who.int/data/gho/indicator-metadata-registry/imr-details/3366,,,,PUBLISHED,Published,,2010.0,2010,,AFR,2010,2010,Africa,,NGA,Nigeria,,DAYS0-27,0-27 days,,,,,,,,CH16,Other noncommunicable diseasesOther noncommunicable diseases,,0,0.04873,,,,,
6131,MORT_300,Distribution of causes of death among children aged < 5 years (%),https://www.who.int/data/gho/indicator-metadata-registry/imr-details/89,,,,PUBLISHED,Published,,2010.0,2010,,AFR,2010,2010,Africa,,NGA,Nigeria,,DAYS0-27,0-27 days,,,,,,,,CH16,Other noncommunicable diseasesOther noncommunicable diseases,,0,0.00128,,,,,
6132,MORT_100,Number of deaths,https://www.who.int/data/gho/indicator-metadata-registry/imr-details/3365,,,,PUBLISHED,Published,,2010.0,2010,,AFR,2010,2010,Africa,,NGA,Nigeria,,MONTHS1-59,1-59 months,,,,,,,,CH16,Other noncommunicable diseasesOther noncommunicable diseases,,20470,20470.08000,,,,,
6133,MORT_300,Distribution of causes of death among children aged < 5 years (%),https://www.who.int/data/gho/indicator-metadata-registry/imr-details/89,,,,PUBLISHED,Published,,2010.0,2010,,AFR,2010,2010,Africa,,NGA,Nigeria,,YEARS0-4,0-4 years,,,,,,,,CH17,InjuriesInjuries,,0,0.04267,,,,,
6134,MORT_100,Number of deaths,https://www.who.int/data/gho/indicator-metadata-registry/imr-details/3365,,,,PUBLISHED,Published,,2011.0,2011,,AFR,2011,2011,Africa,,NGA,Nigeria,,DAYS0-27,0-27 days,,,,,,,,CH2,HIV/AIDSHIV/AIDS,,217,217.31000,,,,,
6135,MORT_200,Deaths per 1 000 live births,https://www.who.int/data/gho/indicator-metadata-registry/imr-details/3366,,,,PUBLISHED,Published,,2011.0,2011,,AFR,2011,2011,Africa,,NGA,Nigeria,,DAYS0-27,0-27 days,,,,,,,,CH2,HIV/AIDSHIV/AIDS,,0,0.03245,,,,,
6136,MORT_300,Distribution of causes of death among children aged < 5 years (%),https://www.who.int/data/gho/indicator-metadata-registry/imr-details/89,,,,PUBLISHED,Published,,2011.0,2011,,AFR,2011,2011,Africa,,NGA,Nigeria,,DAYS0-27,0-27 days,,,,,,,,CH2,HIV/AIDSHIV/AIDS,,0,0.00087,,,,,
6137,MORT_200,Deaths per 1 000 live births,https://www.who.int/data/gho/indicator-metadata-registry/imr-details/3366,,,,PUBLISHED,Published,,2011.0,2011,,AFR,2011,2011,Africa,,NGA,Nigeria,,YEARS0-4,0-4 years,,,,,,,,CH3,Diarrhoeal diseasesDiarrhoeal diseases,,13.2,13.16239,,,,,
6138,MORT_300,Distribution of causes of death among children aged < 5 years (%),https://www.who.int/data/gho/indicator-metadata-registry/imr-details/89,,,,PUBLISHED,Published,,2011.0,2011,,AFR,2011,2011,Africa,,NGA,Nigeria,,YEARS0-4,0-4 years,,,,,,,,CH3,Diarrhoeal diseasesDiarrhoeal diseases,,0.1,0.10946,,,,,
6139,MORT_100,Number of deaths,https://www.who.int/data/gho/indicator-metadata-registry/imr-details/3365,,,,PUBLISHED,Published,,2011.0,2011,,AFR,2011,2011,Africa,,NGA,Nigeria,,DAYS0-27,0-27 days,,,,,,,,CH5,TetanusTetanus,,8292,8291.54900,,,,,
6140,MORT_200,Deaths per 1 000 live births,https://www.who.int/data/gho/indicator-metadata-registry/imr-details/3366,,,,PUBLISHED,Published,,2011.0,2011,,AFR,2011,2011,Africa,,NGA,Nigeria,,DAYS0-27,0-27 days,,,,,,,,CH5,TetanusTetanus,,1.2,1.23806,,,,,
6141,MORT_300,Distribution of causes of death among children aged < 5 years (%),https://www.who.int/data/gho/indicator-metadata-registry/imr-details/89,,,,PUBLISHED,Published,,2011.0,2011,,AFR,2011,2011,Africa,,NGA,Nigeria,,MONTHS1-59,1-59 months,,,,,,,,CH6,MeaslesMeasles,,0,0.03147,,,,,
6142,MORT_100,Number of deaths,https://www.who.int/data/gho/indicator-metadata-registry/imr-details/3365,,,,PUBLISHED,Published,,2011.0,2011,,AFR,2011,2011,Africa,,NGA,Nigeria,,YEARS0-4,0-4 years,,,,,,,,CH6,MeaslesMeasles,,17523,17522.61000,,,,,
6143,MORT_200,Deaths per 1 000 live births,https://www.who.int/data/gho/indicator-metadata-registry/imr-details/3366,,,,PUBLISHED,Published,,2011.0,2011,,AFR,2011,2011,Africa,,NGA,Nigeria,,YEARS0-4,0-4 years,,,,,,,,CH6,MeaslesMeasles,,2.6,2.61641,,,,,
6144,MORT_300,Distribution of causes of death among children aged < 5 years (%),https://www.who.int/data/gho/indicator-metadata-registry/imr-details/89,,,,PUBLISHED,Published,,2011.0,2011,,AFR,2011,2011,Africa,,NGA,Nigeria,,YEARS0-4,0-4 years,,,,,,,,CH6,MeaslesMeasles,,0,0.02176,,,,,
6145,MORT_200,Deaths per 1 000 live births,https://www.who.int/data/gho/indicator-metadata-registry/imr-details/3366,,,,PUBLISHED,Published,,2011.0,2011,,AFR,2011,2011,Africa,,NGA,Nigeria,,MONTHS1-59,1-59 months,,,,,,,,CH8,MalariaMalaria,,18.9,18.94633,,,,,
6146,MORT_300,Distribution of causes of death among children aged < 5 years (%),https://www.who.int/data/gho/indicator-metadata-registry/imr-details/89,,,,PUBLISHED,Published,,2011.0,2011,,AFR,2011,2011,Africa,,NGA,Nigeria,,MONTHS1-59,1-59 months,,,,,,,,CH8,MalariaMalaria,,0.2,0.22789,,,,,
6147,MORT_100,Number of deaths,https://www.who.int/data/gho/indicator-metadata-registry/imr-details/3365,,,,PUBLISHED,Published,,2011.0,2011,,AFR,2011,2011,Africa,,NGA,Nigeria,,YEARS0-4,0-4 years,,,,,,,,CH8,MalariaMalaria,,126888,126887.50000,,,,,
6148,MORT_200,Deaths per 1 000 live births,https://www.who.int/data/gho/indicator-metadata-registry/imr-details/3366,,,,PUBLISHED,Published,,2011.0,2011,,AFR,2011,2011,Africa,,NGA,Nigeria,,YEARS0-4,0-4 years,,,,,,,,CH8,MalariaMalaria,,18.9,18.94633,,,,,
6149,MORT_100,Number of deaths,https://www.who.int/data/gho/indicator-metadata-registry/imr-details/3365,,,,PUBLISHED,Published,,2011.0,2011,,AFR,2011,2011,Africa,,NGA,Nigeria,,MONTHS1-59,1-59 months,,,,,,,,CH10,PrematurityPrematurity,,9142,9142.14000,,,,,
6150,MORT_200,Deaths per 1 000 live births,https://www.who.int/data/gho/indicator-metadata-registry/imr-details/3366,,,,PUBLISHED,Published,,2011.0,2011,,AFR,2011,2011,Africa,,NGA,Nigeria,,MONTHS1-59,1-59 months,,,,,,,,CH10,PrematurityPrematurity,,1.4,1.36507,,,,,
6151,MORT_300,Distribution of causes of death among children aged < 5 years (%),https://www.who.int/data/gho/indicator-metadata-registry/imr-details/89,,,,PUBLISHED,Published,,2011.0,2011,,AFR,2011,2011,Africa,,NGA,Nigeria,,MONTHS1-59,1-59 months,,,,,,,,CH10,PrematurityPrematurity,,0,0.01642,,,,,
6152,MORT_100,Number of deaths,https://www.who.int/data/gho/indicator-metadata-registry/imr-details/3365,,,,PUBLISHED,Published,,2011.0,2011,,AFR,2011,2011,Africa,,NGA,Nigeria,,YEARS0-4,0-4 years,,,,,,,,CH10,PrematurityPrematurity,,83300,83300.26000,,,,,
6153,MORT_200,Deaths per 1 000 live births,https://www.who.int/data/gho/indicator-metadata-registry/imr-details/3366,,,,PUBLISHED,Published,,2011.0,2011,,AFR,2011,2011,Africa,,NGA,Nigeria,,DAYS0-27,0-27 days,,,,,,,,CH12,Sepsis and other infectious conditions of the newbornSepsis and other infectious conditions of the newborn,,4.8,4.83095,,,,,
6154,MORT_300,Distribution of causes of death among children aged < 5 years (%),https://www.who.int/data/gho/indicator-metadata-registry/imr-details/89,,,,PUBLISHED,Published,,2011.0,2011,,AFR,2011,2011,Africa,,NGA,Nigeria,,DAYS0-27,0-27 days,,,,,,,,CH12,Sepsis and other infectious conditions of the newbornSepsis and other infectious conditions of the newborn,,0.1,0.13019,,,,,
6155,MORT_100,Number of deaths,https://www.who.int/data/gho/indicator-metadata-registry/imr-details/3365,,,,PUBLISHED,Published,,2011.0,2011,,AFR,2011,2011,Africa,,NGA,Nigeria,,MONTHS1-59,1-59 months,,,,,,,,CH12,Sepsis and other infectious conditions of the newbornSepsis and other infectious conditions of the newborn,,0,0.00000,,,,,
6156,MORT_200,Deaths per 1 000 live births,https://www.who.int/data/gho/indicator-metadata-registry/imr-details/3366,,,,PUBLISHED,Published,,2011.0,2011,,AFR,2011,2011,Africa,,NGA,Nigeria,,MONTHS1-59,1-59 months,,,,,,,,CH12,Sepsis and other infectious conditions of the newbornSepsis and other infectious conditions of the newborn,,0,0.00000,,,,,
6157,MORT_300,Distribution of causes of death among children aged < 5 years (%),https://www.who.int/data/gho/indicator-metadata-registry/imr-details/89,,,,PUBLISHED,Published,,2011.0,2011,,AFR,2011,2011,Africa,,NGA,Nigeria,,MONTHS1-59,1-59 months,,,,,,,,CH12,Sepsis and other infectious conditions of the newbornSepsis and other infectious conditions of the newborn,,0,0.00000,,,,,
6158,MORT_100,Number of deaths,https://www.who.int/data/gho/indicator-metadata-registry/imr-details/3365,,,,PUBLISHED,Published,,2011.0,2011,,AFR,2011,2011,Africa,,NGA,Nigeria,,DAYS0-27,0-27 days,,,,,,,,CH15,Congenital anomaliesCongenital anomalies,,14470,14470.41000,,,,,
6159,MORT_200,Deaths per 1 000 live births,https://www.who.int/data/gho/indicator-metadata-registry/imr-details/3366,,,,PUBLISHED,Published,,2011.0,2011,,AFR,2011,2011,Africa,,NGA,Nigeria,,DAYS0-27,0-27 days,,,,,,,,CH15,Congenital anomaliesCongenital anomalies,,2.2,2.16066,,,,,
6160,MORT_300,Distribution of causes of death among children aged < 5 years (%),https://www.who.int/data/gho/indicator-metadata-registry/imr-details/89,,,,PUBLISHED,Published,,2011.0,2011,,AFR,2011,2011,Africa,,NGA,Nigeria,,DAYS0-27,0-27 days,,,,,,,,CH15,Congenital anomaliesCongenital anomalies,,0.1,0.05823,,,,,
6161,MORT_100,Number of deaths,https://www.who.int/data/gho/indicator-metadata-registry/imr-details/3365,,,,PUBLISHED,Published,,2011.0,2011,,AFR,2011,2011,Africa,,NGA,Nigeria,,MONTHS1-59,1-59 months,,,,,,,,CH15,Congenital anomaliesCongenital anomalies,,17878,17878.20000,,,,,
6162,MORT_300,Distribution of causes of death among children aged < 5 years (%),https://www.who.int/data/gho/indicator-metadata-registry/imr-details/89,,,,PUBLISHED,Published,,2011.0,2011,,AFR,2011,2011,Africa,,NGA,Nigeria,,YEARS0-4,0-4 years,,,,,,,,CH16,Other noncommunicable diseasesOther noncommunicable diseases,,0,0.02612,,,,,
6163,MORT_100,Number of deaths,https://www.who.int/data/gho/indicator-metadata-registry/imr-details/3365,,,,PUBLISHED,Published,,2011.0,2011,,AFR,2011,2011,Africa,,NGA,Nigeria,,DAYS0-27,0-27 days,,,,,,,,CH17,InjuriesInjuries,,3259,3259.10000,,,,,
6164,MORT_200,Deaths per 1 000 live births,https://www.who.int/data/gho/indicator-metadata-registry/imr-details/3366,,,,PUBLISHED,Published,,2011.0,2011,,AFR,2011,2011,Africa,,NGA,Nigeria,,DAYS0-27,0-27 days,,,,,,,,CH17,InjuriesInjuries,,0.5,0.48664,,,,,
6165,MORT_300,Distribution of causes of death among children aged < 5 years (%),https://www.who.int/data/gho/indicator-metadata-registry/imr-details/89,,,,PUBLISHED,Published,,2011.0,2011,,AFR,2011,2011,Africa,,NGA,Nigeria,,DAYS0-27,0-27 days,,,,,,,,CH17,InjuriesInjuries,,0,0.01311,,,,,
6166,MORT_200,Deaths per 1 000 live births,https://www.who.int/data/gho/indicator-metadata-registry/imr-details/3366,,,,PUBLISHED,Published,,2012.0,2012,,AFR,2012,2012,Africa,,NGA,Nigeria,,YEARS0-4,0-4 years,,,,,,,,CH2,HIV/AIDSHIV/AIDS,,3,3.02731,,,,,
6167,MORT_300,Distribution of causes of death among children aged < 5 years (%),https://www.who.int/data/gho/indicator-metadata-registry/imr-details/89,,,,PUBLISHED,Published,,2012.0,2012,,AFR,2012,2012,Africa,,NGA,Nigeria,,YEARS0-4,0-4 years,,,,,,,,CH2,HIV/AIDSHIV/AIDS,,0,0.02650,,,,,
6168,MORT_100,Number of deaths,https://www.who.int/data/gho/indicator-metadata-registry/imr-details/3365,,,,PUBLISHED,Published,,2012.0,2012,,AFR,2012,2012,Africa,,NGA,Nigeria,,DAYS0-27,0-27 days,,,,,,,,CH3,Diarrhoeal diseasesDiarrhoeal diseases,,2121,2120.77200,,,,,
6169,MORT_200,Deaths per 1 000 live births,https://www.who.int/data/gho/indicator-metadata-registry/imr-details/3366,,,,PUBLISHED,Published,,2012.0,2012,,AFR,2012,2012,Africa,,NGA,Nigeria,,DAYS0-27,0-27 days,,,,,,,,CH3,Diarrhoeal diseasesDiarrhoeal diseases,,0.3,0.31110,,,,,
6170,MORT_300,Distribution of causes of death among children aged < 5 years (%),https://www.who.int/data/gho/indicator-metadata-registry/imr-details/89,,,,PUBLISHED,Published,,2012.0,2012,,AFR,2012,2012,Africa,,NGA,Nigeria,,MONTHS1-59,1-59 months,,,,,,,,CH5,TetanusTetanus,,0,0.00012,,,,,
6171,MORT_100,Number of deaths,https://www.who.int/data/gho/indicator-metadata-registry/imr-details/3365,,,,PUBLISHED,Published,,2012.0,2012,,AFR,2012,2012,Africa,,NGA,Nigeria,,YEARS0-4,0-4 years,,,,,,,,CH5,TetanusTetanus,,8169,8169.43300,,,,,
6172,MORT_200,Deaths per 1 000 live births,https://www.who.int/data/gho/indicator-metadata-registry/imr-details/3366,,,,PUBLISHED,Published,,2012.0,2012,,AFR,2012,2012,Africa,,NGA,Nigeria,,YEARS0-4,0-4 years,,,,,,,,CH5,TetanusTetanus,,1.2,1.19840,,,,,
6173,MORT_300,Distribution of causes of death among children aged < 5 years (%),https://www.who.int/data/gho/indicator-metadata-registry/imr-details/89,,,,PUBLISHED,Published,,2012.0,2012,,AFR,2012,2012,Africa,,NGA,Nigeria,,YEARS0-4,0-4 years,,,,,,,,CH5,TetanusTetanus,,0,0.01049,,,,,
6174,MORT_200,Deaths per 1 000 live births,https://www.who.int/data/gho/indicator-metadata-registry/imr-details/3366,,,,PUBLISHED,Published,,2012.0,2012,,AFR,2012,2012,Africa,,NGA,Nigeria,,MONTHS1-59,1-59 months,,,,,,,,CH7,Meningitis/encephalitisMeningitis/encephalitis,,4,4.00362,,,,,
6175,MORT_300,Distribution of causes of death among children aged < 5 years (%),https://www.who.int/data/gho/indicator-metadata-registry/imr-details/89,,,,PUBLISHED,Published,,2012.0,2012,,AFR,2012,2012,Africa,,NGA,Nigeria,,MONTHS1-59,1-59 months,,,,,,,,CH7,Meningitis/encephalitisMeningitis/encephalitis,,0.1,0.05142,,,,,
6176,MORT_100,Number of deaths,https://www.who.int/data/gho/indicator-metadata-registry/imr-details/3365,,,,PUBLISHED,Published,,2012.0,2012,,AFR,2012,2012,Africa,,NGA,Nigeria,,YEARS0-4,0-4 years,,,,,,,,CH7,Meningitis/encephalitisMeningitis/encephalitis,,30688,30688.38000,,,,,
6177,MORT_200,Deaths per 1 000 live births,https://www.who.int/data/gho/indicator-metadata-registry/imr-details/3366,,,,PUBLISHED,Published,,2012.0,2012,,AFR,2012,2012,Africa,,NGA,Nigeria,,YEARS0-4,0-4 years,,,,,,,,CH7,Meningitis/encephalitisMeningitis/encephalitis,,4.5,4.50177,,,,,
6178,MORT_100,Number of deaths,https://www.who.int/data/gho/indicator-metadata-registry/imr-details/3365,,,,PUBLISHED,Published,,2012.0,2012,,AFR,2012,2012,Africa,,NGA,Nigeria,,MONTHS1-59,1-59 months,,,,,,,,CH9,Acute lower respiratory infectionsAcute lower respiratory infections,,130352,130352.00000,,,,,
6179,MORT_200,Deaths per 1 000 live births,https://www.who.int/data/gho/indicator-metadata-registry/imr-details/3366,,,,PUBLISHED,Published,,2012.0,2012,,AFR,2012,2012,Africa,,NGA,Nigeria,,MONTHS1-59,1-59 months,,,,,,,,CH9,Acute lower respiratory infectionsAcute lower respiratory infections,,19.1,19.12174,,,,,
6180,MORT_300,Distribution of causes of death among children aged < 5 years (%),https://www.who.int/data/gho/indicator-metadata-registry/imr-details/89,,,,PUBLISHED,Published,,2012.0,2012,,AFR,2012,2012,Africa,,NGA,Nigeria,,MONTHS1-59,1-59 months,,,,,,,,CH9,Acute lower respiratory infectionsAcute lower respiratory infections,,0.2,0.24560,,,,,
6181,MORT_100,Number of deaths,https://www.who.int/data/gho/indicator-metadata-registry/imr-details/3365,,,,PUBLISHED,Published,,2012.0,2012,,AFR,2012,2012,Africa,,NGA,Nigeria,,YEARS0-4,0-4 years,,,,,,,,CH9,Acute lower respiratory infectionsAcute lower respiratory infections,,149867,149867.00000,,,,,
6182,MORT_200,Deaths per 1 000 live births,https://www.who.int/data/gho/indicator-metadata-registry/imr-details/3366,,,,PUBLISHED,Published,,2012.0,2012,,AFR,2012,2012,Africa,,NGA,Nigeria,,DAYS0-27,0-27 days,,,,,,,,CH11,Birth asphyxia and birth traumaBirth asphyxia and birth trauma,,11.7,11.72810,,,,,
6183,MORT_300,Distribution of causes of death among children aged < 5 years (%),https://www.who.int/data/gho/indicator-metadata-registry/imr-details/89,,,,PUBLISHED,Published,,2012.0,2012,,AFR,2012,2012,Africa,,NGA,Nigeria,,DAYS0-27,0-27 days,,,,,,,,CH11,Birth asphyxia and birth traumaBirth asphyxia and birth trauma,,0.3,0.32242,,,,,
6184,MORT_100,Number of deaths,https://www.who.int/data/gho/indicator-metadata-registry/imr-details/3365,,,,PUBLISHED,Published,,2012.0,2012,,AFR,2012,2012,Africa,,NGA,Nigeria,,MONTHS1-59,1-59 months,,,,,,,,CH11,Birth asphyxia and birth traumaBirth asphyxia and birth trauma,,10442,10442.22000,,,,,
6185,MORT_200,Deaths per 1 000 live births,https://www.who.int/data/gho/indicator-metadata-registry/imr-details/3366,,,,PUBLISHED,Published,,2012.0,2012,,AFR,2012,2012,Africa,,NGA,Nigeria,,MONTHS1-59,1-59 months,,,,,,,,CH11,Birth asphyxia and birth traumaBirth asphyxia and birth trauma,,1.5,1.53180,,,,,
6186,MORT_300,Distribution of causes of death among children aged < 5 years (%),https://www.who.int/data/gho/indicator-metadata-registry/imr-details/89,,,,PUBLISHED,Published,,2012.0,2012,,AFR,2012,2012,Africa,,NGA,Nigeria,,MONTHS1-59,1-59 months,,,,,,,,CH11,Birth asphyxia and birth traumaBirth asphyxia and birth trauma,,0,0.01967,,,,,
6187,MORT_100,Number of deaths,https://www.who.int/data/gho/indicator-metadata-registry/imr-details/3365,,,,PUBLISHED,Published,,2012.0,2012,,AFR,2012,2012,Africa,,NGA,Nigeria,,DAYS0-27,0-27 days,,,,,,,,CH13,"Other communicable, perinatal and nutritional conditionsOther communicable, perinatal and nutritional conditions",,9720,9719.76700,,,,,
6188,MORT_200,Deaths per 1 000 live births,https://www.who.int/data/gho/indicator-metadata-registry/imr-details/3366,,,,PUBLISHED,Published,,2012.0,2012,,AFR,2012,2012,Africa,,NGA,Nigeria,,DAYS0-27,0-27 days,,,,,,,,CH13,"Other communicable, perinatal and nutritional conditionsOther communicable, perinatal and nutritional conditions",,1.4,1.42582,,,,,
6189,MORT_300,Distribution of causes of death among children aged < 5 years (%),https://www.who.int/data/gho/indicator-metadata-registry/imr-details/89,,,,PUBLISHED,Published,,2012.0,2012,,AFR,2012,2012,Africa,,NGA,Nigeria,,DAYS0-27,0-27 days,,,,,,,,CH13,"Other communicable, perinatal and nutritional conditionsOther communicable, perinatal and nutritional conditions",,0,0.03920,,,,,
6190,MORT_100,Number of deaths,https://www.who.int/data/gho/indicator-metadata-registry/imr-details/3365,,,,PUBLISHED,Published,,2012.0,2012,,AFR,2012,2012,Africa,,NGA,Nigeria,,MONTHS1-59,1-59 months,,,,,,,,CH13,"Other communicable, perinatal and nutritional conditionsOther communicable, perinatal and nutritional conditions",,60210,60209.56000,,,,,
6191,MORT_300,Distribution of causes of death among children aged < 5 years (%),https://www.who.int/data/gho/indicator-metadata-registry/imr-details/89,,,,PUBLISHED,Published,,2012.0,2012,,AFR,2012,2012,Africa,,NGA,Nigeria,,YEARS0-4,0-4 years,,,,,,,,CH15,Congenital anomaliesCongenital anomalies,,0,0.04202,,,,,
6192,MORT_100,Number of deaths,https://www.who.int/data/gho/indicator-metadata-registry/imr-details/3365,,,,PUBLISHED,Published,,2012.0,2012,,AFR,2012,2012,Africa,,NGA,Nigeria,,DAYS0-27,0-27 days,,,,,,,,CH16,Other noncommunicable diseasesOther noncommunicable diseases,,349,348.92490,,,,,
6193,MORT_200,Deaths per 1 000 live births,https://www.who.int/data/gho/indicator-metadata-registry/imr-details/3366,,,,PUBLISHED,Published,,2012.0,2012,,AFR,2012,2012,Africa,,NGA,Nigeria,,DAYS0-27,0-27 days,,,,,,,,CH16,Other noncommunicable diseasesOther noncommunicable diseases,,0.1,0.05118,,,,,
6194,MORT_300,Distribution of causes of death among children aged < 5 years (%),https://www.who.int/data/gho/indicator-metadata-registry/imr-details/89,,,,PUBLISHED,Published,,2012.0,2012,,AFR,2012,2012,Africa,,NGA,Nigeria,,DAYS0-27,0-27 days,,,,,,,,CH16,Other noncommunicable diseasesOther noncommunicable diseases,,0,0.00141,,,,,
6195,MORT_200,Deaths per 1 000 live births,https://www.who.int/data/gho/indicator-metadata-registry/imr-details/3366,,,,PUBLISHED,Published,,2012.0,2012,,AFR,2012,2012,Africa,,NGA,Nigeria,,YEARS0-4,0-4 years,,,,,,,,CH17,InjuriesInjuries,,5.3,5.26786,,,,,
6196,MORT_300,Distribution of causes of death among children aged < 5 years (%),https://www.who.int/data/gho/indicator-metadata-registry/imr-details/89,,,,PUBLISHED,Published,,2012.0,2012,,AFR,2012,2012,Africa,,NGA,Nigeria,,YEARS0-4,0-4 years,,,,,,,,CH17,InjuriesInjuries,,0,0.04612,,,,,
6197,MORT_100,Number of deaths,https://www.who.int/data/gho/indicator-metadata-registry/imr-details/3365,,,,PUBLISHED,Published,,2013.0,2013,,AFR,2013,2013,Africa,,NGA,Nigeria,,DAYS0-27,0-27 days,,,,,,,,CH2,HIV/AIDSHIV/AIDS,,182,181.77000,,,,,
6198,MORT_200,Deaths per 1 000 live births,https://www.who.int/data/gho/indicator-metadata-registry/imr-details/3366,,,,PUBLISHED,Published,,2013.0,2013,,AFR,2013,2013,Africa,,NGA,Nigeria,,DAYS0-27,0-27 days,,,,,,,,CH2,HIV/AIDSHIV/AIDS,,0,0.02623,,,,,
6199,MORT_300,Distribution of causes of death among children aged < 5 years (%),https://www.who.int/data/gho/indicator-metadata-registry/imr-details/89,,,,PUBLISHED,Published,,2013.0,2013,,AFR,2013,2013,Africa,,NGA,Nigeria,,MONTHS1-59,1-59 months,,,,,,,,CH3,Diarrhoeal diseasesDiarrhoeal diseases,,0.1,0.14454,,,,,
6200,MORT_100,Number of deaths,https://www.who.int/data/gho/indicator-metadata-registry/imr-details/3365,,,,PUBLISHED,Published,,2013.0,2013,,AFR,2013,2013,Africa,,NGA,Nigeria,,YEARS0-4,0-4 years,,,,,,,,CH3,Diarrhoeal diseasesDiarrhoeal diseases,,82450,82449.76000,,,,,
6201,MORT_200,Deaths per 1 000 live births,https://www.who.int/data/gho/indicator-metadata-registry/imr-details/3366,,,,PUBLISHED,Published,,2013.0,2013,,AFR,2013,2013,Africa,,NGA,Nigeria,,YEARS0-4,0-4 years,,,,,,,,CH3,Diarrhoeal diseasesDiarrhoeal diseases,,11.9,11.89663,,,,,
6202,MORT_300,Distribution of causes of death among children aged < 5 years (%),https://www.who.int/data/gho/indicator-metadata-registry/imr-details/89,,,,PUBLISHED,Published,,2013.0,2013,,AFR,2013,2013,Africa,,NGA,Nigeria,,YEARS0-4,0-4 years,,,,,,,,CH3,Diarrhoeal diseasesDiarrhoeal diseases,,0.1,0.10273,,,,,
6203,MORT_200,Deaths per 1 000 live births,https://www.who.int/data/gho/indicator-metadata-registry/imr-details/3366,,,,PUBLISHED,Published,,2013.0,2013,,AFR,2013,2013,Africa,,NGA,Nigeria,,MONTHS1-59,1-59 months,,,,,,,,CH6,MeaslesMeasles,,5.9,5.92429,,,,,
6204,MORT_300,Distribution of causes of death among children aged < 5 years (%),https://www.who.int/data/gho/indicator-metadata-registry/imr-details/89,,,,PUBLISHED,Published,,2013.0,2013,,AFR,2013,2013,Africa,,NGA,Nigeria,,MONTHS1-59,1-59 months,,,,,,,,CH6,MeaslesMeasles,,0.1,0.07387,,,,,
6205,MORT_100,Number of deaths,https://www.who.int/data/gho/indicator-metadata-registry/imr-details/3365,,,,PUBLISHED,Published,,2013.0,2013,,AFR,2013,2013,Africa,,NGA,Nigeria,,YEARS0-4,0-4 years,,,,,,,,CH6,MeaslesMeasles,,41058,41058.37000,,,,,
6206,MORT_200,Deaths per 1 000 live births,https://www.who.int/data/gho/indicator-metadata-registry/imr-details/3366,,,,PUBLISHED,Published,,2013.0,2013,,AFR,2013,2013,Africa,,NGA,Nigeria,,YEARS0-4,0-4 years,,,,,,,,CH6,MeaslesMeasles,,5.9,5.92429,,,,,
6207,MORT_100,Number of deaths,https://www.who.int/data/gho/indicator-metadata-registry/imr-details/3365,,,,PUBLISHED,Published,,2013.0,2013,,AFR,2013,2013,Africa,,NGA,Nigeria,,MONTHS1-59,1-59 months,,,,,,,,CH8,MalariaMalaria,,106297,106296.50000,,,,,
6208,MORT_200,Deaths per 1 000 live births,https://www.who.int/data/gho/indicator-metadata-registry/imr-details/3366,,,,PUBLISHED,Published,,2013.0,2013,,AFR,2013,2013,Africa,,NGA,Nigeria,,MONTHS1-59,1-59 months,,,,,,,,CH8,MalariaMalaria,,15.3,15.33746,,,,,
6209,MORT_300,Distribution of causes of death among children aged < 5 years (%),https://www.who.int/data/gho/indicator-metadata-registry/imr-details/89,,,,PUBLISHED,Published,,2013.0,2013,,AFR,2013,2013,Africa,,NGA,Nigeria,,MONTHS1-59,1-59 months,,,,,,,,CH8,MalariaMalaria,,0.2,0.19124,,,,,
6210,MORT_300,Distribution of causes of death among children aged < 5 years (%),https://www.who.int/data/gho/indicator-metadata-registry/imr-details/89,,,,PUBLISHED,Published,,2000.0,2000,,AFR,2000,2000,Africa,,NGA,Nigeria,,DAYS0-27,0-27 days,,,,,,,,CH7,Meningitis/encephalitisMeningitis/encephalitis,,0,0.01449,,,,,
6211,MORT_100,Number of deaths,https://www.who.int/data/gho/indicator-metadata-registry/imr-details/3365,,,,PUBLISHED,Published,,2000.0,2000,,AFR,2000,2000,Africa,,NGA,Nigeria,,DAYS0-27,0-27 days,,,,,,,,CH8,MalariaMalaria,,0,0.00000,,,,,
6212,MORT_300,Distribution of causes of death among children aged < 5 years (%),https://www.who.int/data/gho/indicator-metadata-registry/imr-details/89,,,,PUBLISHED,Published,,2000.0,2000,,AFR,2000,2000,Africa,,NGA,Nigeria,,DAYS0-27,0-27 days,,,,,,,,CH8,MalariaMalaria,,0,0.00000,,,,,
6213,MORT_200,Deaths per 1 000 live births,https://www.who.int/data/gho/indicator-metadata-registry/imr-details/3366,,,,PUBLISHED,Published,,2000.0,2000,,AFR,2000,2000,Africa,,NGA,Nigeria,,YEARS0-4,0-4 years,,,,,,,,CH8,MalariaMalaria,,35.7,35.67562,,,,,
6214,MORT_100,Number of deaths,https://www.who.int/data/gho/indicator-metadata-registry/imr-details/3365,,,,PUBLISHED,Published,,2000.0,2000,,AFR,2000,2000,Africa,,NGA,Nigeria,,DAYS0-27,0-27 days,,,,,,,,CH9,Acute lower respiratory infectionsAcute lower respiratory infections,,19631,19630.61000,,,,,
6215,MORT_200,Deaths per 1 000 live births,https://www.who.int/data/gho/indicator-metadata-registry/imr-details/3366,,,,PUBLISHED,Published,,2000.0,2000,,AFR,2000,2000,Africa,,NGA,Nigeria,,YEARS0-4,0-4 years,,,,,,,,CH9,Acute lower respiratory infectionsAcute lower respiratory infections,,28.5,28.46586,,,,,
6216,MORT_100,Number of deaths,https://www.who.int/data/gho/indicator-metadata-registry/imr-details/3365,,,,PUBLISHED,Published,,2000.0,2000,,AFR,2000,2000,Africa,,NGA,Nigeria,,DAYS0-27,0-27 days,,,,,,,,CH10,PrematurityPrematurity,,72391,72390.73000,,,,,
6217,MORT_200,Deaths per 1 000 live births,https://www.who.int/data/gho/indicator-metadata-registry/imr-details/3366,,,,PUBLISHED,Published,,2000.0,2000,,AFR,2000,2000,Africa,,NGA,Nigeria,,YEARS0-4,0-4 years,,,,,,,,CH10,PrematurityPrematurity,,15.3,15.25409,,,,,
6218,MORT_100,Number of deaths,https://www.who.int/data/gho/indicator-metadata-registry/imr-details/3365,,,,PUBLISHED,Published,,2000.0,2000,,AFR,2000,2000,Africa,,NGA,Nigeria,,DAYS0-27,0-27 days,,,,,,,,CH11,Birth asphyxia and birth traumaBirth asphyxia and birth trauma,,82578,82577.86000,,,,,
6219,MORT_300,Distribution of causes of death among children aged < 5 years (%),https://www.who.int/data/gho/indicator-metadata-registry/imr-details/89,,,,PUBLISHED,Published,,2000.0,2000,,AFR,2000,2000,Africa,,NGA,Nigeria,,MONTHS1-59,1-59 months,,,,,,,,CH11,Birth asphyxia and birth traumaBirth asphyxia and birth trauma,,0,0.01202,,,,,
6220,MORT_200,Deaths per 1 000 live births,https://www.who.int/data/gho/indicator-metadata-registry/imr-details/3366,,,,PUBLISHED,Published,,2000.0,2000,,AFR,2000,2000,Africa,,NGA,Nigeria,,YEARS0-4,0-4 years,,,,,,,,CH11,Birth asphyxia and birth traumaBirth asphyxia and birth trauma,,17.4,17.38027,,,,,
6221,MORT_300,Distribution of causes of death among children aged < 5 years (%),https://www.who.int/data/gho/indicator-metadata-registry/imr-details/89,,,,PUBLISHED,Published,,2000.0,2000,,AFR,2000,2000,Africa,,NGA,Nigeria,,MONTHS1-59,1-59 months,,,,,,,,CH12,Sepsis and other infectious conditions of the newbornSepsis and other infectious conditions of the newborn,,0,0.00000,,,,,
6222,MORT_200,Deaths per 1 000 live births,https://www.who.int/data/gho/indicator-metadata-registry/imr-details/3366,,,,PUBLISHED,Published,,2000.0,2000,,AFR,2000,2000,Africa,,NGA,Nigeria,,YEARS0-4,0-4 years,,,,,,,,CH12,Sepsis and other infectious conditions of the newbornSepsis and other infectious conditions of the newborn,,4.9,4.90419,,,,,
6223,MORT_300,Distribution of causes of death among children aged < 5 years (%),https://www.who.int/data/gho/indicator-metadata-registry/imr-details/89,,,,PUBLISHED,Published,,2000.0,2000,,AFR,2000,2000,Africa,,NGA,Nigeria,,MONTHS1-59,1-59 months,,,,,,,,CH13,"Other communicable, perinatal and nutritional conditionsOther communicable, perinatal and nutritional conditions",,0.1,0.07264,,,,,
6224,MORT_200,Deaths per 1 000 live births,https://www.who.int/data/gho/indicator-metadata-registry/imr-details/3366,,,,PUBLISHED,Published,,2000.0,2000,,AFR,2000,2000,Africa,,NGA,Nigeria,,YEARS0-4,0-4 years,,,,,,,,CH13,"Other communicable, perinatal and nutritional conditionsOther communicable, perinatal and nutritional conditions",,12.6,12.56609,,,,,
6225,MORT_100,Number of deaths,https://www.who.int/data/gho/indicator-metadata-registry/imr-details/3365,,,,PUBLISHED,Published,,2000.0,2000,,AFR,2000,2000,Africa,,NGA,Nigeria,,MONTHS1-59,1-59 months,,,,,,,,CH15,Congenital anomaliesCongenital anomalies,,14635,14634.70000,,,,,
6226,MORT_300,Distribution of causes of death among children aged < 5 years (%),https://www.who.int/data/gho/indicator-metadata-registry/imr-details/89,,,,PUBLISHED,Published,,2000.0,2000,,AFR,2000,2000,Africa,,NGA,Nigeria,,MONTHS1-59,1-59 months,,,,,,,,CH15,Congenital anomaliesCongenital anomalies,,0,0.01878,,,,,
6227,MORT_100,Number of deaths,https://www.who.int/data/gho/indicator-metadata-registry/imr-details/3365,,,,PUBLISHED,Published,,2000.0,2000,,AFR,2000,2000,Africa,,NGA,Nigeria,,MONTHS1-59,1-59 months,,,,,,,,CH16,Other noncommunicable diseasesOther noncommunicable diseases,,19176,19176.43000,,,,,
6228,MORT_300,Distribution of causes of death among children aged < 5 years (%),https://www.who.int/data/gho/indicator-metadata-registry/imr-details/89,,,,PUBLISHED,Published,,2000.0,2000,,AFR,2000,2000,Africa,,NGA,Nigeria,,MONTHS1-59,1-59 months,,,,,,,,CH16,Other noncommunicable diseasesOther noncommunicable diseases,,0,0.02461,,,,,
6229,MORT_100,Number of deaths,https://www.who.int/data/gho/indicator-metadata-registry/imr-details/3365,,,,PUBLISHED,Published,,2000.0,2000,,AFR,2000,2000,Africa,,NGA,Nigeria,,MONTHS1-59,1-59 months,,,,,,,,CH17,InjuriesInjuries,,24617,24617.07000,,,,,
6230,MORT_300,Distribution of causes of death among children aged < 5 years (%),https://www.who.int/data/gho/indicator-metadata-registry/imr-details/89,,,,PUBLISHED,Published,,2000.0,2000,,AFR,2000,2000,Africa,,NGA,Nigeria,,MONTHS1-59,1-59 months,,,,,,,,CH17,InjuriesInjuries,,0,0.03159,,,,,
6231,MORT_200,Deaths per 1 000 live births,https://www.who.int/data/gho/indicator-metadata-registry/imr-details/3366,,,,PUBLISHED,Published,,2001.0,2001,,AFR,2001,2001,Africa,,NGA,Nigeria,,DAYS0-27,0-27 days,,,,,,,,CH2,HIV/AIDSHIV/AIDS,,0,0.04254,,,,,
6232,MORT_100,Number of deaths,https://www.who.int/data/gho/indicator-metadata-registry/imr-details/3365,,,,PUBLISHED,Published,,2001.0,2001,,AFR,2001,2001,Africa,,NGA,Nigeria,,MONTHS1-59,1-59 months,,,,,,,,CH2,HIV/AIDSHIV/AIDS,,22811,22810.59000,,,,,
6233,MORT_200,Deaths per 1 000 live births,https://www.who.int/data/gho/indicator-metadata-registry/imr-details/3366,,,,PUBLISHED,Published,,2001.0,2001,,AFR,2001,2001,Africa,,NGA,Nigeria,,DAYS0-27,0-27 days,,,,,,,,CH3,Diarrhoeal diseasesDiarrhoeal diseases,,0.5,0.52287,,,,,
6234,MORT_100,Number of deaths,https://www.who.int/data/gho/indicator-metadata-registry/imr-details/3365,,,,PUBLISHED,Published,,2001.0,2001,,AFR,2001,2001,Africa,,NGA,Nigeria,,MONTHS1-59,1-59 months,,,,,,,,CH3,Diarrhoeal diseasesDiarrhoeal diseases,,122938,122937.70000,,,,,
6235,MORT_200,Deaths per 1 000 live births,https://www.who.int/data/gho/indicator-metadata-registry/imr-details/3366,,,,PUBLISHED,Published,,2001.0,2001,,AFR,2001,2001,Africa,,NGA,Nigeria,,DAYS0-27,0-27 days,,,,,,,,CH5,TetanusTetanus,,3.2,3.15450,,,,,
6236,MORT_100,Number of deaths,https://www.who.int/data/gho/indicator-metadata-registry/imr-details/3365,,,,PUBLISHED,Published,,2001.0,2001,,AFR,2001,2001,Africa,,NGA,Nigeria,,MONTHS1-59,1-59 months,,,,,,,,CH5,TetanusTetanus,,118,118.21070,,,,,
6237,MORT_300,Distribution of causes of death among children aged < 5 years (%),https://www.who.int/data/gho/indicator-metadata-registry/imr-details/89,,,,PUBLISHED,Published,,2001.0,2001,,AFR,2001,2001,Africa,,NGA,Nigeria,,YEARS0-4,0-4 years,,,,,,,,CH5,TetanusTetanus,,0,0.01718,,,,,
6238,MORT_200,Deaths per 1 000 live births,https://www.who.int/data/gho/indicator-metadata-registry/imr-details/3366,,,,PUBLISHED,Published,,2001.0,2001,,AFR,2001,2001,Africa,,NGA,Nigeria,,DAYS0-27,0-27 days,,,,,,,,CH6,MeaslesMeasles,,0,0.00000,,,,,
6239,MORT_100,Number of deaths,https://www.who.int/data/gho/indicator-metadata-registry/imr-details/3365,,,,PUBLISHED,Published,,2001.0,2001,,AFR,2001,2001,Africa,,NGA,Nigeria,,MONTHS1-59,1-59 months,,,,,,,,CH6,MeaslesMeasles,,123020,123019.70000,,,,,
6240,MORT_300,Distribution of causes of death among children aged < 5 years (%),https://www.who.int/data/gho/indicator-metadata-registry/imr-details/89,,,,PUBLISHED,Published,,2001.0,2001,,AFR,2001,2001,Africa,,NGA,Nigeria,,YEARS0-4,0-4 years,,,,,,,,CH6,MeaslesMeasles,,0.1,0.12283,,,,,
6241,MORT_200,Deaths per 1 000 live births,https://www.who.int/data/gho/indicator-metadata-registry/imr-details/3366,,,,PUBLISHED,Published,,2001.0,2001,,AFR,2001,2001,Africa,,NGA,Nigeria,,DAYS0-27,0-27 days,,,,,,,,CH7,Meningitis/encephalitisMeningitis/encephalitis,,0.7,0.67433,,,,,
6242,MORT_300,Distribution of causes of death among children aged < 5 years (%),https://www.who.int/data/gho/indicator-metadata-registry/imr-details/89,,,,PUBLISHED,Published,,2001.0,2001,,AFR,2001,2001,Africa,,NGA,Nigeria,,YEARS0-4,0-4 years,,,,,,,,CH7,Meningitis/encephalitisMeningitis/encephalitis,,0,0.02530,,,,,
6243,MORT_200,Deaths per 1 000 live births,https://www.who.int/data/gho/indicator-metadata-registry/imr-details/3366,,,,PUBLISHED,Published,,2001.0,2001,,AFR,2001,2001,Africa,,NGA,Nigeria,,DAYS0-27,0-27 days,,,,,,,,CH8,MalariaMalaria,,0,0.00000,,,,,
6244,MORT_100,Number of deaths,https://www.who.int/data/gho/indicator-metadata-registry/imr-details/3365,,,,PUBLISHED,Published,,2001.0,2001,,AFR,2001,2001,Africa,,NGA,Nigeria,,YEARS0-4,0-4 years,,,,,,,,CH8,MalariaMalaria,,190897,190896.90000,,,,,
6245,MORT_300,Distribution of causes of death among children aged < 5 years (%),https://www.who.int/data/gho/indicator-metadata-registry/imr-details/89,,,,PUBLISHED,Published,,2001.0,2001,,AFR,2001,2001,Africa,,NGA,Nigeria,,YEARS0-4,0-4 years,,,,,,,,CH8,MalariaMalaria,,0.2,0.19061,,,,,
6246,MORT_200,Deaths per 1 000 live births,https://www.who.int/data/gho/indicator-metadata-registry/imr-details/3366,,,,PUBLISHED,Published,,2001.0,2001,,AFR,2001,2001,Africa,,NGA,Nigeria,,DAYS0-27,0-27 days,,,,,,,,CH9,Acute lower respiratory infectionsAcute lower respiratory infections,,3.7,3.68787,,,,,
6247,MORT_100,Number of deaths,https://www.who.int/data/gho/indicator-metadata-registry/imr-details/3365,,,,PUBLISHED,Published,,2001.0,2001,,AFR,2001,2001,Africa,,NGA,Nigeria,,YEARS0-4,0-4 years,,,,,,,,CH9,Acute lower respiratory infectionsAcute lower respiratory infections,,151437,151437.40000,,,,,
6248,MORT_300,Distribution of causes of death among children aged < 5 years (%),https://www.who.int/data/gho/indicator-metadata-registry/imr-details/89,,,,PUBLISHED,Published,,2001.0,2001,,AFR,2001,2001,Africa,,NGA,Nigeria,,YEARS0-4,0-4 years,,,,,,,,CH9,Acute lower respiratory infectionsAcute lower respiratory infections,,0.2,0.15121,,,,,
6249,MORT_100,Number of deaths,https://www.who.int/data/gho/indicator-metadata-registry/imr-details/3365,,,,PUBLISHED,Published,,2001.0,2001,,AFR,2001,2001,Africa,,NGA,Nigeria,,YEARS0-4,0-4 years,,,,,,,,CH10,PrematurityPrematurity,,79743,79742.84000,,,,,
6250,MORT_300,Distribution of causes of death among children aged < 5 years (%),https://www.who.int/data/gho/indicator-metadata-registry/imr-details/89,,,,PUBLISHED,Published,,2001.0,2001,,AFR,2001,2001,Africa,,NGA,Nigeria,,YEARS0-4,0-4 years,,,,,,,,CH10,PrematurityPrematurity,,0.1,0.07962,,,,,
6251,MORT_200,Deaths per 1 000 live births,https://www.who.int/data/gho/indicator-metadata-registry/imr-details/3366,,,,PUBLISHED,Published,,2001.0,2001,,AFR,2001,2001,Africa,,NGA,Nigeria,,MONTHS1-59,1-59 months,,,,,,,,CH11,Birth asphyxia and birth traumaBirth asphyxia and birth trauma,,1.8,1.75378,,,,,
6252,MORT_100,Number of deaths,https://www.who.int/data/gho/indicator-metadata-registry/imr-details/3365,,,,PUBLISHED,Published,,2001.0,2001,,AFR,2001,2001,Africa,,NGA,Nigeria,,YEARS0-4,0-4 years,,,,,,,,CH11,Birth asphyxia and birth traumaBirth asphyxia and birth trauma,,93292,93292.20000,,,,,
6253,MORT_300,Distribution of causes of death among children aged < 5 years (%),https://www.who.int/data/gho/indicator-metadata-registry/imr-details/89,,,,PUBLISHED,Published,,2001.0,2001,,AFR,2001,2001,Africa,,NGA,Nigeria,,YEARS0-4,0-4 years,,,,,,,,CH11,Birth asphyxia and birth traumaBirth asphyxia and birth trauma,,0.1,0.09315,,,,,
6254,MORT_200,Deaths per 1 000 live births,https://www.who.int/data/gho/indicator-metadata-registry/imr-details/3366,,,,PUBLISHED,Published,,2001.0,2001,,AFR,2001,2001,Africa,,NGA,Nigeria,,MONTHS1-59,1-59 months,,,,,,,,CH12,Sepsis and other infectious conditions of the newbornSepsis and other infectious conditions of the newborn,,0,0.00000,,,,,
6255,MORT_100,Number of deaths,https://www.who.int/data/gho/indicator-metadata-registry/imr-details/3365,,,,PUBLISHED,Published,,2001.0,2001,,AFR,2001,2001,Africa,,NGA,Nigeria,,YEARS0-4,0-4 years,,,,,,,,CH12,Sepsis and other infectious conditions of the newbornSepsis and other infectious conditions of the newborn,,26798,26797.54000,,,,,
6256,MORT_200,Deaths per 1 000 live births,https://www.who.int/data/gho/indicator-metadata-registry/imr-details/3366,,,,PUBLISHED,Published,,2001.0,2001,,AFR,2001,2001,Africa,,NGA,Nigeria,,MONTHS1-59,1-59 months,,,,,,,,CH13,"Other communicable, perinatal and nutritional conditionsOther communicable, perinatal and nutritional conditions",,10.5,10.51454,,,,,
6257,MORT_100,Number of deaths,https://www.who.int/data/gho/indicator-metadata-registry/imr-details/3365,,,,PUBLISHED,Published,,2001.0,2001,,AFR,2001,2001,Africa,,NGA,Nigeria,,YEARS0-4,0-4 years,,,,,,,,CH13,"Other communicable, perinatal and nutritional conditionsOther communicable, perinatal and nutritional conditions",,67205,67205.13000,,,,,
6258,MORT_200,Deaths per 1 000 live births,https://www.who.int/data/gho/indicator-metadata-registry/imr-details/3366,,,,PUBLISHED,Published,,2001.0,2001,,AFR,2001,2001,Africa,,NGA,Nigeria,,MONTHS1-59,1-59 months,,,,,,,,CH15,Congenital anomaliesCongenital anomalies,,2.7,2.73975,,,,,
6259,MORT_100,Number of deaths,https://www.who.int/data/gho/indicator-metadata-registry/imr-details/3365,,,,PUBLISHED,Published,,2001.0,2001,,AFR,2001,2001,Africa,,NGA,Nigeria,,YEARS0-4,0-4 years,,,,,,,,CH15,Congenital anomaliesCongenital anomalies,,29936,29935.77000,,,,,
6260,MORT_300,Distribution of causes of death among children aged < 5 years (%),https://www.who.int/data/gho/indicator-metadata-registry/imr-details/89,,,,PUBLISHED,Published,,2001.0,2001,,AFR,2001,2001,Africa,,NGA,Nigeria,,DAYS0-27,0-27 days,,,,,,,,CH16,Other noncommunicable diseasesOther noncommunicable diseases,,0,0.00102,,,,,
6261,MORT_200,Deaths per 1 000 live births,https://www.who.int/data/gho/indicator-metadata-registry/imr-details/3366,,,,PUBLISHED,Published,,2001.0,2001,,AFR,2001,2001,Africa,,NGA,Nigeria,,MONTHS1-59,1-59 months,,,,,,,,CH16,Other noncommunicable diseasesOther noncommunicable diseases,,3.6,3.56475,,,,,
6262,MORT_300,Distribution of causes of death among children aged < 5 years (%),https://www.who.int/data/gho/indicator-metadata-registry/imr-details/89,,,,PUBLISHED,Published,,2001.0,2001,,AFR,2001,2001,Africa,,NGA,Nigeria,,DAYS0-27,0-27 days,,,,,,,,CH17,InjuriesInjuries,,0,0.01209,,,,,
6263,MORT_200,Deaths per 1 000 live births,https://www.who.int/data/gho/indicator-metadata-registry/imr-details/3366,,,,PUBLISHED,Published,,2001.0,2001,,AFR,2001,2001,Africa,,NGA,Nigeria,,MONTHS1-59,1-59 months,,,,,,,,CH17,InjuriesInjuries,,4.6,4.64949,,,,,
6264,MORT_300,Distribution of causes of death among children aged < 5 years (%),https://www.who.int/data/gho/indicator-metadata-registry/imr-details/89,,,,PUBLISHED,Published,,2002.0,2002,,AFR,2002,2002,Africa,,NGA,Nigeria,,DAYS0-27,0-27 days,,,,,,,,CH2,HIV/AIDSHIV/AIDS,,0,0.00094,,,,,
6265,MORT_200,Deaths per 1 000 live births,https://www.who.int/data/gho/indicator-metadata-registry/imr-details/3366,,,,PUBLISHED,Published,,2002.0,2002,,AFR,2002,2002,Africa,,NGA,Nigeria,,MONTHS1-59,1-59 months,,,,,,,,CH2,HIV/AIDSHIV/AIDS,,4.2,4.24673,,,,,
6266,MORT_100,Number of deaths,https://www.who.int/data/gho/indicator-metadata-registry/imr-details/3365,,,,PUBLISHED,Published,,2002.0,2002,,AFR,2002,2002,Africa,,NGA,Nigeria,,DAYS0-27,0-27 days,,,,,,,,CH3,Diarrhoeal diseasesDiarrhoeal diseases,,2792,2791.81000,,,,,
6267,MORT_300,Distribution of causes of death among children aged < 5 years (%),https://www.who.int/data/gho/indicator-metadata-registry/imr-details/89,,,,PUBLISHED,Published,,2002.0,2002,,AFR,2002,2002,Africa,,NGA,Nigeria,,DAYS0-27,0-27 days,,,,,,,,CH3,Diarrhoeal diseasesDiarrhoeal diseases,,0,0.01098,,,,,
6268,MORT_100,Number of deaths,https://www.who.int/data/gho/indicator-metadata-registry/imr-details/3365,,,,PUBLISHED,Published,,2002.0,2002,,AFR,2002,2002,Africa,,NGA,Nigeria,,DAYS0-27,0-27 days,,,,,,,,CH5,TetanusTetanus,,15766,15766.42000,,,,,
6269,MORT_300,Distribution of causes of death among children aged < 5 years (%),https://www.who.int/data/gho/indicator-metadata-registry/imr-details/89,,,,PUBLISHED,Published,,2002.0,2002,,AFR,2002,2002,Africa,,NGA,Nigeria,,DAYS0-27,0-27 days,,,,,,,,CH5,TetanusTetanus,,0.1,0.06201,,,,,
6270,MORT_100,Number of deaths,https://www.who.int/data/gho/indicator-metadata-registry/imr-details/3365,,,,PUBLISHED,Published,,2002.0,2002,,AFR,2002,2002,Africa,,NGA,Nigeria,,DAYS0-27,0-27 days,,,,,,,,CH6,MeaslesMeasles,,0,0.00000,,,,,
6271,MORT_300,Distribution of causes of death among children aged < 5 years (%),https://www.who.int/data/gho/indicator-metadata-registry/imr-details/89,,,,PUBLISHED,Published,,2002.0,2002,,AFR,2002,2002,Africa,,NGA,Nigeria,,DAYS0-27,0-27 days,,,,,,,,CH6,MeaslesMeasles,,0,0.00000,,,,,
6272,MORT_200,Deaths per 1 000 live births,https://www.who.int/data/gho/indicator-metadata-registry/imr-details/3366,,,,PUBLISHED,Published,,2002.0,2002,,AFR,2002,2002,Africa,,NGA,Nigeria,,YEARS0-4,0-4 years,,,,,,,,CH6,MeaslesMeasles,,9.7,9.72202,,,,,
6273,MORT_100,Number of deaths,https://www.who.int/data/gho/indicator-metadata-registry/imr-details/3365,,,,PUBLISHED,Published,,2002.0,2002,,AFR,2002,2002,Africa,,NGA,Nigeria,,DAYS0-27,0-27 days,,,,,,,,CH7,Meningitis/encephalitisMeningitis/encephalitis,,3638,3638.15800,,,,,
6274,MORT_200,Deaths per 1 000 live births,https://www.who.int/data/gho/indicator-metadata-registry/imr-details/3366,,,,PUBLISHED,Published,,2002.0,2002,,AFR,2002,2002,Africa,,NGA,Nigeria,,YEARS0-4,0-4 years,,,,,,,,CH7,Meningitis/encephalitisMeningitis/encephalitis,,4.5,4.49819,,,,,
6275,MORT_100,Number of deaths,https://www.who.int/data/gho/indicator-metadata-registry/imr-details/3365,,,,PUBLISHED,Published,,2002.0,2002,,AFR,2002,2002,Africa,,NGA,Nigeria,,DAYS0-27,0-27 days,,,,,,,,CH8,MalariaMalaria,,0,0.00000,,,,,
6276,MORT_200,Deaths per 1 000 live births,https://www.who.int/data/gho/indicator-metadata-registry/imr-details/3366,,,,PUBLISHED,Published,,2002.0,2002,,AFR,2002,2002,Africa,,NGA,Nigeria,,YEARS0-4,0-4 years,,,,,,,,CH8,MalariaMalaria,,34.9,34.93859,,,,,
6277,MORT_100,Number of deaths,https://www.who.int/data/gho/indicator-metadata-registry/imr-details/3365,,,,PUBLISHED,Published,,2002.0,2002,,AFR,2002,2002,Africa,,NGA,Nigeria,,DAYS0-27,0-27 days,,,,,,,,CH9,Acute lower respiratory infectionsAcute lower respiratory infections,,20184,20183.89000,,,,,
6278,MORT_300,Distribution of causes of death among children aged < 5 years (%),https://www.who.int/data/gho/indicator-metadata-registry/imr-details/89,,,,PUBLISHED,Published,,2002.0,2002,,AFR,2002,2002,Africa,,NGA,Nigeria,,MONTHS1-59,1-59 months,,,,,,,,CH9,Acute lower respiratory infectionsAcute lower respiratory infections,,0.2,0.19398,,,,,
6279,MORT_200,Deaths per 1 000 live births,https://www.who.int/data/gho/indicator-metadata-registry/imr-details/3366,,,,PUBLISHED,Published,,2002.0,2002,,AFR,2002,2002,Africa,,NGA,Nigeria,,YEARS0-4,0-4 years,,,,,,,,CH9,Acute lower respiratory infectionsAcute lower respiratory infections,,27.3,27.31372,,,,,
6280,MORT_300,Distribution of causes of death among children aged < 5 years (%),https://www.who.int/data/gho/indicator-metadata-registry/imr-details/89,,,,PUBLISHED,Published,,2002.0,2002,,AFR,2002,2002,Africa,,NGA,Nigeria,,MONTHS1-59,1-59 months,,,,,,,,CH10,PrematurityPrematurity,,0,0.01231,,,,,
6281,MORT_200,Deaths per 1 000 live births,https://www.who.int/data/gho/indicator-metadata-registry/imr-details/3366,,,,PUBLISHED,Published,,2002.0,2002,,AFR,2002,2002,Africa,,NGA,Nigeria,,YEARS0-4,0-4 years,,,,,,,,CH10,PrematurityPrematurity,,14.3,14.29763,,,,,
6282,MORT_300,Distribution of causes of death among children aged < 5 years (%),https://www.who.int/data/gho/indicator-metadata-registry/imr-details/89,,,,PUBLISHED,Published,,2002.0,2002,,AFR,2002,2002,Africa,,NGA,Nigeria,,MONTHS1-59,1-59 months,,,,,,,,CH11,Birth asphyxia and birth traumaBirth asphyxia and birth trauma,,0,0.01406,,,,,
6283,MORT_200,Deaths per 1 000 live births,https://www.who.int/data/gho/indicator-metadata-registry/imr-details/3366,,,,PUBLISHED,Published,,2002.0,2002,,AFR,2002,2002,Africa,,NGA,Nigeria,,YEARS0-4,0-4 years,,,,,,,,CH11,Birth asphyxia and birth traumaBirth asphyxia and birth trauma,,16.9,16.94253,,,,,
6284,MORT_100,Number of deaths,https://www.who.int/data/gho/indicator-metadata-registry/imr-details/3365,,,,PUBLISHED,Published,,2002.0,2002,,AFR,2002,2002,Africa,,NGA,Nigeria,,MONTHS1-59,1-59 months,,,,,,,,CH12,Sepsis and other infectious conditions of the newbornSepsis and other infectious conditions of the newborn,,0,0.00000,,,,,
6285,MORT_300,Distribution of causes of death among children aged < 5 years (%),https://www.who.int/data/gho/indicator-metadata-registry/imr-details/89,,,,PUBLISHED,Published,,2002.0,2002,,AFR,2002,2002,Africa,,NGA,Nigeria,,MONTHS1-59,1-59 months,,,,,,,,CH12,Sepsis and other infectious conditions of the newbornSepsis and other infectious conditions of the newborn,,0,0.00000,,,,,
6286,MORT_100,Number of deaths,https://www.who.int/data/gho/indicator-metadata-registry/imr-details/3365,,,,PUBLISHED,Published,,2002.0,2002,,AFR,2002,2002,Africa,,NGA,Nigeria,,MONTHS1-59,1-59 months,,,,,,,,CH13,"Other communicable, perinatal and nutritional conditionsOther communicable, perinatal and nutritional conditions",,56971,56971.06000,,,,,
6287,MORT_300,Distribution of causes of death among children aged < 5 years (%),https://www.who.int/data/gho/indicator-metadata-registry/imr-details/89,,,,PUBLISHED,Published,,2002.0,2002,,AFR,2002,2002,Africa,,NGA,Nigeria,,MONTHS1-59,1-59 months,,,,,,,,CH13,"Other communicable, perinatal and nutritional conditionsOther communicable, perinatal and nutritional conditions",,0.1,0.08421,,,,,
6288,MORT_100,Number of deaths,https://www.who.int/data/gho/indicator-metadata-registry/imr-details/3365,,,,PUBLISHED,Published,,2002.0,2002,,AFR,2002,2002,Africa,,NGA,Nigeria,,MONTHS1-59,1-59 months,,,,,,,,CH15,Congenital anomaliesCongenital anomalies,,14928,14927.61000,,,,,
6289,MORT_300,Distribution of causes of death among children aged < 5 years (%),https://www.who.int/data/gho/indicator-metadata-registry/imr-details/89,,,,PUBLISHED,Published,,2002.0,2002,,AFR,2002,2002,Africa,,NGA,Nigeria,,MONTHS1-59,1-59 months,,,,,,,,CH15,Congenital anomaliesCongenital anomalies,,0,0.02207,,,,,
6290,MORT_200,Deaths per 1 000 live births,https://www.who.int/data/gho/indicator-metadata-registry/imr-details/3366,,,,PUBLISHED,Published,,2002.0,2002,,AFR,2002,2002,Africa,,NGA,Nigeria,,DAYS0-27,0-27 days,,,,,,,,CH16,Other noncommunicable diseasesOther noncommunicable diseases,,0,0.04813,,,,,
6291,MORT_100,Number of deaths,https://www.who.int/data/gho/indicator-metadata-registry/imr-details/3365,,,,PUBLISHED,Published,,2002.0,2002,,AFR,2002,2002,Africa,,NGA,Nigeria,,MONTHS1-59,1-59 months,,,,,,,,CH16,Other noncommunicable diseasesOther noncommunicable diseases,,19341,19341.10000,,,,,
6292,MORT_200,Deaths per 1 000 live births,https://www.who.int/data/gho/indicator-metadata-registry/imr-details/3366,,,,PUBLISHED,Published,,2002.0,2002,,AFR,2002,2002,Africa,,NGA,Nigeria,,DAYS0-27,0-27 days,,,,,,,,CH17,InjuriesInjuries,,0.6,0.56278,,,,,
6293,MORT_100,Number of deaths,https://www.who.int/data/gho/indicator-metadata-registry/imr-details/3365,,,,PUBLISHED,Published,,2002.0,2002,,AFR,2002,2002,Africa,,NGA,Nigeria,,MONTHS1-59,1-59 months,,,,,,,,CH17,InjuriesInjuries,,25636,25636.32000,,,,,
6294,MORT_200,Deaths per 1 000 live births,https://www.who.int/data/gho/indicator-metadata-registry/imr-details/3366,,,,PUBLISHED,Published,,2003.0,2003,,AFR,2003,2003,Africa,,NGA,Nigeria,,DAYS0-27,0-27 days,,,,,,,,CH2,HIV/AIDSHIV/AIDS,,0,0.04274,,,,,
6295,MORT_100,Number of deaths,https://www.who.int/data/gho/indicator-metadata-registry/imr-details/3365,,,,PUBLISHED,Published,,2003.0,2003,,AFR,2003,2003,Africa,,NGA,Nigeria,,MONTHS1-59,1-59 months,,,,,,,,CH2,HIV/AIDSHIV/AIDS,,23994,23993.64000,,,,,
6296,MORT_300,Distribution of causes of death among children aged < 5 years (%),https://www.who.int/data/gho/indicator-metadata-registry/imr-details/89,,,,PUBLISHED,Published,,2003.0,2003,,AFR,2003,2003,Africa,,NGA,Nigeria,,YEARS0-4,0-4 years,,,,,,,,CH2,HIV/AIDSHIV/AIDS,,0,0.02379,,,,,
6297,MORT_200,Deaths per 1 000 live births,https://www.who.int/data/gho/indicator-metadata-registry/imr-details/3366,,,,PUBLISHED,Published,,2003.0,2003,,AFR,2003,2003,Africa,,NGA,Nigeria,,DAYS0-27,0-27 days,,,,,,,,CH3,Diarrhoeal diseasesDiarrhoeal diseases,,0.5,0.47973,,,,,
6298,MORT_300,Distribution of causes of death among children aged < 5 years (%),https://www.who.int/data/gho/indicator-metadata-registry/imr-details/89,,,,PUBLISHED,Published,,2003.0,2003,,AFR,2003,2003,Africa,,NGA,Nigeria,,YEARS0-4,0-4 years,,,,,,,,CH3,Diarrhoeal diseasesDiarrhoeal diseases,,0.1,0.11133,,,,,
6299,MORT_200,Deaths per 1 000 live births,https://www.who.int/data/gho/indicator-metadata-registry/imr-details/3366,,,,PUBLISHED,Published,,2003.0,2003,,AFR,2003,2003,Africa,,NGA,Nigeria,,DAYS0-27,0-27 days,,,,,,,,CH5,TetanusTetanus,,2.6,2.57632,,,,,
6300,MORT_300,Distribution of causes of death among children aged < 5 years (%),https://www.who.int/data/gho/indicator-metadata-registry/imr-details/89,,,,PUBLISHED,Published,,2003.0,2003,,AFR,2003,2003,Africa,,NGA,Nigeria,,YEARS0-4,0-4 years,,,,,,,,CH5,TetanusTetanus,,0,0.01445,,,,,
6301,MORT_200,Deaths per 1 000 live births,https://www.who.int/data/gho/indicator-metadata-registry/imr-details/3366,,,,PUBLISHED,Published,,2003.0,2003,,AFR,2003,2003,Africa,,NGA,Nigeria,,DAYS0-27,0-27 days,,,,,,,,CH6,MeaslesMeasles,,0,0.00000,,,,,
6302,MORT_100,Number of deaths,https://www.who.int/data/gho/indicator-metadata-registry/imr-details/3365,,,,PUBLISHED,Published,,2003.0,2003,,AFR,2003,2003,Africa,,NGA,Nigeria,,YEARS0-4,0-4 years,,,,,,,,CH6,MeaslesMeasles,,145481,145481.00000,,,,,
6303,MORT_300,Distribution of causes of death among children aged < 5 years (%),https://www.who.int/data/gho/indicator-metadata-registry/imr-details/89,,,,PUBLISHED,Published,,2003.0,2003,,AFR,2003,2003,Africa,,NGA,Nigeria,,YEARS0-4,0-4 years,,,,,,,,CH6,MeaslesMeasles,,0.1,0.14283,,,,,
6304,MORT_200,Deaths per 1 000 live births,https://www.who.int/data/gho/indicator-metadata-registry/imr-details/3366,,,,PUBLISHED,Published,,2003.0,2003,,AFR,2003,2003,Africa,,NGA,Nigeria,,DAYS0-27,0-27 days,,,,,,,,CH7,Meningitis/encephalitisMeningitis/encephalitis,,0.6,0.63876,,,,,
6305,MORT_100,Number of deaths,https://www.who.int/data/gho/indicator-metadata-registry/imr-details/3365,,,,PUBLISHED,Published,,2003.0,2003,,AFR,2003,2003,Africa,,NGA,Nigeria,,YEARS0-4,0-4 years,,,,,,,,CH7,Meningitis/encephalitisMeningitis/encephalitis,,35289,35288.83000,,,,,
6306,MORT_300,Distribution of causes of death among children aged < 5 years (%),https://www.who.int/data/gho/indicator-metadata-registry/imr-details/89,,,,PUBLISHED,Published,,2003.0,2003,,AFR,2003,2003,Africa,,NGA,Nigeria,,YEARS0-4,0-4 years,,,,,,,,CH7,Meningitis/encephalitisMeningitis/encephalitis,,0,0.03465,,,,,
6307,MORT_100,Number of deaths,https://www.who.int/data/gho/indicator-metadata-registry/imr-details/3365,,,,PUBLISHED,Published,,2003.0,2003,,AFR,2003,2003,Africa,,NGA,Nigeria,,YEARS0-4,0-4 years,,,,,,,,CH8,MalariaMalaria,,192682,192681.70000,,,,,
6308,MORT_300,Distribution of causes of death among children aged < 5 years (%),https://www.who.int/data/gho/indicator-metadata-registry/imr-details/89,,,,PUBLISHED,Published,,2003.0,2003,,AFR,2003,2003,Africa,,NGA,Nigeria,,YEARS0-4,0-4 years,,,,,,,,CH8,MalariaMalaria,,0.2,0.18917,,,,,
6309,MORT_200,Deaths per 1 000 live births,https://www.who.int/data/gho/indicator-metadata-registry/imr-details/3366,,,,PUBLISHED,Published,,2003.0,2003,,AFR,2003,2003,Africa,,NGA,Nigeria,,MONTHS1-59,1-59 months,,,,,,,,CH9,Acute lower respiratory infectionsAcute lower respiratory infections,,22.6,22.56834,,,,,
6310,MORT_100,Number of deaths,https://www.who.int/data/gho/indicator-metadata-registry/imr-details/3365,,,,PUBLISHED,Published,,2003.0,2003,,AFR,2003,2003,Africa,,NGA,Nigeria,,YEARS0-4,0-4 years,,,,,,,,CH9,Acute lower respiratory infectionsAcute lower respiratory infections,,148231,148230.60000,,,,,
6311,MORT_300,Distribution of causes of death among children aged < 5 years (%),https://www.who.int/data/gho/indicator-metadata-registry/imr-details/89,,,,PUBLISHED,Published,,2003.0,2003,,AFR,2003,2003,Africa,,NGA,Nigeria,,YEARS0-4,0-4 years,,,,,,,,CH9,Acute lower respiratory infectionsAcute lower respiratory infections,,0.1,0.14553,,,,,
6312,MORT_200,Deaths per 1 000 live births,https://www.who.int/data/gho/indicator-metadata-registry/imr-details/3366,,,,PUBLISHED,Published,,2003.0,2003,,AFR,2003,2003,Africa,,NGA,Nigeria,,MONTHS1-59,1-59 months,,,,,,,,CH10,PrematurityPrematurity,,1.4,1.43987,,,,,
6313,MORT_100,Number of deaths,https://www.who.int/data/gho/indicator-metadata-registry/imr-details/3365,,,,PUBLISHED,Published,,2003.0,2003,,AFR,2003,2003,Africa,,NGA,Nigeria,,YEARS0-4,0-4 years,,,,,,,,CH10,PrematurityPrematurity,,79030,79029.59000,,,,,
6314,MORT_200,Deaths per 1 000 live births,https://www.who.int/data/gho/indicator-metadata-registry/imr-details/3366,,,,PUBLISHED,Published,,2003.0,2003,,AFR,2003,2003,Africa,,NGA,Nigeria,,MONTHS1-59,1-59 months,,,,,,,,CH11,Birth asphyxia and birth traumaBirth asphyxia and birth trauma,,1.6,1.64273,,,,,
6315,MORT_100,Number of deaths,https://www.who.int/data/gho/indicator-metadata-registry/imr-details/3365,,,,PUBLISHED,Published,,2003.0,2003,,AFR,2003,2003,Africa,,NGA,Nigeria,,YEARS0-4,0-4 years,,,,,,,,CH11,Birth asphyxia and birth traumaBirth asphyxia and birth trauma,,93785,93784.85000,,,,,
6316,MORT_200,Deaths per 1 000 live births,https://www.who.int/data/gho/indicator-metadata-registry/imr-details/3366,,,,PUBLISHED,Published,,2003.0,2003,,AFR,2003,2003,Africa,,NGA,Nigeria,,MONTHS1-59,1-59 months,,,,,,,,CH12,Sepsis and other infectious conditions of the newbornSepsis and other infectious conditions of the newborn,,0,0.00000,,,,,
6317,MORT_100,Number of deaths,https://www.who.int/data/gho/indicator-metadata-registry/imr-details/3365,,,,PUBLISHED,Published,,2003.0,2003,,AFR,2003,2003,Africa,,NGA,Nigeria,,YEARS0-4,0-4 years,,,,,,,,CH12,Sepsis and other infectious conditions of the newbornSepsis and other infectious conditions of the newborn,,28342,28341.97000,,,,,
6318,MORT_300,Distribution of causes of death among children aged < 5 years (%),https://www.who.int/data/gho/indicator-metadata-registry/imr-details/89,,,,PUBLISHED,Published,,2003.0,2003,,AFR,2003,2003,Africa,,NGA,Nigeria,,DAYS0-27,0-27 days,,,,,,,,CH13,"Other communicable, perinatal and nutritional conditionsOther communicable, perinatal and nutritional conditions",,0,0.04181,,,,,
6319,MORT_200,Deaths per 1 000 live births,https://www.who.int/data/gho/indicator-metadata-registry/imr-details/3366,,,,PUBLISHED,Published,,2003.0,2003,,AFR,2003,2003,Africa,,NGA,Nigeria,,MONTHS1-59,1-59 months,,,,,,,,CH13,"Other communicable, perinatal and nutritional conditionsOther communicable, perinatal and nutritional conditions",,9.8,9.82105,,,,,
6320,MORT_300,Distribution of causes of death among children aged < 5 years (%),https://www.who.int/data/gho/indicator-metadata-registry/imr-details/89,,,,PUBLISHED,Published,,2003.0,2003,,AFR,2003,2003,Africa,,NGA,Nigeria,,DAYS0-27,0-27 days,,,,,,,,CH15,Congenital anomaliesCongenital anomalies,,0.1,0.05728,,,,,
6321,MORT_200,Deaths per 1 000 live births,https://www.who.int/data/gho/indicator-metadata-registry/imr-details/3366,,,,PUBLISHED,Published,,2003.0,2003,,AFR,2003,2003,Africa,,NGA,Nigeria,,MONTHS1-59,1-59 months,,,,,,,,CH15,Congenital anomaliesCongenital anomalies,,2.6,2.60095,,,,,
6322,MORT_300,Distribution of causes of death among children aged < 5 years (%),https://www.who.int/data/gho/indicator-metadata-registry/imr-details/89,,,,PUBLISHED,Published,,2003.0,2003,,AFR,2003,2003,Africa,,NGA,Nigeria,,DAYS0-27,0-27 days,,,,,,,,CH16,Other noncommunicable diseasesOther noncommunicable diseases,,0,0.00106,,,,,
6323,MORT_200,Deaths per 1 000 live births,https://www.who.int/data/gho/indicator-metadata-registry/imr-details/3366,,,,PUBLISHED,Published,,2003.0,2003,,AFR,2003,2003,Africa,,NGA,Nigeria,,MONTHS1-59,1-59 months,,,,,,,,CH16,Other noncommunicable diseasesOther noncommunicable diseases,,3.3,3.33525,,,,,
6324,MORT_100,Number of deaths,https://www.who.int/data/gho/indicator-metadata-registry/imr-details/3365,,,,PUBLISHED,Published,,2003.0,2003,,AFR,2003,2003,Africa,,NGA,Nigeria,,DAYS0-27,0-27 days,,,,,,,,CH17,InjuriesInjuries,,3108,3108.49000,,,,,
6325,MORT_300,Distribution of causes of death among children aged < 5 years (%),https://www.who.int/data/gho/indicator-metadata-registry/imr-details/89,,,,PUBLISHED,Published,,2003.0,2003,,AFR,2003,2003,Africa,,NGA,Nigeria,,DAYS0-27,0-27 days,,,,,,,,CH17,InjuriesInjuries,,0,0.01226,,,,,
6326,MORT_100,Number of deaths,https://www.who.int/data/gho/indicator-metadata-registry/imr-details/3365,,,,PUBLISHED,Published,,2004.0,2004,,AFR,2004,2004,Africa,,NGA,Nigeria,,DAYS0-27,0-27 days,,,,,,,,CH2,HIV/AIDSHIV/AIDS,,245,244.71000,,,,,
6327,MORT_300,Distribution of causes of death among children aged < 5 years (%),https://www.who.int/data/gho/indicator-metadata-registry/imr-details/89,,,,PUBLISHED,Published,,2004.0,2004,,AFR,2004,2004,Africa,,NGA,Nigeria,,DAYS0-27,0-27 days,,,,,,,,CH2,HIV/AIDSHIV/AIDS,,0,0.00097,,,,,
6328,MORT_100,Number of deaths,https://www.who.int/data/gho/indicator-metadata-registry/imr-details/3365,,,,PUBLISHED,Published,,2004.0,2004,,AFR,2004,2004,Africa,,NGA,Nigeria,,DAYS0-27,0-27 days,,,,,,,,CH3,Diarrhoeal diseasesDiarrhoeal diseases,,2623,2623.40100,,,,,
6329,MORT_300,Distribution of causes of death among children aged < 5 years (%),https://www.who.int/data/gho/indicator-metadata-registry/imr-details/89,,,,PUBLISHED,Published,,2004.0,2004,,AFR,2004,2004,Africa,,NGA,Nigeria,,DAYS0-27,0-27 days,,,,,,,,CH3,Diarrhoeal diseasesDiarrhoeal diseases,,0,0.01038,,,,,
6330,MORT_200,Deaths per 1 000 live births,https://www.who.int/data/gho/indicator-metadata-registry/imr-details/3366,,,,PUBLISHED,Published,,2004.0,2004,,AFR,2004,2004,Africa,,NGA,Nigeria,,YEARS0-4,0-4 years,,,,,,,,CH3,Diarrhoeal diseasesDiarrhoeal diseases,,18.7,18.65626,,,,,
6331,MORT_100,Number of deaths,https://www.who.int/data/gho/indicator-metadata-registry/imr-details/3365,,,,PUBLISHED,Published,,2004.0,2004,,AFR,2004,2004,Africa,,NGA,Nigeria,,DAYS0-27,0-27 days,,,,,,,,CH5,TetanusTetanus,,13450,13449.58000,,,,,
6332,MORT_200,Deaths per 1 000 live births,https://www.who.int/data/gho/indicator-metadata-registry/imr-details/3366,,,,PUBLISHED,Published,,2004.0,2004,,AFR,2004,2004,Africa,,NGA,Nigeria,,YEARS0-4,0-4 years,,,,,,,,CH5,TetanusTetanus,,2.3,2.33727,,,,,
6333,MORT_100,Number of deaths,https://www.who.int/data/gho/indicator-metadata-registry/imr-details/3365,,,,PUBLISHED,Published,,2004.0,2004,,AFR,2004,2004,Africa,,NGA,Nigeria,,DAYS0-27,0-27 days,,,,,,,,CH6,MeaslesMeasles,,0,0.00000,,,,,
6334,MORT_200,Deaths per 1 000 live births,https://www.who.int/data/gho/indicator-metadata-registry/imr-details/3366,,,,PUBLISHED,Published,,2004.0,2004,,AFR,2004,2004,Africa,,NGA,Nigeria,,YEARS0-4,0-4 years,,,,,,,,CH6,MeaslesMeasles,,8.4,8.36618,,,,,
6335,MORT_100,Number of deaths,https://www.who.int/data/gho/indicator-metadata-registry/imr-details/3365,,,,PUBLISHED,Published,,2004.0,2004,,AFR,2004,2004,Africa,,NGA,Nigeria,,DAYS0-27,0-27 days,,,,,,,,CH7,Meningitis/encephalitisMeningitis/encephalitis,,3598,3597.84700,,,,,
6336,MORT_300,Distribution of causes of death among children aged < 5 years (%),https://www.who.int/data/gho/indicator-metadata-registry/imr-details/89,,,,PUBLISHED,Published,,2004.0,2004,,AFR,2004,2004,Africa,,NGA,Nigeria,,MONTHS1-59,1-59 months,,,,,,,,CH7,Meningitis/encephalitisMeningitis/encephalitis,,0,0.04607,,,,,
6337,MORT_200,Deaths per 1 000 live births,https://www.who.int/data/gho/indicator-metadata-registry/imr-details/3366,,,,PUBLISHED,Published,,2004.0,2004,,AFR,2004,2004,Africa,,NGA,Nigeria,,YEARS0-4,0-4 years,,,,,,,,CH7,Meningitis/encephalitisMeningitis/encephalitis,,5.9,5.88281,,,,,
6338,MORT_300,Distribution of causes of death among children aged < 5 years (%),https://www.who.int/data/gho/indicator-metadata-registry/imr-details/89,,,,PUBLISHED,Published,,2004.0,2004,,AFR,2004,2004,Africa,,NGA,Nigeria,,MONTHS1-59,1-59 months,,,,,,,,CH8,MalariaMalaria,,0.3,0.29299,,,,,
6339,MORT_200,Deaths per 1 000 live births,https://www.who.int/data/gho/indicator-metadata-registry/imr-details/3366,,,,PUBLISHED,Published,,2004.0,2004,,AFR,2004,2004,Africa,,NGA,Nigeria,,YEARS0-4,0-4 years,,,,,,,,CH8,MalariaMalaria,,33.5,33.46811,,,,,
6340,MORT_300,Distribution of causes of death among children aged < 5 years (%),https://www.who.int/data/gho/indicator-metadata-registry/imr-details/89,,,,PUBLISHED,Published,,2004.0,2004,,AFR,2004,2004,Africa,,NGA,Nigeria,,MONTHS1-59,1-59 months,,,,,,,,CH9,Acute lower respiratory infectionsAcute lower respiratory infections,,0.2,0.19177,,,,,
6341,MORT_200,Deaths per 1 000 live births,https://www.who.int/data/gho/indicator-metadata-registry/imr-details/3366,,,,PUBLISHED,Published,,2004.0,2004,,AFR,2004,2004,Africa,,NGA,Nigeria,,YEARS0-4,0-4 years,,,,,,,,CH9,Acute lower respiratory infectionsAcute lower respiratory infections,,25.4,25.39723,,,,,
6342,MORT_100,Number of deaths,https://www.who.int/data/gho/indicator-metadata-registry/imr-details/3365,,,,PUBLISHED,Published,,2004.0,2004,,AFR,2004,2004,Africa,,NGA,Nigeria,,MONTHS1-59,1-59 months,,,,,,,,CH10,PrematurityPrematurity,,8162,8162.10600,,,,,
6343,MORT_300,Distribution of causes of death among children aged < 5 years (%),https://www.who.int/data/gho/indicator-metadata-registry/imr-details/89,,,,PUBLISHED,Published,,2004.0,2004,,AFR,2004,2004,Africa,,NGA,Nigeria,,MONTHS1-59,1-59 months,,,,,,,,CH10,PrematurityPrematurity,,0,0.01233,,,,,
6344,MORT_100,Number of deaths,https://www.who.int/data/gho/indicator-metadata-registry/imr-details/3365,,,,PUBLISHED,Published,,2004.0,2004,,AFR,2004,2004,Africa,,NGA,Nigeria,,MONTHS1-59,1-59 months,,,,,,,,CH11,Birth asphyxia and birth traumaBirth asphyxia and birth trauma,,9272,9271.71400,,,,,
6345,MORT_300,Distribution of causes of death among children aged < 5 years (%),https://www.who.int/data/gho/indicator-metadata-registry/imr-details/89,,,,PUBLISHED,Published,,2004.0,2004,,AFR,2004,2004,Africa,,NGA,Nigeria,,MONTHS1-59,1-59 months,,,,,,,,CH11,Birth asphyxia and birth traumaBirth asphyxia and birth trauma,,0,0.01400,,,,,
6346,MORT_100,Number of deaths,https://www.who.int/data/gho/indicator-metadata-registry/imr-details/3365,,,,PUBLISHED,Published,,2004.0,2004,,AFR,2004,2004,Africa,,NGA,Nigeria,,MONTHS1-59,1-59 months,,,,,,,,CH12,Sepsis and other infectious conditions of the newbornSepsis and other infectious conditions of the newborn,,0,0.00000,,,,,
6347,MORT_300,Distribution of causes of death among children aged < 5 years (%),https://www.who.int/data/gho/indicator-metadata-registry/imr-details/89,,,,PUBLISHED,Published,,2004.0,2004,,AFR,2004,2004,Africa,,NGA,Nigeria,,MONTHS1-59,1-59 months,,,,,,,,CH12,Sepsis and other infectious conditions of the newbornSepsis and other infectious conditions of the newborn,,0,0.00000,,,,,
6348,MORT_200,Deaths per 1 000 live births,https://www.who.int/data/gho/indicator-metadata-registry/imr-details/3366,,,,PUBLISHED,Published,,2004.0,2004,,AFR,2004,2004,Africa,,NGA,Nigeria,,DAYS0-27,0-27 days,,,,,,,,CH13,"Other communicable, perinatal and nutritional conditionsOther communicable, perinatal and nutritional conditions",,1.8,1.82652,,,,,
6349,MORT_100,Number of deaths,https://www.who.int/data/gho/indicator-metadata-registry/imr-details/3365,,,,PUBLISHED,Published,,2004.0,2004,,AFR,2004,2004,Africa,,NGA,Nigeria,,MONTHS1-59,1-59 months,,,,,,,,CH13,"Other communicable, perinatal and nutritional conditionsOther communicable, perinatal and nutritional conditions",,55380,55380.38000,,,,,
6350,MORT_200,Deaths per 1 000 live births,https://www.who.int/data/gho/indicator-metadata-registry/imr-details/3366,,,,PUBLISHED,Published,,2004.0,2004,,AFR,2004,2004,Africa,,NGA,Nigeria,,DAYS0-27,0-27 days,,,,,,,,CH15,Congenital anomaliesCongenital anomalies,,2.5,2.46709,,,,,
6351,MORT_100,Number of deaths,https://www.who.int/data/gho/indicator-metadata-registry/imr-details/3365,,,,PUBLISHED,Published,,2004.0,2004,,AFR,2004,2004,Africa,,NGA,Nigeria,,MONTHS1-59,1-59 months,,,,,,,,CH15,Congenital anomaliesCongenital anomalies,,14832,14831.51000,,,,,
6352,MORT_200,Deaths per 1 000 live births,https://www.who.int/data/gho/indicator-metadata-registry/imr-details/3366,,,,PUBLISHED,Published,,2004.0,2004,,AFR,2004,2004,Africa,,NGA,Nigeria,,DAYS0-27,0-27 days,,,,,,,,CH16,Other noncommunicable diseasesOther noncommunicable diseases,,0,0.04657,,,,,
6353,MORT_100,Number of deaths,https://www.who.int/data/gho/indicator-metadata-registry/imr-details/3365,,,,PUBLISHED,Published,,2004.0,2004,,AFR,2004,2004,Africa,,NGA,Nigeria,,MONTHS1-59,1-59 months,,,,,,,,CH16,Other noncommunicable diseasesOther noncommunicable diseases,,18833,18832.65000,,,,,
6354,MORT_300,Distribution of causes of death among children aged < 5 years (%),https://www.who.int/data/gho/indicator-metadata-registry/imr-details/89,,,,PUBLISHED,Published,,2004.0,2004,,AFR,2004,2004,Africa,,NGA,Nigeria,,YEARS0-4,0-4 years,,,,,,,,CH16,Other noncommunicable diseasesOther noncommunicable diseases,,0,0.02088,,,,,
6355,MORT_200,Deaths per 1 000 live births,https://www.who.int/data/gho/indicator-metadata-registry/imr-details/3366,,,,PUBLISHED,Published,,2004.0,2004,,AFR,2004,2004,Africa,,NGA,Nigeria,,DAYS0-27,0-27 days,,,,,,,,CH17,InjuriesInjuries,,0.5,0.52913,,,,,
6356,MORT_300,Distribution of causes of death among children aged < 5 years (%),https://www.who.int/data/gho/indicator-metadata-registry/imr-details/89,,,,PUBLISHED,Published,,2004.0,2004,,AFR,2004,2004,Africa,,NGA,Nigeria,,YEARS0-4,0-4 years,,,,,,,,CH17,InjuriesInjuries,,0,0.03161,,,,,
6357,MORT_200,Deaths per 1 000 live births,https://www.who.int/data/gho/indicator-metadata-registry/imr-details/3366,,,,PUBLISHED,Published,,2005.0,2005,,AFR,2005,2005,Africa,,NGA,Nigeria,,DAYS0-27,0-27 days,,,,,,,,CH2,HIV/AIDSHIV/AIDS,,0,0.04163,,,,,
6358,MORT_300,Distribution of causes of death among children aged < 5 years (%),https://www.who.int/data/gho/indicator-metadata-registry/imr-details/89,,,,PUBLISHED,Published,,2005.0,2005,,AFR,2005,2005,Africa,,NGA,Nigeria,,YEARS0-4,0-4 years,,,,,,,,CH2,HIV/AIDSHIV/AIDS,,0,0.02544,,,,,
6359,MORT_200,Deaths per 1 000 live births,https://www.who.int/data/gho/indicator-metadata-registry/imr-details/3366,,,,PUBLISHED,Published,,2005.0,2005,,AFR,2005,2005,Africa,,NGA,Nigeria,,DAYS0-27,0-27 days,,,,,,,,CH3,Diarrhoeal diseasesDiarrhoeal diseases,,0.4,0.42190,,,,,
6360,MORT_100,Number of deaths,https://www.who.int/data/gho/indicator-metadata-registry/imr-details/3365,,,,PUBLISHED,Published,,2005.0,2005,,AFR,2005,2005,Africa,,NGA,Nigeria,,YEARS0-4,0-4 years,,,,,,,,CH3,Diarrhoeal diseasesDiarrhoeal diseases,,103294,103294.40000,,,,,
6361,MORT_300,Distribution of causes of death among children aged < 5 years (%),https://www.who.int/data/gho/indicator-metadata-registry/imr-details/89,,,,PUBLISHED,Published,,2005.0,2005,,AFR,2005,2005,Africa,,NGA,Nigeria,,YEARS0-4,0-4 years,,,,,,,,CH3,Diarrhoeal diseasesDiarrhoeal diseases,,0.1,0.10656,,,,,
6362,MORT_200,Deaths per 1 000 live births,https://www.who.int/data/gho/indicator-metadata-registry/imr-details/3366,,,,PUBLISHED,Published,,2005.0,2005,,AFR,2005,2005,Africa,,NGA,Nigeria,,DAYS0-27,0-27 days,,,,,,,,CH5,TetanusTetanus,,2.1,2.09859,,,,,
6363,MORT_100,Number of deaths,https://www.who.int/data/gho/indicator-metadata-registry/imr-details/3365,,,,PUBLISHED,Published,,2005.0,2005,,AFR,2005,2005,Africa,,NGA,Nigeria,,YEARS0-4,0-4 years,,,,,,,,CH5,TetanusTetanus,,12527,12527.35000,,,,,
6364,MORT_300,Distribution of causes of death among children aged < 5 years (%),https://www.who.int/data/gho/indicator-metadata-registry/imr-details/89,,,,PUBLISHED,Published,,2005.0,2005,,AFR,2005,2005,Africa,,NGA,Nigeria,,YEARS0-4,0-4 years,,,,,,,,CH5,TetanusTetanus,,0,0.01292,,,,,
6365,MORT_100,Number of deaths,https://www.who.int/data/gho/indicator-metadata-registry/imr-details/3365,,,,PUBLISHED,Published,,2005.0,2005,,AFR,2005,2005,Africa,,NGA,Nigeria,,YEARS0-4,0-4 years,,,,,,,,CH6,MeaslesMeasles,,111107,111106.90000,,,,,
6366,MORT_300,Distribution of causes of death among children aged < 5 years (%),https://www.who.int/data/gho/indicator-metadata-registry/imr-details/89,,,,PUBLISHED,Published,,2005.0,2005,,AFR,2005,2005,Africa,,NGA,Nigeria,,YEARS0-4,0-4 years,,,,,,,,CH6,MeaslesMeasles,,0.1,0.11462,,,,,
6367,MORT_200,Deaths per 1 000 live births,https://www.who.int/data/gho/indicator-metadata-registry/imr-details/3366,,,,PUBLISHED,Published,,2005.0,2005,,AFR,2005,2005,Africa,,NGA,Nigeria,,MONTHS1-59,1-59 months,,,,,,,,CH7,Meningitis/encephalitisMeningitis/encephalitis,,5,4.99826,,,,,
6368,MORT_100,Number of deaths,https://www.who.int/data/gho/indicator-metadata-registry/imr-details/3365,,,,PUBLISHED,Published,,2005.0,2005,,AFR,2005,2005,Africa,,NGA,Nigeria,,YEARS0-4,0-4 years,,,,,,,,CH7,Meningitis/encephalitisMeningitis/encephalitis,,33245,33245.15000,,,,,
6369,MORT_300,Distribution of causes of death among children aged < 5 years (%),https://www.who.int/data/gho/indicator-metadata-registry/imr-details/89,,,,PUBLISHED,Published,,2005.0,2005,,AFR,2005,2005,Africa,,NGA,Nigeria,,YEARS0-4,0-4 years,,,,,,,,CH7,Meningitis/encephalitisMeningitis/encephalitis,,0,0.03430,,,,,
6370,MORT_200,Deaths per 1 000 live births,https://www.who.int/data/gho/indicator-metadata-registry/imr-details/3366,,,,PUBLISHED,Published,,2005.0,2005,,AFR,2005,2005,Africa,,NGA,Nigeria,,MONTHS1-59,1-59 months,,,,,,,,CH8,MalariaMalaria,,32.5,32.48772,,,,,
6371,MORT_100,Number of deaths,https://www.who.int/data/gho/indicator-metadata-registry/imr-details/3365,,,,PUBLISHED,Published,,2005.0,2005,,AFR,2005,2005,Africa,,NGA,Nigeria,,YEARS0-4,0-4 years,,,,,,,,CH8,MalariaMalaria,,192466,192466.00000,,,,,
6372,MORT_200,Deaths per 1 000 live births,https://www.who.int/data/gho/indicator-metadata-registry/imr-details/3366,,,,PUBLISHED,Published,,2005.0,2005,,AFR,2005,2005,Africa,,NGA,Nigeria,,MONTHS1-59,1-59 months,,,,,,,,CH9,Acute lower respiratory infectionsAcute lower respiratory infections,,21.3,21.31157,,,,,
6373,MORT_100,Number of deaths,https://www.who.int/data/gho/indicator-metadata-registry/imr-details/3365,,,,PUBLISHED,Published,,2005.0,2005,,AFR,2005,2005,Africa,,NGA,Nigeria,,YEARS0-4,0-4 years,,,,,,,,CH9,Acute lower respiratory infectionsAcute lower respiratory infections,,146440,146439.80000,,,,,
6374,MORT_300,Distribution of causes of death among children aged < 5 years (%),https://www.who.int/data/gho/indicator-metadata-registry/imr-details/89,,,,PUBLISHED,Published,,2005.0,2005,,AFR,2005,2005,Africa,,NGA,Nigeria,,DAYS0-27,0-27 days,,,,,,,,CH10,PrematurityPrematurity,,0.3,0.28049,,,,,
6375,MORT_200,Deaths per 1 000 live births,https://www.who.int/data/gho/indicator-metadata-registry/imr-details/3366,,,,PUBLISHED,Published,,2005.0,2005,,AFR,2005,2005,Africa,,NGA,Nigeria,,MONTHS1-59,1-59 months,,,,,,,,CH10,PrematurityPrematurity,,1.4,1.38257,,,,,
6376,MORT_100,Number of deaths,https://www.who.int/data/gho/indicator-metadata-registry/imr-details/3365,,,,PUBLISHED,Published,,2005.0,2005,,AFR,2005,2005,Africa,,NGA,Nigeria,,YEARS0-4,0-4 years,,,,,,,,CH10,PrematurityPrematurity,,78866,78866.38000,,,,,
6377,MORT_300,Distribution of causes of death among children aged < 5 years (%),https://www.who.int/data/gho/indicator-metadata-registry/imr-details/89,,,,PUBLISHED,Published,,2005.0,2005,,AFR,2005,2005,Africa,,NGA,Nigeria,,DAYS0-27,0-27 days,,,,,,,,CH11,Birth asphyxia and birth traumaBirth asphyxia and birth trauma,,0.3,0.33409,,,,,
6378,MORT_200,Deaths per 1 000 live births,https://www.who.int/data/gho/indicator-metadata-registry/imr-details/3366,,,,PUBLISHED,Published,,2005.0,2005,,AFR,2005,2005,Africa,,NGA,Nigeria,,MONTHS1-59,1-59 months,,,,,,,,CH11,Birth asphyxia and birth traumaBirth asphyxia and birth trauma,,1.6,1.56150,,,,,
6379,MORT_300,Distribution of causes of death among children aged < 5 years (%),https://www.who.int/data/gho/indicator-metadata-registry/imr-details/89,,,,PUBLISHED,Published,,2005.0,2005,,AFR,2005,2005,Africa,,NGA,Nigeria,,DAYS0-27,0-27 days,,,,,,,,CH12,Sepsis and other infectious conditions of the newbornSepsis and other infectious conditions of the newborn,,0.1,0.11960,,,,,
6380,MORT_200,Deaths per 1 000 live births,https://www.who.int/data/gho/indicator-metadata-registry/imr-details/3366,,,,PUBLISHED,Published,,2005.0,2005,,AFR,2005,2005,Africa,,NGA,Nigeria,,MONTHS1-59,1-59 months,,,,,,,,CH12,Sepsis and other infectious conditions of the newbornSepsis and other infectious conditions of the newborn,,0,0.00000,,,,,
6381,MORT_300,Distribution of causes of death among children aged < 5 years (%),https://www.who.int/data/gho/indicator-metadata-registry/imr-details/89,,,,PUBLISHED,Published,,2005.0,2005,,AFR,2005,2005,Africa,,NGA,Nigeria,,DAYS0-27,0-27 days,,,,,,,,CH13,"Other communicable, perinatal and nutritional conditionsOther communicable, perinatal and nutritional conditions",,0,0.04183,,,,,
6382,MORT_200,Deaths per 1 000 live births,https://www.who.int/data/gho/indicator-metadata-registry/imr-details/3366,,,,PUBLISHED,Published,,2005.0,2005,,AFR,2005,2005,Africa,,NGA,Nigeria,,MONTHS1-59,1-59 months,,,,,,,,CH13,"Other communicable, perinatal and nutritional conditionsOther communicable, perinatal and nutritional conditions",,9.3,9.31557,,,,,
6383,MORT_100,Number of deaths,https://www.who.int/data/gho/indicator-metadata-registry/imr-details/3365,,,,PUBLISHED,Published,,2005.0,2005,,AFR,2005,2005,Africa,,NGA,Nigeria,,DAYS0-27,0-27 days,,,,,,,,CH15,Congenital anomaliesCongenital anomalies,,14156,14155.65000,,,,,
6384,MORT_300,Distribution of causes of death among children aged < 5 years (%),https://www.who.int/data/gho/indicator-metadata-registry/imr-details/89,,,,PUBLISHED,Published,,2005.0,2005,,AFR,2005,2005,Africa,,NGA,Nigeria,,DAYS0-27,0-27 days,,,,,,,,CH15,Congenital anomaliesCongenital anomalies,,0.1,0.05618,,,,,
6385,MORT_100,Number of deaths,https://www.who.int/data/gho/indicator-metadata-registry/imr-details/3365,,,,PUBLISHED,Published,,2005.0,2005,,AFR,2005,2005,Africa,,NGA,Nigeria,,DAYS0-27,0-27 days,,,,,,,,CH16,Other noncommunicable diseasesOther noncommunicable diseases,,269,269.47230,,,,,
6386,MORT_300,Distribution of causes of death among children aged < 5 years (%),https://www.who.int/data/gho/indicator-metadata-registry/imr-details/89,,,,PUBLISHED,Published,,2005.0,2005,,AFR,2005,2005,Africa,,NGA,Nigeria,,DAYS0-27,0-27 days,,,,,,,,CH16,Other noncommunicable diseasesOther noncommunicable diseases,,0,0.00107,,,,,
6387,MORT_100,Number of deaths,https://www.who.int/data/gho/indicator-metadata-registry/imr-details/3365,,,,PUBLISHED,Published,,2005.0,2005,,AFR,2005,2005,Africa,,NGA,Nigeria,,DAYS0-27,0-27 days,,,,,,,,CH17,InjuriesInjuries,,3016,3016.48700,,,,,
6388,MORT_300,Distribution of causes of death among children aged < 5 years (%),https://www.who.int/data/gho/indicator-metadata-registry/imr-details/89,,,,PUBLISHED,Published,,2005.0,2005,,AFR,2005,2005,Africa,,NGA,Nigeria,,DAYS0-27,0-27 days,,,,,,,,CH17,InjuriesInjuries,,0,0.01197,,,,,
6389,MORT_200,Deaths per 1 000 live births,https://www.who.int/data/gho/indicator-metadata-registry/imr-details/3366,,,,PUBLISHED,Published,,2005.0,2005,,AFR,2005,2005,Africa,,NGA,Nigeria,,YEARS0-4,0-4 years,,,,,,,,CH17,InjuriesInjuries,,4.9,4.94176,,,,,
6390,MORT_100,Number of deaths,https://www.who.int/data/gho/indicator-metadata-registry/imr-details/3365,,,,PUBLISHED,Published,,2006.0,2006,,AFR,2006,2006,Africa,,NGA,Nigeria,,DAYS0-27,0-27 days,,,,,,,,CH2,HIV/AIDSHIV/AIDS,,242,241.53000,,,,,
6391,MORT_200,Deaths per 1 000 live births,https://www.who.int/data/gho/indicator-metadata-registry/imr-details/3366,,,,PUBLISHED,Published,,2006.0,2006,,AFR,2006,2006,Africa,,NGA,Nigeria,,YEARS0-4,0-4 years,,,,,,,,CH2,HIV/AIDSHIV/AIDS,,4,3.99082,,,,,
6392,MORT_100,Number of deaths,https://www.who.int/data/gho/indicator-metadata-registry/imr-details/3365,,,,PUBLISHED,Published,,2006.0,2006,,AFR,2006,2006,Africa,,NGA,Nigeria,,DAYS0-27,0-27 days,,,,,,,,CH3,Diarrhoeal diseasesDiarrhoeal diseases,,2366,2365.94900,,,,,
6393,MORT_200,Deaths per 1 000 live births,https://www.who.int/data/gho/indicator-metadata-registry/imr-details/3366,,,,PUBLISHED,Published,,2006.0,2006,,AFR,2006,2006,Africa,,NGA,Nigeria,,YEARS0-4,0-4 years,,,,,,,,CH3,Diarrhoeal diseasesDiarrhoeal diseases,,16.7,16.73736,,,,,
6394,MORT_100,Number of deaths,https://www.who.int/data/gho/indicator-metadata-registry/imr-details/3365,,,,PUBLISHED,Published,,2006.0,2006,,AFR,2006,2006,Africa,,NGA,Nigeria,,DAYS0-27,0-27 days,,,,,,,,CH5,TetanusTetanus,,11447,11447.15000,,,,,
6395,MORT_300,Distribution of causes of death among children aged < 5 years (%),https://www.who.int/data/gho/indicator-metadata-registry/imr-details/89,,,,PUBLISHED,Published,,2006.0,2006,,AFR,2006,2006,Africa,,NGA,Nigeria,,MONTHS1-59,1-59 months,,,,,,,,CH5,TetanusTetanus,,0,0.00015,,,,,
6396,MORT_200,Deaths per 1 000 live births,https://www.who.int/data/gho/indicator-metadata-registry/imr-details/3366,,,,PUBLISHED,Published,,2006.0,2006,,AFR,2006,2006,Africa,,NGA,Nigeria,,YEARS0-4,0-4 years,,,,,,,,CH5,TetanusTetanus,,1.9,1.90640,,,,,
6397,MORT_300,Distribution of causes of death among children aged < 5 years (%),https://www.who.int/data/gho/indicator-metadata-registry/imr-details/89,,,,PUBLISHED,Published,,2006.0,2006,,AFR,2006,2006,Africa,,NGA,Nigeria,,MONTHS1-59,1-59 months,,,,,,,,CH6,MeaslesMeasles,,0,0.01662,,,,,
6398,MORT_200,Deaths per 1 000 live births,https://www.who.int/data/gho/indicator-metadata-registry/imr-details/3366,,,,PUBLISHED,Published,,2006.0,2006,,AFR,2006,2006,Africa,,NGA,Nigeria,,YEARS0-4,0-4 years,,,,,,,,CH6,MeaslesMeasles,,1.7,1.66731,,,,,
6399,MORT_300,Distribution of causes of death among children aged < 5 years (%),https://www.who.int/data/gho/indicator-metadata-registry/imr-details/89,,,,PUBLISHED,Published,,2006.0,2006,,AFR,2006,2006,Africa,,NGA,Nigeria,,MONTHS1-59,1-59 months,,,,,,,,CH7,Meningitis/encephalitisMeningitis/encephalitis,,0,0.03121,,,,,
6400,MORT_200,Deaths per 1 000 live births,https://www.who.int/data/gho/indicator-metadata-registry/imr-details/3366,,,,PUBLISHED,Published,,2006.0,2006,,AFR,2006,2006,Africa,,NGA,Nigeria,,YEARS0-4,0-4 years,,,,,,,,CH7,Meningitis/encephalitisMeningitis/encephalitis,,3.7,3.74460,,,,,
6401,MORT_100,Number of deaths,https://www.who.int/data/gho/indicator-metadata-registry/imr-details/3365,,,,PUBLISHED,Published,,2006.0,2006,,AFR,2006,2006,Africa,,NGA,Nigeria,,MONTHS1-59,1-59 months,,,,,,,,CH8,MalariaMalaria,,189615,189615.30000,,,,,
6402,MORT_300,Distribution of causes of death among children aged < 5 years (%),https://www.who.int/data/gho/indicator-metadata-registry/imr-details/89,,,,PUBLISHED,Published,,2006.0,2006,,AFR,2006,2006,Africa,,NGA,Nigeria,,MONTHS1-59,1-59 months,,,,,,,,CH8,MalariaMalaria,,0.3,0.31227,,,,,
6403,MORT_100,Number of deaths,https://www.who.int/data/gho/indicator-metadata-registry/imr-details/3365,,,,PUBLISHED,Published,,2006.0,2006,,AFR,2006,2006,Africa,,NGA,Nigeria,,MONTHS1-59,1-59 months,,,,,,,,CH9,Acute lower respiratory infectionsAcute lower respiratory infections,,128999,128998.90000,,,,,
6404,MORT_300,Distribution of causes of death among children aged < 5 years (%),https://www.who.int/data/gho/indicator-metadata-registry/imr-details/89,,,,PUBLISHED,Published,,2006.0,2006,,AFR,2006,2006,Africa,,NGA,Nigeria,,MONTHS1-59,1-59 months,,,,,,,,CH9,Acute lower respiratory infectionsAcute lower respiratory infections,,0.2,0.21245,,,,,
6405,MORT_100,Number of deaths,https://www.who.int/data/gho/indicator-metadata-registry/imr-details/3365,,,,PUBLISHED,Published,,2006.0,2006,,AFR,2006,2006,Africa,,NGA,Nigeria,,MONTHS1-59,1-59 months,,,,,,,,CH10,PrematurityPrematurity,,8418,8418.25600,,,,,
6406,MORT_300,Distribution of causes of death among children aged < 5 years (%),https://www.who.int/data/gho/indicator-metadata-registry/imr-details/89,,,,PUBLISHED,Published,,2006.0,2006,,AFR,2006,2006,Africa,,NGA,Nigeria,,MONTHS1-59,1-59 months,,,,,,,,CH10,PrematurityPrematurity,,0,0.01386,,,,,
6407,MORT_200,Deaths per 1 000 live births,https://www.who.int/data/gho/indicator-metadata-registry/imr-details/3366,,,,PUBLISHED,Published,,2006.0,2006,,AFR,2006,2006,Africa,,NGA,Nigeria,,DAYS0-27,0-27 days,,,,,,,,CH11,Birth asphyxia and birth traumaBirth asphyxia and birth trauma,,13.9,13.85410,,,,,
6408,MORT_100,Number of deaths,https://www.who.int/data/gho/indicator-metadata-registry/imr-details/3365,,,,PUBLISHED,Published,,2006.0,2006,,AFR,2006,2006,Africa,,NGA,Nigeria,,MONTHS1-59,1-59 months,,,,,,,,CH11,Birth asphyxia and birth traumaBirth asphyxia and birth trauma,,9497,9497.38200,,,,,
6409,MORT_200,Deaths per 1 000 live births,https://www.who.int/data/gho/indicator-metadata-registry/imr-details/3366,,,,PUBLISHED,Published,,2006.0,2006,,AFR,2006,2006,Africa,,NGA,Nigeria,,DAYS0-27,0-27 days,,,,,,,,CH12,Sepsis and other infectious conditions of the newbornSepsis and other infectious conditions of the newborn,,5.1,5.13125,,,,,
6410,MORT_100,Number of deaths,https://www.who.int/data/gho/indicator-metadata-registry/imr-details/3365,,,,PUBLISHED,Published,,2006.0,2006,,AFR,2006,2006,Africa,,NGA,Nigeria,,MONTHS1-59,1-59 months,,,,,,,,CH12,Sepsis and other infectious conditions of the newbornSepsis and other infectious conditions of the newborn,,0,0.00000,,,,,
6411,MORT_200,Deaths per 1 000 live births,https://www.who.int/data/gho/indicator-metadata-registry/imr-details/3366,,,,PUBLISHED,Published,,2006.0,2006,,AFR,2006,2006,Africa,,NGA,Nigeria,,DAYS0-27,0-27 days,,,,,,,,CH13,"Other communicable, perinatal and nutritional conditionsOther communicable, perinatal and nutritional conditions",,1.7,1.71265,,,,,
6412,MORT_100,Number of deaths,https://www.who.int/data/gho/indicator-metadata-registry/imr-details/3365,,,,PUBLISHED,Published,,2006.0,2006,,AFR,2006,2006,Africa,,NGA,Nigeria,,MONTHS1-59,1-59 months,,,,,,,,CH13,"Other communicable, perinatal and nutritional conditionsOther communicable, perinatal and nutritional conditions",,56522,56522.21000,,,,,
6413,MORT_300,Distribution of causes of death among children aged < 5 years (%),https://www.who.int/data/gho/indicator-metadata-registry/imr-details/89,,,,PUBLISHED,Published,,2006.0,2006,,AFR,2006,2006,Africa,,NGA,Nigeria,,YEARS0-4,0-4 years,,,,,,,,CH13,"Other communicable, perinatal and nutritional conditionsOther communicable, perinatal and nutritional conditions",,0.1,0.07792,,,,,
6414,MORT_200,Deaths per 1 000 live births,https://www.who.int/data/gho/indicator-metadata-registry/imr-details/3366,,,,PUBLISHED,Published,,2006.0,2006,,AFR,2006,2006,Africa,,NGA,Nigeria,,DAYS0-27,0-27 days,,,,,,,,CH15,Congenital anomaliesCongenital anomalies,,2.3,2.32491,,,,,
6415,MORT_300,Distribution of causes of death among children aged < 5 years (%),https://www.who.int/data/gho/indicator-metadata-registry/imr-details/89,,,,PUBLISHED,Published,,2006.0,2006,,AFR,2006,2006,Africa,,NGA,Nigeria,,YEARS0-4,0-4 years,,,,,,,,CH15,Congenital anomaliesCongenital anomalies,,0,0.03448,,,,,
6416,MORT_200,Deaths per 1 000 live births,https://www.who.int/data/gho/indicator-metadata-registry/imr-details/3366,,,,PUBLISHED,Published,,2006.0,2006,,AFR,2006,2006,Africa,,NGA,Nigeria,,DAYS0-27,0-27 days,,,,,,,,CH16,Other noncommunicable diseasesOther noncommunicable diseases,,0,0.04601,,,,,
6417,MORT_300,Distribution of causes of death among children aged < 5 years (%),https://www.who.int/data/gho/indicator-metadata-registry/imr-details/89,,,,PUBLISHED,Published,,2006.0,2006,,AFR,2006,2006,Africa,,NGA,Nigeria,,YEARS0-4,0-4 years,,,,,,,,CH16,Other noncommunicable diseasesOther noncommunicable diseases,,0,0.02274,,,,,
6418,MORT_200,Deaths per 1 000 live births,https://www.who.int/data/gho/indicator-metadata-registry/imr-details/3366,,,,PUBLISHED,Published,,2006.0,2006,,AFR,2006,2006,Africa,,NGA,Nigeria,,DAYS0-27,0-27 days,,,,,,,,CH17,InjuriesInjuries,,0.5,0.50296,,,,,
6419,MORT_100,Number of deaths,https://www.who.int/data/gho/indicator-metadata-registry/imr-details/3365,,,,PUBLISHED,Published,,2006.0,2006,,AFR,2006,2006,Africa,,NGA,Nigeria,,YEARS0-4,0-4 years,,,,,,,,CH17,InjuriesInjuries,,30455,30454.96000,,,,,
6420,MORT_300,Distribution of causes of death among children aged < 5 years (%),https://www.who.int/data/gho/indicator-metadata-registry/imr-details/89,,,,PUBLISHED,Published,,2006.0,2006,,AFR,2006,2006,Africa,,NGA,Nigeria,,YEARS0-4,0-4 years,,,,,,,,CH17,InjuriesInjuries,,0,0.03548,,,,,
6421,MORT_200,Deaths per 1 000 live births,https://www.who.int/data/gho/indicator-metadata-registry/imr-details/3366,,,,PUBLISHED,Published,,2007.0,2007,,AFR,2007,2007,Africa,,NGA,Nigeria,,DAYS0-27,0-27 days,,,,,,,,CH2,HIV/AIDSHIV/AIDS,,0,0.03815,,,,,
6422,MORT_100,Number of deaths,https://www.who.int/data/gho/indicator-metadata-registry/imr-details/3365,,,,PUBLISHED,Published,,2007.0,2007,,AFR,2007,2007,Africa,,NGA,Nigeria,,YEARS0-4,0-4 years,,,,,,,,CH2,HIV/AIDSHIV/AIDS,,23580,23580.00000,,,,,
6423,MORT_300,Distribution of causes of death among children aged < 5 years (%),https://www.who.int/data/gho/indicator-metadata-registry/imr-details/89,,,,PUBLISHED,Published,,2007.0,2007,,AFR,2007,2007,Africa,,NGA,Nigeria,,YEARS0-4,0-4 years,,,,,,,,CH2,HIV/AIDSHIV/AIDS,,0,0.02797,,,,,
6424,MORT_100,Number of deaths,https://www.who.int/data/gho/indicator-metadata-registry/imr-details/3365,,,,PUBLISHED,Published,,2007.0,2007,,AFR,2007,2007,Africa,,NGA,Nigeria,,YEARS0-4,0-4 years,,,,,,,,CH3,Diarrhoeal diseasesDiarrhoeal diseases,,98166,98165.51000,,,,,
6425,MORT_300,Distribution of causes of death among children aged < 5 years (%),https://www.who.int/data/gho/indicator-metadata-registry/imr-details/89,,,,PUBLISHED,Published,,2007.0,2007,,AFR,2007,2007,Africa,,NGA,Nigeria,,YEARS0-4,0-4 years,,,,,,,,CH3,Diarrhoeal diseasesDiarrhoeal diseases,,0.1,0.11646,,,,,
6426,MORT_200,Deaths per 1 000 live births,https://www.who.int/data/gho/indicator-metadata-registry/imr-details/3366,,,,PUBLISHED,Published,,2007.0,2007,,AFR,2007,2007,Africa,,NGA,Nigeria,,MONTHS1-59,1-59 months,,,,,,,,CH5,TetanusTetanus,,0,0.01390,,,,,
6427,MORT_100,Number of deaths,https://www.who.int/data/gho/indicator-metadata-registry/imr-details/3365,,,,PUBLISHED,Published,,2007.0,2007,,AFR,2007,2007,Africa,,NGA,Nigeria,,YEARS0-4,0-4 years,,,,,,,,CH5,TetanusTetanus,,10584,10583.62000,,,,,
6428,MORT_300,Distribution of causes of death among children aged < 5 years (%),https://www.who.int/data/gho/indicator-metadata-registry/imr-details/89,,,,PUBLISHED,Published,,2007.0,2007,,AFR,2007,2007,Africa,,NGA,Nigeria,,YEARS0-4,0-4 years,,,,,,,,CH5,TetanusTetanus,,0,0.01256,,,,,
6429,MORT_200,Deaths per 1 000 live births,https://www.who.int/data/gho/indicator-metadata-registry/imr-details/3366,,,,PUBLISHED,Published,,2007.0,2007,,AFR,2007,2007,Africa,,NGA,Nigeria,,MONTHS1-59,1-59 months,,,,,,,,CH6,MeaslesMeasles,,1,0.97299,,,,,
6430,MORT_100,Number of deaths,https://www.who.int/data/gho/indicator-metadata-registry/imr-details/3365,,,,PUBLISHED,Published,,2007.0,2007,,AFR,2007,2007,Africa,,NGA,Nigeria,,YEARS0-4,0-4 years,,,,,,,,CH6,MeaslesMeasles,,6014,6014.46100,,,,,
6431,MORT_200,Deaths per 1 000 live births,https://www.who.int/data/gho/indicator-metadata-registry/imr-details/3366,,,,PUBLISHED,Published,,2007.0,2007,,AFR,2007,2007,Africa,,NGA,Nigeria,,MONTHS1-59,1-59 months,,,,,,,,CH7,Meningitis/encephalitisMeningitis/encephalitis,,3,3.04935,,,,,
6432,MORT_100,Number of deaths,https://www.who.int/data/gho/indicator-metadata-registry/imr-details/3365,,,,PUBLISHED,Published,,2007.0,2007,,AFR,2007,2007,Africa,,NGA,Nigeria,,YEARS0-4,0-4 years,,,,,,,,CH7,Meningitis/encephalitisMeningitis/encephalitis,,22612,22611.65000,,,,,
6433,MORT_300,Distribution of causes of death among children aged < 5 years (%),https://www.who.int/data/gho/indicator-metadata-registry/imr-details/89,,,,PUBLISHED,Published,,2007.0,2007,,AFR,2007,2007,Africa,,NGA,Nigeria,,DAYS0-27,0-27 days,,,,,,,,CH8,MalariaMalaria,,0,0.00000,,,,,
6434,MORT_200,Deaths per 1 000 live births,https://www.who.int/data/gho/indicator-metadata-registry/imr-details/3366,,,,PUBLISHED,Published,,2007.0,2007,,AFR,2007,2007,Africa,,NGA,Nigeria,,MONTHS1-59,1-59 months,,,,,,,,CH8,MalariaMalaria,,28.9,28.90231,,,,,
6435,MORT_100,Number of deaths,https://www.who.int/data/gho/indicator-metadata-registry/imr-details/3365,,,,PUBLISHED,Published,,2007.0,2007,,AFR,2007,2007,Africa,,NGA,Nigeria,,YEARS0-4,0-4 years,,,,,,,,CH8,MalariaMalaria,,178658,178657.50000,,,,,
6436,MORT_300,Distribution of causes of death among children aged < 5 years (%),https://www.who.int/data/gho/indicator-metadata-registry/imr-details/89,,,,PUBLISHED,Published,,2007.0,2007,,AFR,2007,2007,Africa,,NGA,Nigeria,,DAYS0-27,0-27 days,,,,,,,,CH9,Acute lower respiratory infectionsAcute lower respiratory infections,,0.1,0.07948,,,,,
6437,MORT_200,Deaths per 1 000 live births,https://www.who.int/data/gho/indicator-metadata-registry/imr-details/3366,,,,PUBLISHED,Published,,2007.0,2007,,AFR,2007,2007,Africa,,NGA,Nigeria,,MONTHS1-59,1-59 months,,,,,,,,CH9,Acute lower respiratory infectionsAcute lower respiratory infections,,21.1,21.06847,,,,,
6438,MORT_300,Distribution of causes of death among children aged < 5 years (%),https://www.who.int/data/gho/indicator-metadata-registry/imr-details/89,,,,PUBLISHED,Published,,2007.0,2007,,AFR,2007,2007,Africa,,NGA,Nigeria,,DAYS0-27,0-27 days,,,,,,,,CH10,PrematurityPrematurity,,0.3,0.28334,,,,,
6439,MORT_200,Deaths per 1 000 live births,https://www.who.int/data/gho/indicator-metadata-registry/imr-details/3366,,,,PUBLISHED,Published,,2007.0,2007,,AFR,2007,2007,Africa,,NGA,Nigeria,,MONTHS1-59,1-59 months,,,,,,,,CH10,PrematurityPrematurity,,1.4,1.38002,,,,,
6440,MORT_300,Distribution of causes of death among children aged < 5 years (%),https://www.who.int/data/gho/indicator-metadata-registry/imr-details/89,,,,PUBLISHED,Published,,2007.0,2007,,AFR,2007,2007,Africa,,NGA,Nigeria,,DAYS0-27,0-27 days,,,,,,,,CH11,Birth asphyxia and birth traumaBirth asphyxia and birth trauma,,0.3,0.33188,,,,,
6441,MORT_200,Deaths per 1 000 live births,https://www.who.int/data/gho/indicator-metadata-registry/imr-details/3366,,,,PUBLISHED,Published,,2007.0,2007,,AFR,2007,2007,Africa,,NGA,Nigeria,,MONTHS1-59,1-59 months,,,,,,,,CH11,Birth asphyxia and birth traumaBirth asphyxia and birth trauma,,1.6,1.56200,,,,,
6442,MORT_100,Number of deaths,https://www.who.int/data/gho/indicator-metadata-registry/imr-details/3365,,,,PUBLISHED,Published,,2007.0,2007,,AFR,2007,2007,Africa,,NGA,Nigeria,,DAYS0-27,0-27 days,,,,,,,,CH12,Sepsis and other infectious conditions of the newbornSepsis and other infectious conditions of the newborn,,32301,32300.86000,,,,,
6443,MORT_300,Distribution of causes of death among children aged < 5 years (%),https://www.who.int/data/gho/indicator-metadata-registry/imr-details/89,,,,PUBLISHED,Published,,2007.0,2007,,AFR,2007,2007,Africa,,NGA,Nigeria,,DAYS0-27,0-27 days,,,,,,,,CH12,Sepsis and other infectious conditions of the newbornSepsis and other infectious conditions of the newborn,,0.1,0.12880,,,,,
6444,MORT_100,Number of deaths,https://www.who.int/data/gho/indicator-metadata-registry/imr-details/3365,,,,PUBLISHED,Published,,2007.0,2007,,AFR,2007,2007,Africa,,NGA,Nigeria,,DAYS0-27,0-27 days,,,,,,,,CH13,"Other communicable, perinatal and nutritional conditionsOther communicable, perinatal and nutritional conditions",,10149,10148.87000,,,,,
6445,MORT_300,Distribution of causes of death among children aged < 5 years (%),https://www.who.int/data/gho/indicator-metadata-registry/imr-details/89,,,,PUBLISHED,Published,,2007.0,2007,,AFR,2007,2007,Africa,,NGA,Nigeria,,DAYS0-27,0-27 days,,,,,,,,CH13,"Other communicable, perinatal and nutritional conditionsOther communicable, perinatal and nutritional conditions",,0,0.04047,,,,,
6446,MORT_100,Number of deaths,https://www.who.int/data/gho/indicator-metadata-registry/imr-details/3365,,,,PUBLISHED,Published,,2007.0,2007,,AFR,2007,2007,Africa,,NGA,Nigeria,,DAYS0-27,0-27 days,,,,,,,,CH15,Congenital anomaliesCongenital anomalies,,14025,14025.33000,,,,,
6447,MORT_300,Distribution of causes of death among children aged < 5 years (%),https://www.who.int/data/gho/indicator-metadata-registry/imr-details/89,,,,PUBLISHED,Published,,2007.0,2007,,AFR,2007,2007,Africa,,NGA,Nigeria,,DAYS0-27,0-27 days,,,,,,,,CH15,Congenital anomaliesCongenital anomalies,,0.1,0.05593,,,,,
6448,MORT_200,Deaths per 1 000 live births,https://www.who.int/data/gho/indicator-metadata-registry/imr-details/3366,,,,PUBLISHED,Published,,2007.0,2007,,AFR,2007,2007,Africa,,NGA,Nigeria,,YEARS0-4,0-4 years,,,,,,,,CH15,Congenital anomaliesCongenital anomalies,,4.8,4.84181,,,,,
6449,MORT_100,Number of deaths,https://www.who.int/data/gho/indicator-metadata-registry/imr-details/3365,,,,PUBLISHED,Published,,2007.0,2007,,AFR,2007,2007,Africa,,NGA,Nigeria,,DAYS0-27,0-27 days,,,,,,,,CH16,Other noncommunicable diseasesOther noncommunicable diseases,,286,286.37730,,,,,
6450,MORT_200,Deaths per 1 000 live births,https://www.who.int/data/gho/indicator-metadata-registry/imr-details/3366,,,,PUBLISHED,Published,,2007.0,2007,,AFR,2007,2007,Africa,,NGA,Nigeria,,YEARS0-4,0-4 years,,,,,,,,CH16,Other noncommunicable diseasesOther noncommunicable diseases,,3.2,3.19662,,,,,
6451,MORT_100,Number of deaths,https://www.who.int/data/gho/indicator-metadata-registry/imr-details/3365,,,,PUBLISHED,Published,,2007.0,2007,,AFR,2007,2007,Africa,,NGA,Nigeria,,DAYS0-27,0-27 days,,,,,,,,CH17,InjuriesInjuries,,3058,3057.83000,,,,,
6452,MORT_200,Deaths per 1 000 live births,https://www.who.int/data/gho/indicator-metadata-registry/imr-details/3366,,,,PUBLISHED,Published,,2007.0,2007,,AFR,2007,2007,Africa,,NGA,Nigeria,,YEARS0-4,0-4 years,,,,,,,,CH17,InjuriesInjuries,,5.1,5.07027,,,,,
6453,MORT_100,Number of deaths,https://www.who.int/data/gho/indicator-metadata-registry/imr-details/3365,,,,PUBLISHED,Published,,2008.0,2008,,AFR,2008,2008,Africa,,NGA,Nigeria,,DAYS0-27,0-27 days,,,,,,,,CH2,HIV/AIDSHIV/AIDS,,228,227.71000,,,,,
6454,MORT_300,Distribution of causes of death among children aged < 5 years (%),https://www.who.int/data/gho/indicator-metadata-registry/imr-details/89,,,,PUBLISHED,Published,,2008.0,2008,,AFR,2008,2008,Africa,,NGA,Nigeria,,MONTHS1-59,1-59 months,,,,,,,,CH2,HIV/AIDSHIV/AIDS,,0,0.03834,,,,,
6455,MORT_200,Deaths per 1 000 live births,https://www.who.int/data/gho/indicator-metadata-registry/imr-details/3366,,,,PUBLISHED,Published,,2008.0,2008,,AFR,2008,2008,Africa,,NGA,Nigeria,,YEARS0-4,0-4 years,,,,,,,,CH2,HIV/AIDSHIV/AIDS,,3.6,3.60760,,,,,
6456,MORT_300,Distribution of causes of death among children aged < 5 years (%),https://www.who.int/data/gho/indicator-metadata-registry/imr-details/89,,,,PUBLISHED,Published,,2008.0,2008,,AFR,2008,2008,Africa,,NGA,Nigeria,,MONTHS1-59,1-59 months,,,,,,,,CH3,Diarrhoeal diseasesDiarrhoeal diseases,,0.2,0.15613,,,,,
6457,MORT_200,Deaths per 1 000 live births,https://www.who.int/data/gho/indicator-metadata-registry/imr-details/3366,,,,PUBLISHED,Published,,2008.0,2008,,AFR,2008,2008,Africa,,NGA,Nigeria,,YEARS0-4,0-4 years,,,,,,,,CH3,Diarrhoeal diseasesDiarrhoeal diseases,,14.9,14.88693,,,,,
6458,MORT_300,Distribution of causes of death among children aged < 5 years (%),https://www.who.int/data/gho/indicator-metadata-registry/imr-details/89,,,,PUBLISHED,Published,,2008.0,2008,,AFR,2008,2008,Africa,,NGA,Nigeria,,MONTHS1-59,1-59 months,,,,,,,,CH5,TetanusTetanus,,0,0.00014,,,,,
6459,MORT_200,Deaths per 1 000 live births,https://www.who.int/data/gho/indicator-metadata-registry/imr-details/3366,,,,PUBLISHED,Published,,2008.0,2008,,AFR,2008,2008,Africa,,NGA,Nigeria,,YEARS0-4,0-4 years,,,,,,,,CH5,TetanusTetanus,,1.5,1.53308,,,,,
6460,MORT_100,Number of deaths,https://www.who.int/data/gho/indicator-metadata-registry/imr-details/3365,,,,PUBLISHED,Published,,2008.0,2008,,AFR,2008,2008,Africa,,NGA,Nigeria,,MONTHS1-59,1-59 months,,,,,,,,CH6,MeaslesMeasles,,13344,13344.21000,,,,,
6461,MORT_300,Distribution of causes of death among children aged < 5 years (%),https://www.who.int/data/gho/indicator-metadata-registry/imr-details/89,,,,PUBLISHED,Published,,2008.0,2008,,AFR,2008,2008,Africa,,NGA,Nigeria,,MONTHS1-59,1-59 months,,,,,,,,CH6,MeaslesMeasles,,0,0.02269,,,,,
6462,MORT_100,Number of deaths,https://www.who.int/data/gho/indicator-metadata-registry/imr-details/3365,,,,PUBLISHED,Published,,2008.0,2008,,AFR,2008,2008,Africa,,NGA,Nigeria,,MONTHS1-59,1-59 months,,,,,,,,CH7,Meningitis/encephalitisMeningitis/encephalitis,,29061,29060.94000,,,,,
6463,MORT_300,Distribution of causes of death among children aged < 5 years (%),https://www.who.int/data/gho/indicator-metadata-registry/imr-details/89,,,,PUBLISHED,Published,,2008.0,2008,,AFR,2008,2008,Africa,,NGA,Nigeria,,MONTHS1-59,1-59 months,,,,,,,,CH7,Meningitis/encephalitisMeningitis/encephalitis,,0,0.04942,,,,,
6464,MORT_100,Number of deaths,https://www.who.int/data/gho/indicator-metadata-registry/imr-details/3365,,,,PUBLISHED,Published,,2008.0,2008,,AFR,2008,2008,Africa,,NGA,Nigeria,,MONTHS1-59,1-59 months,,,,,,,,CH8,MalariaMalaria,,161712,161712.30000,,,,,
6465,MORT_300,Distribution of causes of death among children aged < 5 years (%),https://www.who.int/data/gho/indicator-metadata-registry/imr-details/89,,,,PUBLISHED,Published,,2008.0,2008,,AFR,2008,2008,Africa,,NGA,Nigeria,,MONTHS1-59,1-59 months,,,,,,,,CH8,MalariaMalaria,,0.3,0.27503,,,,,
6466,MORT_200,Deaths per 1 000 live births,https://www.who.int/data/gho/indicator-metadata-registry/imr-details/3366,,,,PUBLISHED,Published,,2008.0,2008,,AFR,2008,2008,Africa,,NGA,Nigeria,,DAYS0-27,0-27 days,,,,,,,,CH9,Acute lower respiratory infectionsAcute lower respiratory infections,,3.1,3.13442,,,,,
6467,MORT_100,Number of deaths,https://www.who.int/data/gho/indicator-metadata-registry/imr-details/3365,,,,PUBLISHED,Published,,2008.0,2008,,AFR,2008,2008,Africa,,NGA,Nigeria,,MONTHS1-59,1-59 months,,,,,,,,CH9,Acute lower respiratory infectionsAcute lower respiratory infections,,129761,129761.10000,,,,,
6468,MORT_200,Deaths per 1 000 live births,https://www.who.int/data/gho/indicator-metadata-registry/imr-details/3366,,,,PUBLISHED,Published,,2008.0,2008,,AFR,2008,2008,Africa,,NGA,Nigeria,,DAYS0-27,0-27 days,,,,,,,,CH10,PrematurityPrematurity,,11.3,11.34170,,,,,
6469,MORT_100,Number of deaths,https://www.who.int/data/gho/indicator-metadata-registry/imr-details/3365,,,,PUBLISHED,Published,,2008.0,2008,,AFR,2008,2008,Africa,,NGA,Nigeria,,MONTHS1-59,1-59 months,,,,,,,,CH10,PrematurityPrematurity,,8539,8538.63300,,,,,
6470,MORT_200,Deaths per 1 000 live births,https://www.who.int/data/gho/indicator-metadata-registry/imr-details/3366,,,,PUBLISHED,Published,,2008.0,2008,,AFR,2008,2008,Africa,,NGA,Nigeria,,DAYS0-27,0-27 days,,,,,,,,CH11,Birth asphyxia and birth traumaBirth asphyxia and birth trauma,,13,13.04728,,,,,
6471,MORT_100,Number of deaths,https://www.who.int/data/gho/indicator-metadata-registry/imr-details/3365,,,,PUBLISHED,Published,,2008.0,2008,,AFR,2008,2008,Africa,,NGA,Nigeria,,MONTHS1-59,1-59 months,,,,,,,,CH11,Birth asphyxia and birth traumaBirth asphyxia and birth trauma,,9683,9682.52900,,,,,
6472,MORT_300,Distribution of causes of death among children aged < 5 years (%),https://www.who.int/data/gho/indicator-metadata-registry/imr-details/89,,,,PUBLISHED,Published,,2008.0,2008,,AFR,2008,2008,Africa,,NGA,Nigeria,,YEARS0-4,0-4 years,,,,,,,,CH11,Birth asphyxia and birth traumaBirth asphyxia and birth trauma,,0.1,0.10976,,,,,
6473,MORT_200,Deaths per 1 000 live births,https://www.who.int/data/gho/indicator-metadata-registry/imr-details/3366,,,,PUBLISHED,Published,,2008.0,2008,,AFR,2008,2008,Africa,,NGA,Nigeria,,DAYS0-27,0-27 days,,,,,,,,CH12,Sepsis and other infectious conditions of the newbornSepsis and other infectious conditions of the newborn,,5.3,5.31923,,,,,
6474,MORT_300,Distribution of causes of death among children aged < 5 years (%),https://www.who.int/data/gho/indicator-metadata-registry/imr-details/89,,,,PUBLISHED,Published,,2008.0,2008,,AFR,2008,2008,Africa,,NGA,Nigeria,,YEARS0-4,0-4 years,,,,,,,,CH12,Sepsis and other infectious conditions of the newbornSepsis and other infectious conditions of the newborn,,0,0.04004,,,,,
6475,MORT_200,Deaths per 1 000 live births,https://www.who.int/data/gho/indicator-metadata-registry/imr-details/3366,,,,PUBLISHED,Published,,2008.0,2008,,AFR,2008,2008,Africa,,NGA,Nigeria,,DAYS0-27,0-27 days,,,,,,,,CH13,"Other communicable, perinatal and nutritional conditionsOther communicable, perinatal and nutritional conditions",,1.6,1.57712,,,,,
6476,MORT_300,Distribution of causes of death among children aged < 5 years (%),https://www.who.int/data/gho/indicator-metadata-registry/imr-details/89,,,,PUBLISHED,Published,,2008.0,2008,,AFR,2008,2008,Africa,,NGA,Nigeria,,YEARS0-4,0-4 years,,,,,,,,CH13,"Other communicable, perinatal and nutritional conditionsOther communicable, perinatal and nutritional conditions",,0.1,0.08003,,,,,
6477,MORT_200,Deaths per 1 000 live births,https://www.who.int/data/gho/indicator-metadata-registry/imr-details/3366,,,,PUBLISHED,Published,,2008.0,2008,,AFR,2008,2008,Africa,,NGA,Nigeria,,DAYS0-27,0-27 days,,,,,,,,CH15,Congenital anomaliesCongenital anomalies,,2.2,2.22004,,,,,
6478,MORT_100,Number of deaths,https://www.who.int/data/gho/indicator-metadata-registry/imr-details/3365,,,,PUBLISHED,Published,,2008.0,2008,,AFR,2008,2008,Africa,,NGA,Nigeria,,YEARS0-4,0-4 years,,,,,,,,CH15,Congenital anomaliesCongenital anomalies,,30092,30092.25000,,,,,
6479,MORT_300,Distribution of causes of death among children aged < 5 years (%),https://www.who.int/data/gho/indicator-metadata-registry/imr-details/89,,,,PUBLISHED,Published,,2008.0,2008,,AFR,2008,2008,Africa,,NGA,Nigeria,,YEARS0-4,0-4 years,,,,,,,,CH15,Congenital anomaliesCongenital anomalies,,0,0.03589,,,,,
6480,MORT_100,Number of deaths,https://www.who.int/data/gho/indicator-metadata-registry/imr-details/3365,,,,PUBLISHED,Published,,2008.0,2008,,AFR,2008,2008,Africa,,NGA,Nigeria,,YEARS0-4,0-4 years,,,,,,,,CH16,Other noncommunicable diseasesOther noncommunicable diseases,,19741,19740.73000,,,,,
6481,MORT_300,Distribution of causes of death among children aged < 5 years (%),https://www.who.int/data/gho/indicator-metadata-registry/imr-details/89,,,,PUBLISHED,Published,,2008.0,2008,,AFR,2008,2008,Africa,,NGA,Nigeria,,YEARS0-4,0-4 years,,,,,,,,CH16,Other noncommunicable diseasesOther noncommunicable diseases,,0,0.02354,,,,,
6482,MORT_100,Number of deaths,https://www.who.int/data/gho/indicator-metadata-registry/imr-details/3365,,,,PUBLISHED,Published,,2008.0,2008,,AFR,2008,2008,Africa,,NGA,Nigeria,,YEARS0-4,0-4 years,,,,,,,,CH17,InjuriesInjuries,,31869,31869.45000,,,,,
6483,MORT_300,Distribution of causes of death among children aged < 5 years (%),https://www.who.int/data/gho/indicator-metadata-registry/imr-details/89,,,,PUBLISHED,Published,,2008.0,2008,,AFR,2008,2008,Africa,,NGA,Nigeria,,YEARS0-4,0-4 years,,,,,,,,CH17,InjuriesInjuries,,0,0.03801,,,,,
6484,MORT_200,Deaths per 1 000 live births,https://www.who.int/data/gho/indicator-metadata-registry/imr-details/3366,,,,PUBLISHED,Published,,2009.0,2009,,AFR,2009,2009,Africa,,NGA,Nigeria,,MONTHS1-59,1-59 months,,,,,,,,CH2,HIV/AIDSHIV/AIDS,,3.4,3.41925,,,,,
6485,MORT_100,Number of deaths,https://www.who.int/data/gho/indicator-metadata-registry/imr-details/3365,,,,PUBLISHED,Published,,2009.0,2009,,AFR,2009,2009,Africa,,NGA,Nigeria,,YEARS0-4,0-4 years,,,,,,,,CH2,HIV/AIDSHIV/AIDS,,22252,22252.00000,,,,,
6486,MORT_300,Distribution of causes of death among children aged < 5 years (%),https://www.who.int/data/gho/indicator-metadata-registry/imr-details/89,,,,PUBLISHED,Published,,2009.0,2009,,AFR,2009,2009,Africa,,NGA,Nigeria,,YEARS0-4,0-4 years,,,,,,,,CH2,HIV/AIDSHIV/AIDS,,0,0.02730,,,,,
6487,MORT_200,Deaths per 1 000 live births,https://www.who.int/data/gho/indicator-metadata-registry/imr-details/3366,,,,PUBLISHED,Published,,2009.0,2009,,AFR,2009,2009,Africa,,NGA,Nigeria,,MONTHS1-59,1-59 months,,,,,,,,CH3,Diarrhoeal diseasesDiarrhoeal diseases,,13.9,13.90114,,,,,
6488,MORT_100,Number of deaths,https://www.who.int/data/gho/indicator-metadata-registry/imr-details/3365,,,,PUBLISHED,Published,,2009.0,2009,,AFR,2009,2009,Africa,,NGA,Nigeria,,YEARS0-4,0-4 years,,,,,,,,CH3,Diarrhoeal diseasesDiarrhoeal diseases,,91676,91676.11000,,,,,
6489,MORT_200,Deaths per 1 000 live births,https://www.who.int/data/gho/indicator-metadata-registry/imr-details/3366,,,,PUBLISHED,Published,,2009.0,2009,,AFR,2009,2009,Africa,,NGA,Nigeria,,MONTHS1-59,1-59 months,,,,,,,,CH5,TetanusTetanus,,0,0.01180,,,,,
6490,MORT_100,Number of deaths,https://www.who.int/data/gho/indicator-metadata-registry/imr-details/3365,,,,PUBLISHED,Published,,2009.0,2009,,AFR,2009,2009,Africa,,NGA,Nigeria,,YEARS0-4,0-4 years,,,,,,,,CH5,TetanusTetanus,,8903,8902.98600,,,,,
6491,MORT_300,Distribution of causes of death among children aged < 5 years (%),https://www.who.int/data/gho/indicator-metadata-registry/imr-details/89,,,,PUBLISHED,Published,,2009.0,2009,,AFR,2009,2009,Africa,,NGA,Nigeria,,DAYS0-27,0-27 days,,,,,,,,CH6,MeaslesMeasles,,0,0.00000,,,,,
6492,MORT_200,Deaths per 1 000 live births,https://www.who.int/data/gho/indicator-metadata-registry/imr-details/3366,,,,PUBLISHED,Published,,2009.0,2009,,AFR,2009,2009,Africa,,NGA,Nigeria,,MONTHS1-59,1-59 months,,,,,,,,CH6,MeaslesMeasles,,0.4,0.35186,,,,,
6493,MORT_100,Number of deaths,https://www.who.int/data/gho/indicator-metadata-registry/imr-details/3365,,,,PUBLISHED,Published,,2009.0,2009,,AFR,2009,2009,Africa,,NGA,Nigeria,,YEARS0-4,0-4 years,,,,,,,,CH6,MeaslesMeasles,,2267,2266.97400,,,,,
6494,MORT_300,Distribution of causes of death among children aged < 5 years (%),https://www.who.int/data/gho/indicator-metadata-registry/imr-details/89,,,,PUBLISHED,Published,,2009.0,2009,,AFR,2009,2009,Africa,,NGA,Nigeria,,DAYS0-27,0-27 days,,,,,,,,CH7,Meningitis/encephalitisMeningitis/encephalitis,,0,0.01627,,,,,
6495,MORT_200,Deaths per 1 000 live births,https://www.who.int/data/gho/indicator-metadata-registry/imr-details/3366,,,,PUBLISHED,Published,,2009.0,2009,,AFR,2009,2009,Africa,,NGA,Nigeria,,MONTHS1-59,1-59 months,,,,,,,,CH7,Meningitis/encephalitisMeningitis/encephalitis,,4.5,4.53327,,,,,
6496,MORT_300,Distribution of causes of death among children aged < 5 years (%),https://www.who.int/data/gho/indicator-metadata-registry/imr-details/89,,,,PUBLISHED,Published,,2009.0,2009,,AFR,2009,2009,Africa,,NGA,Nigeria,,DAYS0-27,0-27 days,,,,,,,,CH8,MalariaMalaria,,0,0.00000,,,,,
6497,MORT_200,Deaths per 1 000 live births,https://www.who.int/data/gho/indicator-metadata-registry/imr-details/3366,,,,PUBLISHED,Published,,2009.0,2009,,AFR,2009,2009,Africa,,NGA,Nigeria,,MONTHS1-59,1-59 months,,,,,,,,CH8,MalariaMalaria,,22.9,22.86253,,,,,
6498,MORT_300,Distribution of causes of death among children aged < 5 years (%),https://www.who.int/data/gho/indicator-metadata-registry/imr-details/89,,,,PUBLISHED,Published,,2009.0,2009,,AFR,2009,2009,Africa,,NGA,Nigeria,,DAYS0-27,0-27 days,,,,,,,,CH9,Acute lower respiratory infectionsAcute lower respiratory infections,,0.1,0.07862,,,,,
6499,MORT_200,Deaths per 1 000 live births,https://www.who.int/data/gho/indicator-metadata-registry/imr-details/3366,,,,PUBLISHED,Published,,2009.0,2009,,AFR,2009,2009,Africa,,NGA,Nigeria,,MONTHS1-59,1-59 months,,,,,,,,CH9,Acute lower respiratory infectionsAcute lower respiratory infections,,20.5,20.45101,,,,,
6500,MORT_100,Number of deaths,https://www.who.int/data/gho/indicator-metadata-registry/imr-details/3365,,,,PUBLISHED,Published,,2009.0,2009,,AFR,2009,2009,Africa,,NGA,Nigeria,,DAYS0-27,0-27 days,,,,,,,,CH10,PrematurityPrematurity,,72288,72288.38000,,,,,
6501,MORT_300,Distribution of causes of death among children aged < 5 years (%),https://www.who.int/data/gho/indicator-metadata-registry/imr-details/89,,,,PUBLISHED,Published,,2009.0,2009,,AFR,2009,2009,Africa,,NGA,Nigeria,,DAYS0-27,0-27 days,,,,,,,,CH10,PrematurityPrematurity,,0.3,0.28942,,,,,
6502,MORT_100,Number of deaths,https://www.who.int/data/gho/indicator-metadata-registry/imr-details/3365,,,,PUBLISHED,Published,,2009.0,2009,,AFR,2009,2009,Africa,,NGA,Nigeria,,DAYS0-27,0-27 days,,,,,,,,CH11,Birth asphyxia and birth traumaBirth asphyxia and birth trauma,,81334,81334.09000,,,,,
6503,MORT_300,Distribution of causes of death among children aged < 5 years (%),https://www.who.int/data/gho/indicator-metadata-registry/imr-details/89,,,,PUBLISHED,Published,,2009.0,2009,,AFR,2009,2009,Africa,,NGA,Nigeria,,DAYS0-27,0-27 days,,,,,,,,CH11,Birth asphyxia and birth traumaBirth asphyxia and birth trauma,,0.3,0.32563,,,,,
6504,MORT_100,Number of deaths,https://www.who.int/data/gho/indicator-metadata-registry/imr-details/3365,,,,PUBLISHED,Published,,2009.0,2009,,AFR,2009,2009,Africa,,NGA,Nigeria,,DAYS0-27,0-27 days,,,,,,,,CH12,Sepsis and other infectious conditions of the newbornSepsis and other infectious conditions of the newborn,,34017,34017.46000,,,,,
6505,MORT_300,Distribution of causes of death among children aged < 5 years (%),https://www.who.int/data/gho/indicator-metadata-registry/imr-details/89,,,,PUBLISHED,Published,,2009.0,2009,,AFR,2009,2009,Africa,,NGA,Nigeria,,DAYS0-27,0-27 days,,,,,,,,CH12,Sepsis and other infectious conditions of the newbornSepsis and other infectious conditions of the newborn,,0.1,0.13619,,,,,
6506,MORT_200,Deaths per 1 000 live births,https://www.who.int/data/gho/indicator-metadata-registry/imr-details/3366,,,,PUBLISHED,Published,,2009.0,2009,,AFR,2009,2009,Africa,,NGA,Nigeria,,YEARS0-4,0-4 years,,,,,,,,CH12,Sepsis and other infectious conditions of the newbornSepsis and other infectious conditions of the newborn,,5.3,5.27993,,,,,
6507,MORT_100,Number of deaths,https://www.who.int/data/gho/indicator-metadata-registry/imr-details/3365,,,,PUBLISHED,Published,,2009.0,2009,,AFR,2009,2009,Africa,,NGA,Nigeria,,DAYS0-27,0-27 days,,,,,,,,CH13,"Other communicable, perinatal and nutritional conditionsOther communicable, perinatal and nutritional conditions",,9811,9810.53600,,,,,
6508,MORT_200,Deaths per 1 000 live births,https://www.who.int/data/gho/indicator-metadata-registry/imr-details/3366,,,,PUBLISHED,Published,,2009.0,2009,,AFR,2009,2009,Africa,,NGA,Nigeria,,YEARS0-4,0-4 years,,,,,,,,CH13,"Other communicable, perinatal and nutritional conditionsOther communicable, perinatal and nutritional conditions",,10.6,10.55127,,,,,
6509,MORT_100,Number of deaths,https://www.who.int/data/gho/indicator-metadata-registry/imr-details/3365,,,,PUBLISHED,Published,,2009.0,2009,,AFR,2009,2009,Africa,,NGA,Nigeria,,DAYS0-27,0-27 days,,,,,,,,CH15,Congenital anomaliesCongenital anomalies,,14045,14044.83000,,,,,
6510,MORT_200,Deaths per 1 000 live births,https://www.who.int/data/gho/indicator-metadata-registry/imr-details/3366,,,,PUBLISHED,Published,,2009.0,2009,,AFR,2009,2009,Africa,,NGA,Nigeria,,YEARS0-4,0-4 years,,,,,,,,CH15,Congenital anomaliesCongenital anomalies,,4.8,4.76014,,,,,
6511,MORT_100,Number of deaths,https://www.who.int/data/gho/indicator-metadata-registry/imr-details/3365,,,,PUBLISHED,Published,,2009.0,2009,,AFR,2009,2009,Africa,,NGA,Nigeria,,DAYS0-27,0-27 days,,,,,,,,CH16,Other noncommunicable diseasesOther noncommunicable diseases,,305,305.14800,,,,,
6512,MORT_300,Distribution of causes of death among children aged < 5 years (%),https://www.who.int/data/gho/indicator-metadata-registry/imr-details/89,,,,PUBLISHED,Published,,2009.0,2009,,AFR,2009,2009,Africa,,NGA,Nigeria,,MONTHS1-59,1-59 months,,,,,,,,CH16,Other noncommunicable diseasesOther noncommunicable diseases,,0,0.03503,,,,,
6513,MORT_200,Deaths per 1 000 live births,https://www.who.int/data/gho/indicator-metadata-registry/imr-details/3366,,,,PUBLISHED,Published,,2009.0,2009,,AFR,2009,2009,Africa,,NGA,Nigeria,,YEARS0-4,0-4 years,,,,,,,,CH16,Other noncommunicable diseasesOther noncommunicable diseases,,3.1,3.12045,,,,,
6514,MORT_300,Distribution of causes of death among children aged < 5 years (%),https://www.who.int/data/gho/indicator-metadata-registry/imr-details/89,,,,PUBLISHED,Published,,2009.0,2009,,AFR,2009,2009,Africa,,NGA,Nigeria,,MONTHS1-59,1-59 months,,,,,,,,CH17,InjuriesInjuries,,0.1,0.05283,,,,,
6515,MORT_200,Deaths per 1 000 live births,https://www.who.int/data/gho/indicator-metadata-registry/imr-details/3366,,,,PUBLISHED,Published,,2009.0,2009,,AFR,2009,2009,Africa,,NGA,Nigeria,,YEARS0-4,0-4 years,,,,,,,,CH17,InjuriesInjuries,,5.1,5.11752,,,,,
6516,MORT_300,Distribution of causes of death among children aged < 5 years (%),https://www.who.int/data/gho/indicator-metadata-registry/imr-details/89,,,,PUBLISHED,Published,,2010.0,2010,,AFR,2010,2010,Africa,,NGA,Nigeria,,MONTHS1-59,1-59 months,,,,,,,,CH2,HIV/AIDSHIV/AIDS,,0,0.03882,,,,,
6517,MORT_200,Deaths per 1 000 live births,https://www.who.int/data/gho/indicator-metadata-registry/imr-details/3366,,,,PUBLISHED,Published,,2010.0,2010,,AFR,2010,2010,Africa,,NGA,Nigeria,,YEARS0-4,0-4 years,,,,,,,,CH2,HIV/AIDSHIV/AIDS,,3.4,3.35029,,,,,
6518,MORT_100,Number of deaths,https://www.who.int/data/gho/indicator-metadata-registry/imr-details/3365,,,,PUBLISHED,Published,,2010.0,2010,,AFR,2010,2010,Africa,,NGA,Nigeria,,MONTHS1-59,1-59 months,,,,,,,,CH3,Diarrhoeal diseasesDiarrhoeal diseases,,88743,88742.59000,,,,,
6519,MORT_300,Distribution of causes of death among children aged < 5 years (%),https://www.who.int/data/gho/indicator-metadata-registry/imr-details/89,,,,PUBLISHED,Published,,2010.0,2010,,AFR,2010,2010,Africa,,NGA,Nigeria,,MONTHS1-59,1-59 months,,,,,,,,CH3,Diarrhoeal diseasesDiarrhoeal diseases,,0.2,0.15803,,,,,
6520,MORT_100,Number of deaths,https://www.who.int/data/gho/indicator-metadata-registry/imr-details/3365,,,,PUBLISHED,Published,,2010.0,2010,,AFR,2010,2010,Africa,,NGA,Nigeria,,MONTHS1-59,1-59 months,,,,,,,,CH5,TetanusTetanus,,71,71.29325,,,,,
6521,MORT_300,Distribution of causes of death among children aged < 5 years (%),https://www.who.int/data/gho/indicator-metadata-registry/imr-details/89,,,,PUBLISHED,Published,,2010.0,2010,,AFR,2010,2010,Africa,,NGA,Nigeria,,MONTHS1-59,1-59 months,,,,,,,,CH5,TetanusTetanus,,0,0.00013,,,,,
6522,MORT_100,Number of deaths,https://www.who.int/data/gho/indicator-metadata-registry/imr-details/3365,,,,PUBLISHED,Published,,2010.0,2010,,AFR,2010,2010,Africa,,NGA,Nigeria,,MONTHS1-59,1-59 months,,,,,,,,CH6,MeaslesMeasles,,10558,10558.01000,,,,,
6523,MORT_300,Distribution of causes of death among children aged < 5 years (%),https://www.who.int/data/gho/indicator-metadata-registry/imr-details/89,,,,PUBLISHED,Published,,2010.0,2010,,AFR,2010,2010,Africa,,NGA,Nigeria,,MONTHS1-59,1-59 months,,,,,,,,CH6,MeaslesMeasles,,0,0.01880,,,,,
6524,MORT_200,Deaths per 1 000 live births,https://www.who.int/data/gho/indicator-metadata-registry/imr-details/3366,,,,PUBLISHED,Published,,2010.0,2010,,AFR,2010,2010,Africa,,NGA,Nigeria,,DAYS0-27,0-27 days,,,,,,,,CH7,Meningitis/encephalitisMeningitis/encephalitis,,0.6,0.57290,,,,,
6525,MORT_100,Number of deaths,https://www.who.int/data/gho/indicator-metadata-registry/imr-details/3365,,,,PUBLISHED,Published,,2010.0,2010,,AFR,2010,2010,Africa,,NGA,Nigeria,,MONTHS1-59,1-59 months,,,,,,,,CH7,Meningitis/encephalitisMeningitis/encephalitis,,18941,18941.46000,,,,,
6526,MORT_200,Deaths per 1 000 live births,https://www.who.int/data/gho/indicator-metadata-registry/imr-details/3366,,,,PUBLISHED,Published,,2010.0,2010,,AFR,2010,2010,Africa,,NGA,Nigeria,,DAYS0-27,0-27 days,,,,,,,,CH8,MalariaMalaria,,0,0.00000,,,,,
6527,MORT_100,Number of deaths,https://www.who.int/data/gho/indicator-metadata-registry/imr-details/3365,,,,PUBLISHED,Published,,2010.0,2010,,AFR,2010,2010,Africa,,NGA,Nigeria,,MONTHS1-59,1-59 months,,,,,,,,CH8,MalariaMalaria,,137344,137343.50000,,,,,
6528,MORT_200,Deaths per 1 000 live births,https://www.who.int/data/gho/indicator-metadata-registry/imr-details/3366,,,,PUBLISHED,Published,,2010.0,2010,,AFR,2010,2010,Africa,,NGA,Nigeria,,DAYS0-27,0-27 days,,,,,,,,CH9,Acute lower respiratory infectionsAcute lower respiratory infections,,3,2.98263,,,,,
6529,MORT_100,Number of deaths,https://www.who.int/data/gho/indicator-metadata-registry/imr-details/3365,,,,PUBLISHED,Published,,2010.0,2010,,AFR,2010,2010,Africa,,NGA,Nigeria,,MONTHS1-59,1-59 months,,,,,,,,CH9,Acute lower respiratory infectionsAcute lower respiratory infections,,135404,135404.20000,,,,,
6530,MORT_300,Distribution of causes of death among children aged < 5 years (%),https://www.who.int/data/gho/indicator-metadata-registry/imr-details/89,,,,PUBLISHED,Published,,2010.0,2010,,AFR,2010,2010,Africa,,NGA,Nigeria,,YEARS0-4,0-4 years,,,,,,,,CH9,Acute lower respiratory infectionsAcute lower respiratory infections,,0.2,0.19117,,,,,
6531,MORT_200,Deaths per 1 000 live births,https://www.who.int/data/gho/indicator-metadata-registry/imr-details/3366,,,,PUBLISHED,Published,,2010.0,2010,,AFR,2010,2010,Africa,,NGA,Nigeria,,DAYS0-27,0-27 days,,,,,,,,CH10,PrematurityPrematurity,,11.1,11.11999,,,,,
6532,MORT_300,Distribution of causes of death among children aged < 5 years (%),https://www.who.int/data/gho/indicator-metadata-registry/imr-details/89,,,,PUBLISHED,Published,,2010.0,2010,,AFR,2010,2010,Africa,,NGA,Nigeria,,YEARS0-4,0-4 years,,,,,,,,CH10,PrematurityPrematurity,,0.1,0.10126,,,,,
6533,MORT_200,Deaths per 1 000 live births,https://www.who.int/data/gho/indicator-metadata-registry/imr-details/3366,,,,PUBLISHED,Published,,2010.0,2010,,AFR,2010,2010,Africa,,NGA,Nigeria,,DAYS0-27,0-27 days,,,,,,,,CH11,Birth asphyxia and birth traumaBirth asphyxia and birth trauma,,12.3,12.30943,,,,,
6534,MORT_300,Distribution of causes of death among children aged < 5 years (%),https://www.who.int/data/gho/indicator-metadata-registry/imr-details/89,,,,PUBLISHED,Published,,2010.0,2010,,AFR,2010,2010,Africa,,NGA,Nigeria,,YEARS0-4,0-4 years,,,,,,,,CH11,Birth asphyxia and birth traumaBirth asphyxia and birth trauma,,0.1,0.11246,,,,,
6535,MORT_200,Deaths per 1 000 live births,https://www.who.int/data/gho/indicator-metadata-registry/imr-details/3366,,,,PUBLISHED,Published,,2010.0,2010,,AFR,2010,2010,Africa,,NGA,Nigeria,,DAYS0-27,0-27 days,,,,,,,,CH12,Sepsis and other infectious conditions of the newbornSepsis and other infectious conditions of the newborn,,5.1,5.11539,,,,,
6536,MORT_100,Number of deaths,https://www.who.int/data/gho/indicator-metadata-registry/imr-details/3365,,,,PUBLISHED,Published,,2010.0,2010,,AFR,2010,2010,Africa,,NGA,Nigeria,,YEARS0-4,0-4 years,,,,,,,,CH12,Sepsis and other infectious conditions of the newbornSepsis and other infectious conditions of the newborn,,33618,33618.20000,,,,,
6537,MORT_300,Distribution of causes of death among children aged < 5 years (%),https://www.who.int/data/gho/indicator-metadata-registry/imr-details/89,,,,PUBLISHED,Published,,2010.0,2010,,AFR,2010,2010,Africa,,NGA,Nigeria,,YEARS0-4,0-4 years,,,,,,,,CH12,Sepsis and other infectious conditions of the newbornSepsis and other infectious conditions of the newborn,,0,0.04146,,,,,
6538,MORT_100,Number of deaths,https://www.who.int/data/gho/indicator-metadata-registry/imr-details/3365,,,,PUBLISHED,Published,,2010.0,2010,,AFR,2010,2010,Africa,,NGA,Nigeria,,YEARS0-4,0-4 years,,,,,,,,CH13,"Other communicable, perinatal and nutritional conditionsOther communicable, perinatal and nutritional conditions",,69905,69905.31000,,,,,
6539,MORT_300,Distribution of causes of death among children aged < 5 years (%),https://www.who.int/data/gho/indicator-metadata-registry/imr-details/89,,,,PUBLISHED,Published,,2010.0,2010,,AFR,2010,2010,Africa,,NGA,Nigeria,,YEARS0-4,0-4 years,,,,,,,,CH13,"Other communicable, perinatal and nutritional conditionsOther communicable, perinatal and nutritional conditions",,0.1,0.08621,,,,,
6540,MORT_100,Number of deaths,https://www.who.int/data/gho/indicator-metadata-registry/imr-details/3365,,,,PUBLISHED,Published,,2010.0,2010,,AFR,2010,2010,Africa,,NGA,Nigeria,,YEARS0-4,0-4 years,,,,,,,,CH15,Congenital anomaliesCongenital anomalies,,31632,31632.47000,,,,,
6541,MORT_300,Distribution of causes of death among children aged < 5 years (%),https://www.who.int/data/gho/indicator-metadata-registry/imr-details/89,,,,PUBLISHED,Published,,2010.0,2010,,AFR,2010,2010,Africa,,NGA,Nigeria,,YEARS0-4,0-4 years,,,,,,,,CH15,Congenital anomaliesCongenital anomalies,,0,0.03901,,,,,
6542,MORT_200,Deaths per 1 000 live births,https://www.who.int/data/gho/indicator-metadata-registry/imr-details/3366,,,,PUBLISHED,Published,,2010.0,2010,,AFR,2010,2010,Africa,,NGA,Nigeria,,MONTHS1-59,1-59 months,,,,,,,,CH16,Other noncommunicable diseasesOther noncommunicable diseases,,3.1,3.11475,,,,,
6543,MORT_100,Number of deaths,https://www.who.int/data/gho/indicator-metadata-registry/imr-details/3365,,,,PUBLISHED,Published,,2010.0,2010,,AFR,2010,2010,Africa,,NGA,Nigeria,,YEARS0-4,0-4 years,,,,,,,,CH16,Other noncommunicable diseasesOther noncommunicable diseases,,20790,20790.30000,,,,,
6544,MORT_300,Distribution of causes of death among children aged < 5 years (%),https://www.who.int/data/gho/indicator-metadata-registry/imr-details/89,,,,PUBLISHED,Published,,2010.0,2010,,AFR,2010,2010,Africa,,NGA,Nigeria,,YEARS0-4,0-4 years,,,,,,,,CH16,Other noncommunicable diseasesOther noncommunicable diseases,,0,0.02564,,,,,
6545,MORT_200,Deaths per 1 000 live births,https://www.who.int/data/gho/indicator-metadata-registry/imr-details/3366,,,,PUBLISHED,Published,,2010.0,2010,,AFR,2010,2010,Africa,,NGA,Nigeria,,MONTHS1-59,1-59 months,,,,,,,,CH17,InjuriesInjuries,,4.8,4.77946,,,,,
6546,MORT_100,Number of deaths,https://www.who.int/data/gho/indicator-metadata-registry/imr-details/3365,,,,PUBLISHED,Published,,2010.0,2010,,AFR,2010,2010,Africa,,NGA,Nigeria,,YEARS0-4,0-4 years,,,,,,,,CH17,InjuriesInjuries,,34599,34599.40000,,,,,
6547,MORT_200,Deaths per 1 000 live births,https://www.who.int/data/gho/indicator-metadata-registry/imr-details/3366,,,,PUBLISHED,Published,,2011.0,2011,,AFR,2011,2011,Africa,,NGA,Nigeria,,MONTHS1-59,1-59 months,,,,,,,,CH2,HIV/AIDSHIV/AIDS,,3.2,3.21234,,,,,
6548,MORT_100,Number of deaths,https://www.who.int/data/gho/indicator-metadata-registry/imr-details/3365,,,,PUBLISHED,Published,,2011.0,2011,,AFR,2011,2011,Africa,,NGA,Nigeria,,YEARS0-4,0-4 years,,,,,,,,CH2,HIV/AIDSHIV/AIDS,,21731,21731.00000,,,,,
6549,MORT_300,Distribution of causes of death among children aged < 5 years (%),https://www.who.int/data/gho/indicator-metadata-registry/imr-details/89,,,,PUBLISHED,Published,,2011.0,2011,,AFR,2011,2011,Africa,,NGA,Nigeria,,DAYS0-27,0-27 days,,,,,,,,CH3,Diarrhoeal diseasesDiarrhoeal diseases,,0,0.00852,,,,,
6550,MORT_200,Deaths per 1 000 live births,https://www.who.int/data/gho/indicator-metadata-registry/imr-details/3366,,,,PUBLISHED,Published,,2011.0,2011,,AFR,2011,2011,Africa,,NGA,Nigeria,,MONTHS1-59,1-59 months,,,,,,,,CH3,Diarrhoeal diseasesDiarrhoeal diseases,,12.8,12.84629,,,,,
6551,MORT_100,Number of deaths,https://www.who.int/data/gho/indicator-metadata-registry/imr-details/3365,,,,PUBLISHED,Published,,2011.0,2011,,AFR,2011,2011,Africa,,NGA,Nigeria,,YEARS0-4,0-4 years,,,,,,,,CH3,Diarrhoeal diseasesDiarrhoeal diseases,,88151,88151.26000,,,,,
6552,MORT_300,Distribution of causes of death among children aged < 5 years (%),https://www.who.int/data/gho/indicator-metadata-registry/imr-details/89,,,,PUBLISHED,Published,,2011.0,2011,,AFR,2011,2011,Africa,,NGA,Nigeria,,DAYS0-27,0-27 days,,,,,,,,CH5,TetanusTetanus,,0,0.03336,,,,,
6553,MORT_200,Deaths per 1 000 live births,https://www.who.int/data/gho/indicator-metadata-registry/imr-details/3366,,,,PUBLISHED,Published,,2011.0,2011,,AFR,2011,2011,Africa,,NGA,Nigeria,,MONTHS1-59,1-59 months,,,,,,,,CH5,TetanusTetanus,,0,0.00994,,,,,
6554,MORT_300,Distribution of causes of death among children aged < 5 years (%),https://www.who.int/data/gho/indicator-metadata-registry/imr-details/89,,,,PUBLISHED,Published,,2011.0,2011,,AFR,2011,2011,Africa,,NGA,Nigeria,,DAYS0-27,0-27 days,,,,,,,,CH6,MeaslesMeasles,,0,0.00000,,,,,
6555,MORT_200,Deaths per 1 000 live births,https://www.who.int/data/gho/indicator-metadata-registry/imr-details/3366,,,,PUBLISHED,Published,,2011.0,2011,,AFR,2011,2011,Africa,,NGA,Nigeria,,MONTHS1-59,1-59 months,,,,,,,,CH6,MeaslesMeasles,,2.6,2.61641,,,,,
6556,MORT_100,Number of deaths,https://www.who.int/data/gho/indicator-metadata-registry/imr-details/3365,,,,PUBLISHED,Published,,2011.0,2011,,AFR,2011,2011,Africa,,NGA,Nigeria,,DAYS0-27,0-27 days,,,,,,,,CH7,Meningitis/encephalitisMeningitis/encephalitis,,3540,3539.79000,,,,,
6557,MORT_300,Distribution of causes of death among children aged < 5 years (%),https://www.who.int/data/gho/indicator-metadata-registry/imr-details/89,,,,PUBLISHED,Published,,2011.0,2011,,AFR,2011,2011,Africa,,NGA,Nigeria,,DAYS0-27,0-27 days,,,,,,,,CH7,Meningitis/encephalitisMeningitis/encephalitis,,0,0.01424,,,,,
6558,MORT_200,Deaths per 1 000 live births,https://www.who.int/data/gho/indicator-metadata-registry/imr-details/3366,,,,PUBLISHED,Published,,2011.0,2011,,AFR,2011,2011,Africa,,NGA,Nigeria,,MONTHS1-59,1-59 months,,,,,,,,CH7,Meningitis/encephalitisMeningitis/encephalitis,,2.8,2.76802,,,,,
6559,MORT_100,Number of deaths,https://www.who.int/data/gho/indicator-metadata-registry/imr-details/3365,,,,PUBLISHED,Published,,2011.0,2011,,AFR,2011,2011,Africa,,NGA,Nigeria,,DAYS0-27,0-27 days,,,,,,,,CH8,MalariaMalaria,,0,0.00000,,,,,
6560,MORT_300,Distribution of causes of death among children aged < 5 years (%),https://www.who.int/data/gho/indicator-metadata-registry/imr-details/89,,,,PUBLISHED,Published,,2011.0,2011,,AFR,2011,2011,Africa,,NGA,Nigeria,,DAYS0-27,0-27 days,,,,,,,,CH8,MalariaMalaria,,0,0.00000,,,,,
6561,MORT_100,Number of deaths,https://www.who.int/data/gho/indicator-metadata-registry/imr-details/3365,,,,PUBLISHED,Published,,2011.0,2011,,AFR,2011,2011,Africa,,NGA,Nigeria,,DAYS0-27,0-27 days,,,,,,,,CH9,Acute lower respiratory infectionsAcute lower respiratory infections,,19563,19562.88000,,,,,
6562,MORT_300,Distribution of causes of death among children aged < 5 years (%),https://www.who.int/data/gho/indicator-metadata-registry/imr-details/89,,,,PUBLISHED,Published,,2011.0,2011,,AFR,2011,2011,Africa,,NGA,Nigeria,,DAYS0-27,0-27 days,,,,,,,,CH9,Acute lower respiratory infectionsAcute lower respiratory infections,,0.1,0.07872,,,,,
6563,MORT_100,Number of deaths,https://www.who.int/data/gho/indicator-metadata-registry/imr-details/3365,,,,PUBLISHED,Published,,2011.0,2011,,AFR,2011,2011,Africa,,NGA,Nigeria,,DAYS0-27,0-27 days,,,,,,,,CH10,PrematurityPrematurity,,74158,74158.12000,,,,,
6564,MORT_300,Distribution of causes of death among children aged < 5 years (%),https://www.who.int/data/gho/indicator-metadata-registry/imr-details/89,,,,PUBLISHED,Published,,2011.0,2011,,AFR,2011,2011,Africa,,NGA,Nigeria,,DAYS0-27,0-27 days,,,,,,,,CH10,PrematurityPrematurity,,0.3,0.29841,,,,,
6565,MORT_200,Deaths per 1 000 live births,https://www.who.int/data/gho/indicator-metadata-registry/imr-details/3366,,,,PUBLISHED,Published,,2011.0,2011,,AFR,2011,2011,Africa,,NGA,Nigeria,,YEARS0-4,0-4 years,,,,,,,,CH10,PrematurityPrematurity,,12.4,12.43806,,,,,
6566,MORT_100,Number of deaths,https://www.who.int/data/gho/indicator-metadata-registry/imr-details/3365,,,,PUBLISHED,Published,,2011.0,2011,,AFR,2011,2011,Africa,,NGA,Nigeria,,DAYS0-27,0-27 days,,,,,,,,CH11,Birth asphyxia and birth traumaBirth asphyxia and birth trauma,,80425,80424.88000,,,,,
6567,MORT_200,Deaths per 1 000 live births,https://www.who.int/data/gho/indicator-metadata-registry/imr-details/3366,,,,PUBLISHED,Published,,2011.0,2011,,AFR,2011,2011,Africa,,NGA,Nigeria,,YEARS0-4,0-4 years,,,,,,,,CH11,Birth asphyxia and birth traumaBirth asphyxia and birth trauma,,13.6,13.57233,,,,,
6568,MORT_100,Number of deaths,https://www.who.int/data/gho/indicator-metadata-registry/imr-details/3365,,,,PUBLISHED,Published,,2011.0,2011,,AFR,2011,2011,Africa,,NGA,Nigeria,,DAYS0-27,0-27 days,,,,,,,,CH12,Sepsis and other infectious conditions of the newbornSepsis and other infectious conditions of the newborn,,32354,32353.83000,,,,,
6569,MORT_200,Deaths per 1 000 live births,https://www.who.int/data/gho/indicator-metadata-registry/imr-details/3366,,,,PUBLISHED,Published,,2011.0,2011,,AFR,2011,2011,Africa,,NGA,Nigeria,,YEARS0-4,0-4 years,,,,,,,,CH12,Sepsis and other infectious conditions of the newbornSepsis and other infectious conditions of the newborn,,4.8,4.83095,,,,,
6570,MORT_100,Number of deaths,https://www.who.int/data/gho/indicator-metadata-registry/imr-details/3365,,,,PUBLISHED,Published,,2011.0,2011,,AFR,2011,2011,Africa,,NGA,Nigeria,,DAYS0-27,0-27 days,,,,,,,,CH13,"Other communicable, perinatal and nutritional conditionsOther communicable, perinatal and nutritional conditions",,9783,9783.15800,,,,,
6571,MORT_300,Distribution of causes of death among children aged < 5 years (%),https://www.who.int/data/gho/indicator-metadata-registry/imr-details/89,,,,PUBLISHED,Published,,2011.0,2011,,AFR,2011,2011,Africa,,NGA,Nigeria,,MONTHS1-59,1-59 months,,,,,,,,CH13,"Other communicable, perinatal and nutritional conditionsOther communicable, perinatal and nutritional conditions",,0.1,0.10907,,,,,
6572,MORT_200,Deaths per 1 000 live births,https://www.who.int/data/gho/indicator-metadata-registry/imr-details/3366,,,,PUBLISHED,Published,,2011.0,2011,,AFR,2011,2011,Africa,,NGA,Nigeria,,YEARS0-4,0-4 years,,,,,,,,CH13,"Other communicable, perinatal and nutritional conditionsOther communicable, perinatal and nutritional conditions",,10.5,10.52835,,,,,
6573,MORT_300,Distribution of causes of death among children aged < 5 years (%),https://www.who.int/data/gho/indicator-metadata-registry/imr-details/89,,,,PUBLISHED,Published,,2011.0,2011,,AFR,2011,2011,Africa,,NGA,Nigeria,,MONTHS1-59,1-59 months,,,,,,,,CH15,Congenital anomaliesCongenital anomalies,,0,0.03211,,,,,
6574,MORT_200,Deaths per 1 000 live births,https://www.who.int/data/gho/indicator-metadata-registry/imr-details/3366,,,,PUBLISHED,Published,,2011.0,2011,,AFR,2011,2011,Africa,,NGA,Nigeria,,YEARS0-4,0-4 years,,,,,,,,CH15,Congenital anomaliesCongenital anomalies,,4.8,4.83017,,,,,
6575,MORT_300,Distribution of causes of death among children aged < 5 years (%),https://www.who.int/data/gho/indicator-metadata-registry/imr-details/89,,,,PUBLISHED,Published,,2011.0,2011,,AFR,2011,2011,Africa,,NGA,Nigeria,,MONTHS1-59,1-59 months,,,,,,,,CH16,Other noncommunicable diseasesOther noncommunicable diseases,,0,0.03718,,,,,
6576,MORT_200,Deaths per 1 000 live births,https://www.who.int/data/gho/indicator-metadata-registry/imr-details/3366,,,,PUBLISHED,Published,,2011.0,2011,,AFR,2011,2011,Africa,,NGA,Nigeria,,YEARS0-4,0-4 years,,,,,,,,CH16,Other noncommunicable diseasesOther noncommunicable diseases,,3.1,3.14085,,,,,
6577,MORT_100,Number of deaths,https://www.who.int/data/gho/indicator-metadata-registry/imr-details/3365,,,,PUBLISHED,Published,,2011.0,2011,,AFR,2011,2011,Africa,,NGA,Nigeria,,MONTHS1-59,1-59 months,,,,,,,,CH17,InjuriesInjuries,,32305,32305.11000,,,,,
6578,MORT_300,Distribution of causes of death among children aged < 5 years (%),https://www.who.int/data/gho/indicator-metadata-registry/imr-details/89,,,,PUBLISHED,Published,,2011.0,2011,,AFR,2011,2011,Africa,,NGA,Nigeria,,MONTHS1-59,1-59 months,,,,,,,,CH17,InjuriesInjuries,,0.1,0.05802,,,,,
6579,MORT_100,Number of deaths,https://www.who.int/data/gho/indicator-metadata-registry/imr-details/3365,,,,PUBLISHED,Published,,2012.0,2012,,AFR,2012,2012,Africa,,NGA,Nigeria,,MONTHS1-59,1-59 months,,,,,,,,CH2,HIV/AIDSHIV/AIDS,,20431,20430.63000,,,,,
6580,MORT_300,Distribution of causes of death among children aged < 5 years (%),https://www.who.int/data/gho/indicator-metadata-registry/imr-details/89,,,,PUBLISHED,Published,,2012.0,2012,,AFR,2012,2012,Africa,,NGA,Nigeria,,MONTHS1-59,1-59 months,,,,,,,,CH2,HIV/AIDSHIV/AIDS,,0,0.03849,,,,,
6581,MORT_100,Number of deaths,https://www.who.int/data/gho/indicator-metadata-registry/imr-details/3365,,,,PUBLISHED,Published,,2012.0,2012,,AFR,2012,2012,Africa,,NGA,Nigeria,,MONTHS1-59,1-59 months,,,,,,,,CH3,Diarrhoeal diseasesDiarrhoeal diseases,,81843,81843.31000,,,,,
6582,MORT_300,Distribution of causes of death among children aged < 5 years (%),https://www.who.int/data/gho/indicator-metadata-registry/imr-details/89,,,,PUBLISHED,Published,,2012.0,2012,,AFR,2012,2012,Africa,,NGA,Nigeria,,MONTHS1-59,1-59 months,,,,,,,,CH3,Diarrhoeal diseasesDiarrhoeal diseases,,0.2,0.15420,,,,,
6583,MORT_200,Deaths per 1 000 live births,https://www.who.int/data/gho/indicator-metadata-registry/imr-details/3366,,,,PUBLISHED,Published,,2012.0,2012,,AFR,2012,2012,Africa,,NGA,Nigeria,,DAYS0-27,0-27 days,,,,,,,,CH5,TetanusTetanus,,1.2,1.18889,,,,,
6584,MORT_100,Number of deaths,https://www.who.int/data/gho/indicator-metadata-registry/imr-details/3365,,,,PUBLISHED,Published,,2012.0,2012,,AFR,2012,2012,Africa,,NGA,Nigeria,,MONTHS1-59,1-59 months,,,,,,,,CH5,TetanusTetanus,,65,64.80582,,,,,
6585,MORT_200,Deaths per 1 000 live births,https://www.who.int/data/gho/indicator-metadata-registry/imr-details/3366,,,,PUBLISHED,Published,,2012.0,2012,,AFR,2012,2012,Africa,,NGA,Nigeria,,DAYS0-27,0-27 days,,,,,,,,CH6,MeaslesMeasles,,0,0.00000,,,,,
6586,MORT_100,Number of deaths,https://www.who.int/data/gho/indicator-metadata-registry/imr-details/3365,,,,PUBLISHED,Published,,2012.0,2012,,AFR,2012,2012,Africa,,NGA,Nigeria,,MONTHS1-59,1-59 months,,,,,,,,CH6,MeaslesMeasles,,4512,4512.34800,,,,,
6587,MORT_200,Deaths per 1 000 live births,https://www.who.int/data/gho/indicator-metadata-registry/imr-details/3366,,,,PUBLISHED,Published,,2012.0,2012,,AFR,2012,2012,Africa,,NGA,Nigeria,,DAYS0-27,0-27 days,,,,,,,,CH7,Meningitis/encephalitisMeningitis/encephalitis,,0.5,0.49815,,,,,
6588,MORT_100,Number of deaths,https://www.who.int/data/gho/indicator-metadata-registry/imr-details/3365,,,,PUBLISHED,Published,,2012.0,2012,,AFR,2012,2012,Africa,,NGA,Nigeria,,MONTHS1-59,1-59 months,,,,,,,,CH7,Meningitis/encephalitisMeningitis/encephalitis,,27293,27292.50000,,,,,
6589,MORT_300,Distribution of causes of death among children aged < 5 years (%),https://www.who.int/data/gho/indicator-metadata-registry/imr-details/89,,,,PUBLISHED,Published,,2012.0,2012,,AFR,2012,2012,Africa,,NGA,Nigeria,,YEARS0-4,0-4 years,,,,,,,,CH7,Meningitis/encephalitisMeningitis/encephalitis,,0,0.03941,,,,,
6590,MORT_200,Deaths per 1 000 live births,https://www.who.int/data/gho/indicator-metadata-registry/imr-details/3366,,,,PUBLISHED,Published,,2012.0,2012,,AFR,2012,2012,Africa,,NGA,Nigeria,,DAYS0-27,0-27 days,,,,,,,,CH8,MalariaMalaria,,0,0.00000,,,,,
6591,MORT_300,Distribution of causes of death among children aged < 5 years (%),https://www.who.int/data/gho/indicator-metadata-registry/imr-details/89,,,,PUBLISHED,Published,,2012.0,2012,,AFR,2012,2012,Africa,,NGA,Nigeria,,YEARS0-4,0-4 years,,,,,,,,CH8,MalariaMalaria,,0.1,0.14817,,,,,
6592,MORT_200,Deaths per 1 000 live births,https://www.who.int/data/gho/indicator-metadata-registry/imr-details/3366,,,,PUBLISHED,Published,,2012.0,2012,,AFR,2012,2012,Africa,,NGA,Nigeria,,DAYS0-27,0-27 days,,,,,,,,CH9,Acute lower respiratory infectionsAcute lower respiratory infections,,2.9,2.86271,,,,,
6593,MORT_300,Distribution of causes of death among children aged < 5 years (%),https://www.who.int/data/gho/indicator-metadata-registry/imr-details/89,,,,PUBLISHED,Published,,2012.0,2012,,AFR,2012,2012,Africa,,NGA,Nigeria,,YEARS0-4,0-4 years,,,,,,,,CH9,Acute lower respiratory infectionsAcute lower respiratory infections,,0.2,0.19246,,,,,
6594,MORT_200,Deaths per 1 000 live births,https://www.who.int/data/gho/indicator-metadata-registry/imr-details/3366,,,,PUBLISHED,Published,,2012.0,2012,,AFR,2012,2012,Africa,,NGA,Nigeria,,DAYS0-27,0-27 days,,,,,,,,CH10,PrematurityPrematurity,,11,11.03501,,,,,
6595,MORT_100,Number of deaths,https://www.who.int/data/gho/indicator-metadata-registry/imr-details/3365,,,,PUBLISHED,Published,,2012.0,2012,,AFR,2012,2012,Africa,,NGA,Nigeria,,YEARS0-4,0-4 years,,,,,,,,CH10,PrematurityPrematurity,,84311,84310.88000,,,,,
6596,MORT_300,Distribution of causes of death among children aged < 5 years (%),https://www.who.int/data/gho/indicator-metadata-registry/imr-details/89,,,,PUBLISHED,Published,,2012.0,2012,,AFR,2012,2012,Africa,,NGA,Nigeria,,YEARS0-4,0-4 years,,,,,,,,CH10,PrematurityPrematurity,,0.1,0.10827,,,,,
6597,MORT_100,Number of deaths,https://www.who.int/data/gho/indicator-metadata-registry/imr-details/3365,,,,PUBLISHED,Published,,2012.0,2012,,AFR,2012,2012,Africa,,NGA,Nigeria,,YEARS0-4,0-4 years,,,,,,,,CH11,Birth asphyxia and birth traumaBirth asphyxia and birth trauma,,90392,90392.12000,,,,,
6598,MORT_300,Distribution of causes of death among children aged < 5 years (%),https://www.who.int/data/gho/indicator-metadata-registry/imr-details/89,,,,PUBLISHED,Published,,2012.0,2012,,AFR,2012,2012,Africa,,NGA,Nigeria,,YEARS0-4,0-4 years,,,,,,,,CH11,Birth asphyxia and birth traumaBirth asphyxia and birth trauma,,0.1,0.11608,,,,,
6599,MORT_100,Number of deaths,https://www.who.int/data/gho/indicator-metadata-registry/imr-details/3365,,,,PUBLISHED,Published,,2012.0,2012,,AFR,2012,2012,Africa,,NGA,Nigeria,,YEARS0-4,0-4 years,,,,,,,,CH12,Sepsis and other infectious conditions of the newbornSepsis and other infectious conditions of the newborn,,31332,31331.62000,,,,,
6600,MORT_300,Distribution of causes of death among children aged < 5 years (%),https://www.who.int/data/gho/indicator-metadata-registry/imr-details/89,,,,PUBLISHED,Published,,2012.0,2012,,AFR,2012,2012,Africa,,NGA,Nigeria,,YEARS0-4,0-4 years,,,,,,,,CH12,Sepsis and other infectious conditions of the newbornSepsis and other infectious conditions of the newborn,,0,0.04024,,,,,
6601,MORT_200,Deaths per 1 000 live births,https://www.who.int/data/gho/indicator-metadata-registry/imr-details/3366,,,,PUBLISHED,Published,,2012.0,2012,,AFR,2012,2012,Africa,,NGA,Nigeria,,MONTHS1-59,1-59 months,,,,,,,,CH13,"Other communicable, perinatal and nutritional conditionsOther communicable, perinatal and nutritional conditions",,8.8,8.83233,,,,,
6602,MORT_100,Number of deaths,https://www.who.int/data/gho/indicator-metadata-registry/imr-details/3365,,,,PUBLISHED,Published,,2012.0,2012,,AFR,2012,2012,Africa,,NGA,Nigeria,,YEARS0-4,0-4 years,,,,,,,,CH13,"Other communicable, perinatal and nutritional conditionsOther communicable, perinatal and nutritional conditions",,69929,69929.32000,,,,,
6603,MORT_200,Deaths per 1 000 live births,https://www.who.int/data/gho/indicator-metadata-registry/imr-details/3366,,,,PUBLISHED,Published,,2012.0,2012,,AFR,2012,2012,Africa,,NGA,Nigeria,,MONTHS1-59,1-59 months,,,,,,,,CH15,Congenital anomaliesCongenital anomalies,,2.6,2.63829,,,,,
6604,MORT_100,Number of deaths,https://www.who.int/data/gho/indicator-metadata-registry/imr-details/3365,,,,PUBLISHED,Published,,2012.0,2012,,AFR,2012,2012,Africa,,NGA,Nigeria,,YEARS0-4,0-4 years,,,,,,,,CH15,Congenital anomaliesCongenital anomalies,,32725,32724.57000,,,,,
6605,MORT_200,Deaths per 1 000 live births,https://www.who.int/data/gho/indicator-metadata-registry/imr-details/3366,,,,PUBLISHED,Published,,2012.0,2012,,AFR,2012,2012,Africa,,NGA,Nigeria,,MONTHS1-59,1-59 months,,,,,,,,CH16,Other noncommunicable diseasesOther noncommunicable diseases,,3,3.01343,,,,,
6606,MORT_100,Number of deaths,https://www.who.int/data/gho/indicator-metadata-registry/imr-details/3365,,,,PUBLISHED,Published,,2012.0,2012,,AFR,2012,2012,Africa,,NGA,Nigeria,,YEARS0-4,0-4 years,,,,,,,,CH16,Other noncommunicable diseasesOther noncommunicable diseases,,20891,20891.31000,,,,,
6607,MORT_300,Distribution of causes of death among children aged < 5 years (%),https://www.who.int/data/gho/indicator-metadata-registry/imr-details/89,,,,PUBLISHED,Published,,2012.0,2012,,AFR,2012,2012,Africa,,NGA,Nigeria,,DAYS0-27,0-27 days,,,,,,,,CH17,InjuriesInjuries,,0,0.01335,,,,,
6608,MORT_200,Deaths per 1 000 live births,https://www.who.int/data/gho/indicator-metadata-registry/imr-details/3366,,,,PUBLISHED,Published,,2012.0,2012,,AFR,2012,2012,Africa,,NGA,Nigeria,,MONTHS1-59,1-59 months,,,,,,,,CH17,InjuriesInjuries,,4.8,4.78238,,,,,
6609,MORT_100,Number of deaths,https://www.who.int/data/gho/indicator-metadata-registry/imr-details/3365,,,,PUBLISHED,Published,,2012.0,2012,,AFR,2012,2012,Africa,,NGA,Nigeria,,YEARS0-4,0-4 years,,,,,,,,CH17,InjuriesInjuries,,35911,35910.75000,,,,,
6610,MORT_300,Distribution of causes of death among children aged < 5 years (%),https://www.who.int/data/gho/indicator-metadata-registry/imr-details/89,,,,PUBLISHED,Published,,2013.0,2013,,AFR,2013,2013,Africa,,NGA,Nigeria,,DAYS0-27,0-27 days,,,,,,,,CH2,HIV/AIDSHIV/AIDS,,0,0.00074,,,,,
6611,MORT_200,Deaths per 1 000 live births,https://www.who.int/data/gho/indicator-metadata-registry/imr-details/3366,,,,PUBLISHED,Published,,2013.0,2013,,AFR,2013,2013,Africa,,NGA,Nigeria,,MONTHS1-59,1-59 months,,,,,,,,CH2,HIV/AIDSHIV/AIDS,,2.6,2.59652,,,,,
6612,MORT_300,Distribution of causes of death among children aged < 5 years (%),https://www.who.int/data/gho/indicator-metadata-registry/imr-details/89,,,,PUBLISHED,Published,,2013.0,2013,,AFR,2013,2013,Africa,,NGA,Nigeria,,DAYS0-27,0-27 days,,,,,,,,CH3,Diarrhoeal diseasesDiarrhoeal diseases,,0,0.00854,,,,,
6613,MORT_200,Deaths per 1 000 live births,https://www.who.int/data/gho/indicator-metadata-registry/imr-details/3366,,,,PUBLISHED,Published,,2013.0,2013,,AFR,2013,2013,Africa,,NGA,Nigeria,,MONTHS1-59,1-59 months,,,,,,,,CH3,Diarrhoeal diseasesDiarrhoeal diseases,,11.6,11.59261,,,,,
6614,MORT_100,Number of deaths,https://www.who.int/data/gho/indicator-metadata-registry/imr-details/3365,,,,PUBLISHED,Published,,2013.0,2013,,AFR,2013,2013,Africa,,NGA,Nigeria,,DAYS0-27,0-27 days,,,,,,,,CH5,TetanusTetanus,,7824,7824.43900,,,,,
6615,MORT_300,Distribution of causes of death among children aged < 5 years (%),https://www.who.int/data/gho/indicator-metadata-registry/imr-details/89,,,,PUBLISHED,Published,,2013.0,2013,,AFR,2013,2013,Africa,,NGA,Nigeria,,DAYS0-27,0-27 days,,,,,,,,CH5,TetanusTetanus,,0,0.03171,,,,,
6616,MORT_200,Deaths per 1 000 live births,https://www.who.int/data/gho/indicator-metadata-registry/imr-details/3366,,,,PUBLISHED,Published,,2013.0,2013,,AFR,2013,2013,Africa,,NGA,Nigeria,,MONTHS1-59,1-59 months,,,,,,,,CH5,TetanusTetanus,,0,0.00913,,,,,
6617,MORT_100,Number of deaths,https://www.who.int/data/gho/indicator-metadata-registry/imr-details/3365,,,,PUBLISHED,Published,,2013.0,2013,,AFR,2013,2013,Africa,,NGA,Nigeria,,DAYS0-27,0-27 days,,,,,,,,CH6,MeaslesMeasles,,0,0.00000,,,,,
6618,MORT_300,Distribution of causes of death among children aged < 5 years (%),https://www.who.int/data/gho/indicator-metadata-registry/imr-details/89,,,,PUBLISHED,Published,,2013.0,2013,,AFR,2013,2013,Africa,,NGA,Nigeria,,DAYS0-27,0-27 days,,,,,,,,CH6,MeaslesMeasles,,0,0.00000,,,,,
6619,MORT_100,Number of deaths,https://www.who.int/data/gho/indicator-metadata-registry/imr-details/3365,,,,PUBLISHED,Published,,2000.0,2000,,AFR,2000,2000,Africa,,NGA,Nigeria,,YEARS0-4,0-4 years,,,,,,,,CH10,PrematurityPrematurity,,80700,80699.63000,,,,,
6620,MORT_300,Distribution of causes of death among children aged < 5 years (%),https://www.who.int/data/gho/indicator-metadata-registry/imr-details/89,,,,PUBLISHED,Published,,2000.0,2000,,AFR,2000,2000,Africa,,NGA,Nigeria,,YEARS0-4,0-4 years,,,,,,,,CH10,PrematurityPrematurity,,0.1,0.07810,,,,,
6621,MORT_100,Number of deaths,https://www.who.int/data/gho/indicator-metadata-registry/imr-details/3365,,,,PUBLISHED,Published,,2000.0,2000,,AFR,2000,2000,Africa,,NGA,Nigeria,,YEARS0-4,0-4 years,,,,,,,,CH11,Birth asphyxia and birth traumaBirth asphyxia and birth trauma,,91948,91947.92000,,,,,
6622,MORT_300,Distribution of causes of death among children aged < 5 years (%),https://www.who.int/data/gho/indicator-metadata-registry/imr-details/89,,,,PUBLISHED,Published,,2000.0,2000,,AFR,2000,2000,Africa,,NGA,Nigeria,,YEARS0-4,0-4 years,,,,,,,,CH11,Birth asphyxia and birth traumaBirth asphyxia and birth trauma,,0.1,0.08899,,,,,
6623,MORT_200,Deaths per 1 000 live births,https://www.who.int/data/gho/indicator-metadata-registry/imr-details/3366,,,,PUBLISHED,Published,,2000.0,2000,,AFR,2000,2000,Africa,,NGA,Nigeria,,MONTHS1-59,1-59 months,,,,,,,,CH12,Sepsis and other infectious conditions of the newbornSepsis and other infectious conditions of the newborn,,0,0.00000,,,,,
6624,MORT_100,Number of deaths,https://www.who.int/data/gho/indicator-metadata-registry/imr-details/3365,,,,PUBLISHED,Published,,2000.0,2000,,AFR,2000,2000,Africa,,NGA,Nigeria,,YEARS0-4,0-4 years,,,,,,,,CH12,Sepsis and other infectious conditions of the newbornSepsis and other infectious conditions of the newborn,,25945,25944.92000,,,,,
6625,MORT_300,Distribution of causes of death among children aged < 5 years (%),https://www.who.int/data/gho/indicator-metadata-registry/imr-details/89,,,,PUBLISHED,Published,,2000.0,2000,,AFR,2000,2000,Africa,,NGA,Nigeria,,YEARS0-4,0-4 years,,,,,,,,CH12,Sepsis and other infectious conditions of the newbornSepsis and other infectious conditions of the newborn,,0,0.02511,,,,,
6626,MORT_200,Deaths per 1 000 live births,https://www.who.int/data/gho/indicator-metadata-registry/imr-details/3366,,,,PUBLISHED,Published,,2000.0,2000,,AFR,2000,2000,Africa,,NGA,Nigeria,,MONTHS1-59,1-59 months,,,,,,,,CH13,"Other communicable, perinatal and nutritional conditionsOther communicable, perinatal and nutritional conditions",,10.7,10.69988,,,,,
6627,MORT_100,Number of deaths,https://www.who.int/data/gho/indicator-metadata-registry/imr-details/3365,,,,PUBLISHED,Published,,2000.0,2000,,AFR,2000,2000,Africa,,NGA,Nigeria,,YEARS0-4,0-4 years,,,,,,,,CH13,"Other communicable, perinatal and nutritional conditionsOther communicable, perinatal and nutritional conditions",,66479,66479.17000,,,,,
6628,MORT_200,Deaths per 1 000 live births,https://www.who.int/data/gho/indicator-metadata-registry/imr-details/3366,,,,PUBLISHED,Published,,2000.0,2000,,AFR,2000,2000,Africa,,NGA,Nigeria,,MONTHS1-59,1-59 months,,,,,,,,CH15,Congenital anomaliesCongenital anomalies,,2.8,2.76629,,,,,
6629,MORT_100,Number of deaths,https://www.who.int/data/gho/indicator-metadata-registry/imr-details/3365,,,,PUBLISHED,Published,,2000.0,2000,,AFR,2000,2000,Africa,,NGA,Nigeria,,YEARS0-4,0-4 years,,,,,,,,CH15,Congenital anomaliesCongenital anomalies,,29983,29983.24000,,,,,
6630,MORT_200,Deaths per 1 000 live births,https://www.who.int/data/gho/indicator-metadata-registry/imr-details/3366,,,,PUBLISHED,Published,,2000.0,2000,,AFR,2000,2000,Africa,,NGA,Nigeria,,MONTHS1-59,1-59 months,,,,,,,,CH16,Other noncommunicable diseasesOther noncommunicable diseases,,3.6,3.62479,,,,,
6631,MORT_100,Number of deaths,https://www.who.int/data/gho/indicator-metadata-registry/imr-details/3365,,,,PUBLISHED,Published,,2000.0,2000,,AFR,2000,2000,Africa,,NGA,Nigeria,,YEARS0-4,0-4 years,,,,,,,,CH16,Other noncommunicable diseasesOther noncommunicable diseases,,19426,19425.60000,,,,,
6632,MORT_300,Distribution of causes of death among children aged < 5 years (%),https://www.who.int/data/gho/indicator-metadata-registry/imr-details/89,,,,PUBLISHED,Published,,2000.0,2000,,AFR,2000,2000,Africa,,NGA,Nigeria,,DAYS0-27,0-27 days,,,,,,,,CH17,InjuriesInjuries,,0,0.01179,,,,,
6633,MORT_200,Deaths per 1 000 live births,https://www.who.int/data/gho/indicator-metadata-registry/imr-details/3366,,,,PUBLISHED,Published,,2000.0,2000,,AFR,2000,2000,Africa,,NGA,Nigeria,,MONTHS1-59,1-59 months,,,,,,,,CH17,InjuriesInjuries,,4.7,4.65319,,,,,
6634,MORT_300,Distribution of causes of death among children aged < 5 years (%),https://www.who.int/data/gho/indicator-metadata-registry/imr-details/89,,,,PUBLISHED,Published,,2001.0,2001,,AFR,2001,2001,Africa,,NGA,Nigeria,,DAYS0-27,0-27 days,,,,,,,,CH2,HIV/AIDSHIV/AIDS,,0,0.00091,,,,,
6635,MORT_200,Deaths per 1 000 live births,https://www.who.int/data/gho/indicator-metadata-registry/imr-details/3366,,,,PUBLISHED,Published,,2001.0,2001,,AFR,2001,2001,Africa,,NGA,Nigeria,,MONTHS1-59,1-59 months,,,,,,,,CH2,HIV/AIDSHIV/AIDS,,4.2,4.21134,,,,,
6636,MORT_300,Distribution of causes of death among children aged < 5 years (%),https://www.who.int/data/gho/indicator-metadata-registry/imr-details/89,,,,PUBLISHED,Published,,2001.0,2001,,AFR,2001,2001,Africa,,NGA,Nigeria,,DAYS0-27,0-27 days,,,,,,,,CH3,Diarrhoeal diseasesDiarrhoeal diseases,,0,0.01113,,,,,
6637,MORT_200,Deaths per 1 000 live births,https://www.who.int/data/gho/indicator-metadata-registry/imr-details/3366,,,,PUBLISHED,Published,,2001.0,2001,,AFR,2001,2001,Africa,,NGA,Nigeria,,MONTHS1-59,1-59 months,,,,,,,,CH3,Diarrhoeal diseasesDiarrhoeal diseases,,22.7,22.69704,,,,,
6638,MORT_100,Number of deaths,https://www.who.int/data/gho/indicator-metadata-registry/imr-details/3365,,,,PUBLISHED,Published,,2001.0,2001,,AFR,2001,2001,Africa,,NGA,Nigeria,,DAYS0-27,0-27 days,,,,,,,,CH5,TetanusTetanus,,17086,17086.24000,,,,,
6639,MORT_300,Distribution of causes of death among children aged < 5 years (%),https://www.who.int/data/gho/indicator-metadata-registry/imr-details/89,,,,PUBLISHED,Published,,2001.0,2001,,AFR,2001,2001,Africa,,NGA,Nigeria,,DAYS0-27,0-27 days,,,,,,,,CH5,TetanusTetanus,,0.1,0.06714,,,,,
6640,MORT_100,Number of deaths,https://www.who.int/data/gho/indicator-metadata-registry/imr-details/3365,,,,PUBLISHED,Published,,2001.0,2001,,AFR,2001,2001,Africa,,NGA,Nigeria,,DAYS0-27,0-27 days,,,,,,,,CH6,MeaslesMeasles,,0,0.00000,,,,,
6641,MORT_300,Distribution of causes of death among children aged < 5 years (%),https://www.who.int/data/gho/indicator-metadata-registry/imr-details/89,,,,PUBLISHED,Published,,2001.0,2001,,AFR,2001,2001,Africa,,NGA,Nigeria,,DAYS0-27,0-27 days,,,,,,,,CH6,MeaslesMeasles,,0,0.00000,,,,,
6642,MORT_100,Number of deaths,https://www.who.int/data/gho/indicator-metadata-registry/imr-details/3365,,,,PUBLISHED,Published,,2001.0,2001,,AFR,2001,2001,Africa,,NGA,Nigeria,,DAYS0-27,0-27 days,,,,,,,,CH7,Meningitis/encephalitisMeningitis/encephalitis,,3652,3652.48600,,,,,
6643,MORT_300,Distribution of causes of death among children aged < 5 years (%),https://www.who.int/data/gho/indicator-metadata-registry/imr-details/89,,,,PUBLISHED,Published,,2001.0,2001,,AFR,2001,2001,Africa,,NGA,Nigeria,,DAYS0-27,0-27 days,,,,,,,,CH7,Meningitis/encephalitisMeningitis/encephalitis,,0,0.01435,,,,,
6644,MORT_200,Deaths per 1 000 live births,https://www.who.int/data/gho/indicator-metadata-registry/imr-details/3366,,,,PUBLISHED,Published,,2001.0,2001,,AFR,2001,2001,Africa,,NGA,Nigeria,,YEARS0-4,0-4 years,,,,,,,,CH7,Meningitis/encephalitisMeningitis/encephalitis,,4.7,4.67800,,,,,
6645,MORT_100,Number of deaths,https://www.who.int/data/gho/indicator-metadata-registry/imr-details/3365,,,,PUBLISHED,Published,,2001.0,2001,,AFR,2001,2001,Africa,,NGA,Nigeria,,DAYS0-27,0-27 days,,,,,,,,CH8,MalariaMalaria,,0,0.00000,,,,,
6646,MORT_200,Deaths per 1 000 live births,https://www.who.int/data/gho/indicator-metadata-registry/imr-details/3366,,,,PUBLISHED,Published,,2001.0,2001,,AFR,2001,2001,Africa,,NGA,Nigeria,,YEARS0-4,0-4 years,,,,,,,,CH8,MalariaMalaria,,35.2,35.24382,,,,,
6647,MORT_100,Number of deaths,https://www.who.int/data/gho/indicator-metadata-registry/imr-details/3365,,,,PUBLISHED,Published,,2001.0,2001,,AFR,2001,2001,Africa,,NGA,Nigeria,,DAYS0-27,0-27 days,,,,,,,,CH9,Acute lower respiratory infectionsAcute lower respiratory infections,,19975,19975.21000,,,,,
6648,MORT_200,Deaths per 1 000 live births,https://www.who.int/data/gho/indicator-metadata-registry/imr-details/3366,,,,PUBLISHED,Published,,2001.0,2001,,AFR,2001,2001,Africa,,NGA,Nigeria,,YEARS0-4,0-4 years,,,,,,,,CH9,Acute lower respiratory infectionsAcute lower respiratory infections,,28,27.95872,,,,,
6649,MORT_100,Number of deaths,https://www.who.int/data/gho/indicator-metadata-registry/imr-details/3365,,,,PUBLISHED,Published,,2001.0,2001,,AFR,2001,2001,Africa,,NGA,Nigeria,,DAYS0-27,0-27 days,,,,,,,,CH10,PrematurityPrematurity,,71427,71427.27000,,,,,
6650,MORT_300,Distribution of causes of death among children aged < 5 years (%),https://www.who.int/data/gho/indicator-metadata-registry/imr-details/89,,,,PUBLISHED,Published,,2001.0,2001,,AFR,2001,2001,Africa,,NGA,Nigeria,,MONTHS1-59,1-59 months,,,,,,,,CH10,PrematurityPrematurity,,0,0.01113,,,,,
6651,MORT_200,Deaths per 1 000 live births,https://www.who.int/data/gho/indicator-metadata-registry/imr-details/3366,,,,PUBLISHED,Published,,2001.0,2001,,AFR,2001,2001,Africa,,NGA,Nigeria,,YEARS0-4,0-4 years,,,,,,,,CH10,PrematurityPrematurity,,14.7,14.72231,,,,,
6652,MORT_300,Distribution of causes of death among children aged < 5 years (%),https://www.who.int/data/gho/indicator-metadata-registry/imr-details/89,,,,PUBLISHED,Published,,2001.0,2001,,AFR,2001,2001,Africa,,NGA,Nigeria,,MONTHS1-59,1-59 months,,,,,,,,CH11,Birth asphyxia and birth traumaBirth asphyxia and birth trauma,,0,0.01272,,,,,
6653,MORT_200,Deaths per 1 000 live births,https://www.who.int/data/gho/indicator-metadata-registry/imr-details/3366,,,,PUBLISHED,Published,,2001.0,2001,,AFR,2001,2001,Africa,,NGA,Nigeria,,YEARS0-4,0-4 years,,,,,,,,CH11,Birth asphyxia and birth traumaBirth asphyxia and birth trauma,,17.2,17.22382,,,,,
6654,MORT_300,Distribution of causes of death among children aged < 5 years (%),https://www.who.int/data/gho/indicator-metadata-registry/imr-details/89,,,,PUBLISHED,Published,,2001.0,2001,,AFR,2001,2001,Africa,,NGA,Nigeria,,MONTHS1-59,1-59 months,,,,,,,,CH12,Sepsis and other infectious conditions of the newbornSepsis and other infectious conditions of the newborn,,0,0.00000,,,,,
6655,MORT_200,Deaths per 1 000 live births,https://www.who.int/data/gho/indicator-metadata-registry/imr-details/3366,,,,PUBLISHED,Published,,2001.0,2001,,AFR,2001,2001,Africa,,NGA,Nigeria,,YEARS0-4,0-4 years,,,,,,,,CH12,Sepsis and other infectious conditions of the newbornSepsis and other infectious conditions of the newborn,,4.9,4.94742,,,,,
6656,MORT_100,Number of deaths,https://www.who.int/data/gho/indicator-metadata-registry/imr-details/3365,,,,PUBLISHED,Published,,2001.0,2001,,AFR,2001,2001,Africa,,NGA,Nigeria,,MONTHS1-59,1-59 months,,,,,,,,CH13,"Other communicable, perinatal and nutritional conditionsOther communicable, perinatal and nutritional conditions",,56952,56951.65000,,,,,
6657,MORT_300,Distribution of causes of death among children aged < 5 years (%),https://www.who.int/data/gho/indicator-metadata-registry/imr-details/89,,,,PUBLISHED,Published,,2001.0,2001,,AFR,2001,2001,Africa,,NGA,Nigeria,,MONTHS1-59,1-59 months,,,,,,,,CH13,"Other communicable, perinatal and nutritional conditionsOther communicable, perinatal and nutritional conditions",,0.1,0.07624,,,,,
6658,MORT_100,Number of deaths,https://www.who.int/data/gho/indicator-metadata-registry/imr-details/3365,,,,PUBLISHED,Published,,2001.0,2001,,AFR,2001,2001,Africa,,NGA,Nigeria,,MONTHS1-59,1-59 months,,,,,,,,CH15,Congenital anomaliesCongenital anomalies,,14840,14839.78000,,,,,
6659,MORT_300,Distribution of causes of death among children aged < 5 years (%),https://www.who.int/data/gho/indicator-metadata-registry/imr-details/89,,,,PUBLISHED,Published,,2001.0,2001,,AFR,2001,2001,Africa,,NGA,Nigeria,,MONTHS1-59,1-59 months,,,,,,,,CH15,Congenital anomaliesCongenital anomalies,,0,0.01987,,,,,
6660,MORT_100,Number of deaths,https://www.who.int/data/gho/indicator-metadata-registry/imr-details/3365,,,,PUBLISHED,Published,,2001.0,2001,,AFR,2001,2001,Africa,,NGA,Nigeria,,MONTHS1-59,1-59 months,,,,,,,,CH16,Other noncommunicable diseasesOther noncommunicable diseases,,19308,19308.33000,,,,,
6661,MORT_300,Distribution of causes of death among children aged < 5 years (%),https://www.who.int/data/gho/indicator-metadata-registry/imr-details/89,,,,PUBLISHED,Published,,2001.0,2001,,AFR,2001,2001,Africa,,NGA,Nigeria,,MONTHS1-59,1-59 months,,,,,,,,CH16,Other noncommunicable diseasesOther noncommunicable diseases,,0,0.02585,,,,,
6662,MORT_200,Deaths per 1 000 live births,https://www.who.int/data/gho/indicator-metadata-registry/imr-details/3366,,,,PUBLISHED,Published,,2001.0,2001,,AFR,2001,2001,Africa,,NGA,Nigeria,,DAYS0-27,0-27 days,,,,,,,,CH17,InjuriesInjuries,,0.6,0.56789,,,,,
6663,MORT_100,Number of deaths,https://www.who.int/data/gho/indicator-metadata-registry/imr-details/3365,,,,PUBLISHED,Published,,2001.0,2001,,AFR,2001,2001,Africa,,NGA,Nigeria,,MONTHS1-59,1-59 months,,,,,,,,CH17,InjuriesInjuries,,25184,25183.77000,,,,,
6664,MORT_200,Deaths per 1 000 live births,https://www.who.int/data/gho/indicator-metadata-registry/imr-details/3366,,,,PUBLISHED,Published,,2002.0,2002,,AFR,2002,2002,Africa,,NGA,Nigeria,,DAYS0-27,0-27 days,,,,,,,,CH2,HIV/AIDSHIV/AIDS,,0,0.04290,,,,,
6665,MORT_100,Number of deaths,https://www.who.int/data/gho/indicator-metadata-registry/imr-details/3365,,,,PUBLISHED,Published,,2002.0,2002,,AFR,2002,2002,Africa,,NGA,Nigeria,,MONTHS1-59,1-59 months,,,,,,,,CH2,HIV/AIDSHIV/AIDS,,23541,23541.21000,,,,,
6666,MORT_200,Deaths per 1 000 live births,https://www.who.int/data/gho/indicator-metadata-registry/imr-details/3366,,,,PUBLISHED,Published,,2002.0,2002,,AFR,2002,2002,Africa,,NGA,Nigeria,,DAYS0-27,0-27 days,,,,,,,,CH3,Diarrhoeal diseasesDiarrhoeal diseases,,0.5,0.50363,,,,,
6667,MORT_100,Number of deaths,https://www.who.int/data/gho/indicator-metadata-registry/imr-details/3365,,,,PUBLISHED,Published,,2002.0,2002,,AFR,2002,2002,Africa,,NGA,Nigeria,,MONTHS1-59,1-59 months,,,,,,,,CH3,Diarrhoeal diseasesDiarrhoeal diseases,,118041,118041.00000,,,,,
6668,MORT_300,Distribution of causes of death among children aged < 5 years (%),https://www.who.int/data/gho/indicator-metadata-registry/imr-details/89,,,,PUBLISHED,Published,,2002.0,2002,,AFR,2002,2002,Africa,,NGA,Nigeria,,YEARS0-4,0-4 years,,,,,,,,CH3,Diarrhoeal diseasesDiarrhoeal diseases,,0.1,0.12982,,,,,
6669,MORT_200,Deaths per 1 000 live births,https://www.who.int/data/gho/indicator-metadata-registry/imr-details/3366,,,,PUBLISHED,Published,,2002.0,2002,,AFR,2002,2002,Africa,,NGA,Nigeria,,DAYS0-27,0-27 days,,,,,,,,CH5,TetanusTetanus,,2.8,2.84419,,,,,
6670,MORT_300,Distribution of causes of death among children aged < 5 years (%),https://www.who.int/data/gho/indicator-metadata-registry/imr-details/89,,,,PUBLISHED,Published,,2002.0,2002,,AFR,2002,2002,Africa,,NGA,Nigeria,,YEARS0-4,0-4 years,,,,,,,,CH5,TetanusTetanus,,0,0.01706,,,,,
6671,MORT_200,Deaths per 1 000 live births,https://www.who.int/data/gho/indicator-metadata-registry/imr-details/3366,,,,PUBLISHED,Published,,2002.0,2002,,AFR,2002,2002,Africa,,NGA,Nigeria,,DAYS0-27,0-27 days,,,,,,,,CH6,MeaslesMeasles,,0,0.00000,,,,,
6672,MORT_300,Distribution of causes of death among children aged < 5 years (%),https://www.who.int/data/gho/indicator-metadata-registry/imr-details/89,,,,PUBLISHED,Published,,2002.0,2002,,AFR,2002,2002,Africa,,NGA,Nigeria,,YEARS0-4,0-4 years,,,,,,,,CH6,MeaslesMeasles,,0.1,0.05790,,,,,
6673,MORT_200,Deaths per 1 000 live births,https://www.who.int/data/gho/indicator-metadata-registry/imr-details/3366,,,,PUBLISHED,Published,,2002.0,2002,,AFR,2002,2002,Africa,,NGA,Nigeria,,DAYS0-27,0-27 days,,,,,,,,CH7,Meningitis/encephalitisMeningitis/encephalitis,,0.7,0.65631,,,,,
6674,MORT_100,Number of deaths,https://www.who.int/data/gho/indicator-metadata-registry/imr-details/3365,,,,PUBLISHED,Published,,2002.0,2002,,AFR,2002,2002,Africa,,NGA,Nigeria,,YEARS0-4,0-4 years,,,,,,,,CH7,Meningitis/encephalitisMeningitis/encephalitis,,24935,24935.13000,,,,,
6675,MORT_300,Distribution of causes of death among children aged < 5 years (%),https://www.who.int/data/gho/indicator-metadata-registry/imr-details/89,,,,PUBLISHED,Published,,2002.0,2002,,AFR,2002,2002,Africa,,NGA,Nigeria,,YEARS0-4,0-4 years,,,,,,,,CH7,Meningitis/encephalitisMeningitis/encephalitis,,0,0.02679,,,,,
6676,MORT_200,Deaths per 1 000 live births,https://www.who.int/data/gho/indicator-metadata-registry/imr-details/3366,,,,PUBLISHED,Published,,2002.0,2002,,AFR,2002,2002,Africa,,NGA,Nigeria,,DAYS0-27,0-27 days,,,,,,,,CH8,MalariaMalaria,,0,0.00000,,,,,
6677,MORT_100,Number of deaths,https://www.who.int/data/gho/indicator-metadata-registry/imr-details/3365,,,,PUBLISHED,Published,,2002.0,2002,,AFR,2002,2002,Africa,,NGA,Nigeria,,YEARS0-4,0-4 years,,,,,,,,CH8,MalariaMalaria,,193678,193677.80000,,,,,
6678,MORT_300,Distribution of causes of death among children aged < 5 years (%),https://www.who.int/data/gho/indicator-metadata-registry/imr-details/89,,,,PUBLISHED,Published,,2002.0,2002,,AFR,2002,2002,Africa,,NGA,Nigeria,,YEARS0-4,0-4 years,,,,,,,,CH8,MalariaMalaria,,0.2,0.20809,,,,,
6679,MORT_100,Number of deaths,https://www.who.int/data/gho/indicator-metadata-registry/imr-details/3365,,,,PUBLISHED,Published,,2002.0,2002,,AFR,2002,2002,Africa,,NGA,Nigeria,,YEARS0-4,0-4 years,,,,,,,,CH9,Acute lower respiratory infectionsAcute lower respiratory infections,,151410,151410.20000,,,,,
6680,MORT_300,Distribution of causes of death among children aged < 5 years (%),https://www.who.int/data/gho/indicator-metadata-registry/imr-details/89,,,,PUBLISHED,Published,,2002.0,2002,,AFR,2002,2002,Africa,,NGA,Nigeria,,YEARS0-4,0-4 years,,,,,,,,CH9,Acute lower respiratory infectionsAcute lower respiratory infections,,0.2,0.16268,,,,,
6681,MORT_200,Deaths per 1 000 live births,https://www.who.int/data/gho/indicator-metadata-registry/imr-details/3366,,,,PUBLISHED,Published,,2002.0,2002,,AFR,2002,2002,Africa,,NGA,Nigeria,,MONTHS1-59,1-59 months,,,,,,,,CH10,PrematurityPrematurity,,1.5,1.50214,,,,,
6682,MORT_100,Number of deaths,https://www.who.int/data/gho/indicator-metadata-registry/imr-details/3365,,,,PUBLISHED,Published,,2002.0,2002,,AFR,2002,2002,Africa,,NGA,Nigeria,,YEARS0-4,0-4 years,,,,,,,,CH10,PrematurityPrematurity,,79257,79257.13000,,,,,
6683,MORT_300,Distribution of causes of death among children aged < 5 years (%),https://www.who.int/data/gho/indicator-metadata-registry/imr-details/89,,,,PUBLISHED,Published,,2002.0,2002,,AFR,2002,2002,Africa,,NGA,Nigeria,,YEARS0-4,0-4 years,,,,,,,,CH10,PrematurityPrematurity,,0.1,0.08515,,,,,
6684,MORT_200,Deaths per 1 000 live births,https://www.who.int/data/gho/indicator-metadata-registry/imr-details/3366,,,,PUBLISHED,Published,,2002.0,2002,,AFR,2002,2002,Africa,,NGA,Nigeria,,MONTHS1-59,1-59 months,,,,,,,,CH11,Birth asphyxia and birth traumaBirth asphyxia and birth trauma,,1.7,1.71525,,,,,
6685,MORT_100,Number of deaths,https://www.who.int/data/gho/indicator-metadata-registry/imr-details/3365,,,,PUBLISHED,Published,,2002.0,2002,,AFR,2002,2002,Africa,,NGA,Nigeria,,YEARS0-4,0-4 years,,,,,,,,CH11,Birth asphyxia and birth traumaBirth asphyxia and birth trauma,,93919,93918.81000,,,,,
6686,MORT_200,Deaths per 1 000 live births,https://www.who.int/data/gho/indicator-metadata-registry/imr-details/3366,,,,PUBLISHED,Published,,2002.0,2002,,AFR,2002,2002,Africa,,NGA,Nigeria,,MONTHS1-59,1-59 months,,,,,,,,CH12,Sepsis and other infectious conditions of the newbornSepsis and other infectious conditions of the newborn,,0,0.00000,,,,,
6687,MORT_100,Number of deaths,https://www.who.int/data/gho/indicator-metadata-registry/imr-details/3365,,,,PUBLISHED,Published,,2002.0,2002,,AFR,2002,2002,Africa,,NGA,Nigeria,,YEARS0-4,0-4 years,,,,,,,,CH12,Sepsis and other infectious conditions of the newbornSepsis and other infectious conditions of the newborn,,27567,27567.01000,,,,,
6688,MORT_200,Deaths per 1 000 live births,https://www.who.int/data/gho/indicator-metadata-registry/imr-details/3366,,,,PUBLISHED,Published,,2002.0,2002,,AFR,2002,2002,Africa,,NGA,Nigeria,,MONTHS1-59,1-59 months,,,,,,,,CH13,"Other communicable, perinatal and nutritional conditionsOther communicable, perinatal and nutritional conditions",,10.3,10.27732,,,,,
6689,MORT_100,Number of deaths,https://www.who.int/data/gho/indicator-metadata-registry/imr-details/3365,,,,PUBLISHED,Published,,2002.0,2002,,AFR,2002,2002,Africa,,NGA,Nigeria,,YEARS0-4,0-4 years,,,,,,,,CH13,"Other communicable, perinatal and nutritional conditionsOther communicable, perinatal and nutritional conditions",,67491,67490.88000,,,,,
6690,MORT_300,Distribution of causes of death among children aged < 5 years (%),https://www.who.int/data/gho/indicator-metadata-registry/imr-details/89,,,,PUBLISHED,Published,,2002.0,2002,,AFR,2002,2002,Africa,,NGA,Nigeria,,DAYS0-27,0-27 days,,,,,,,,CH15,Congenital anomaliesCongenital anomalies,,0.1,0.05828,,,,,
6691,MORT_200,Deaths per 1 000 live births,https://www.who.int/data/gho/indicator-metadata-registry/imr-details/3366,,,,PUBLISHED,Published,,2002.0,2002,,AFR,2002,2002,Africa,,NGA,Nigeria,,MONTHS1-59,1-59 months,,,,,,,,CH15,Congenital anomaliesCongenital anomalies,,2.7,2.69287,,,,,
6692,MORT_300,Distribution of causes of death among children aged < 5 years (%),https://www.who.int/data/gho/indicator-metadata-registry/imr-details/89,,,,PUBLISHED,Published,,2002.0,2002,,AFR,2002,2002,Africa,,NGA,Nigeria,,DAYS0-27,0-27 days,,,,,,,,CH16,Other noncommunicable diseasesOther noncommunicable diseases,,0,0.00105,,,,,
6693,MORT_200,Deaths per 1 000 live births,https://www.who.int/data/gho/indicator-metadata-registry/imr-details/3366,,,,PUBLISHED,Published,,2002.0,2002,,AFR,2002,2002,Africa,,NGA,Nigeria,,MONTHS1-59,1-59 months,,,,,,,,CH16,Other noncommunicable diseasesOther noncommunicable diseases,,3.5,3.48905,,,,,
6694,MORT_300,Distribution of causes of death among children aged < 5 years (%),https://www.who.int/data/gho/indicator-metadata-registry/imr-details/89,,,,PUBLISHED,Published,,2002.0,2002,,AFR,2002,2002,Africa,,NGA,Nigeria,,DAYS0-27,0-27 days,,,,,,,,CH17,InjuriesInjuries,,0,0.01227,,,,,
6695,MORT_200,Deaths per 1 000 live births,https://www.who.int/data/gho/indicator-metadata-registry/imr-details/3366,,,,PUBLISHED,Published,,2002.0,2002,,AFR,2002,2002,Africa,,NGA,Nigeria,,MONTHS1-59,1-59 months,,,,,,,,CH17,InjuriesInjuries,,4.6,4.62468,,,,,
6696,MORT_100,Number of deaths,https://www.who.int/data/gho/indicator-metadata-registry/imr-details/3365,,,,PUBLISHED,Published,,2003.0,2003,,AFR,2003,2003,Africa,,NGA,Nigeria,,DAYS0-27,0-27 days,,,,,,,,CH2,HIV/AIDSHIV/AIDS,,242,242.36000,,,,,
6697,MORT_300,Distribution of causes of death among children aged < 5 years (%),https://www.who.int/data/gho/indicator-metadata-registry/imr-details/89,,,,PUBLISHED,Published,,2003.0,2003,,AFR,2003,2003,Africa,,NGA,Nigeria,,DAYS0-27,0-27 days,,,,,,,,CH2,HIV/AIDSHIV/AIDS,,0,0.00096,,,,,
6698,MORT_100,Number of deaths,https://www.who.int/data/gho/indicator-metadata-registry/imr-details/3365,,,,PUBLISHED,Published,,2003.0,2003,,AFR,2003,2003,Africa,,NGA,Nigeria,,DAYS0-27,0-27 days,,,,,,,,CH3,Diarrhoeal diseasesDiarrhoeal diseases,,2720,2720.29900,,,,,
6699,MORT_300,Distribution of causes of death among children aged < 5 years (%),https://www.who.int/data/gho/indicator-metadata-registry/imr-details/89,,,,PUBLISHED,Published,,2003.0,2003,,AFR,2003,2003,Africa,,NGA,Nigeria,,DAYS0-27,0-27 days,,,,,,,,CH3,Diarrhoeal diseasesDiarrhoeal diseases,,0,0.01073,,,,,
6700,MORT_100,Number of deaths,https://www.who.int/data/gho/indicator-metadata-registry/imr-details/3365,,,,PUBLISHED,Published,,2003.0,2003,,AFR,2003,2003,Africa,,NGA,Nigeria,,DAYS0-27,0-27 days,,,,,,,,CH5,TetanusTetanus,,14609,14608.99000,,,,,
6701,MORT_300,Distribution of causes of death among children aged < 5 years (%),https://www.who.int/data/gho/indicator-metadata-registry/imr-details/89,,,,PUBLISHED,Published,,2003.0,2003,,AFR,2003,2003,Africa,,NGA,Nigeria,,DAYS0-27,0-27 days,,,,,,,,CH5,TetanusTetanus,,0.1,0.05760,,,,,
6702,MORT_200,Deaths per 1 000 live births,https://www.who.int/data/gho/indicator-metadata-registry/imr-details/3366,,,,PUBLISHED,Published,,2003.0,2003,,AFR,2003,2003,Africa,,NGA,Nigeria,,YEARS0-4,0-4 years,,,,,,,,CH5,TetanusTetanus,,2.6,2.59506,,,,,
6703,MORT_100,Number of deaths,https://www.who.int/data/gho/indicator-metadata-registry/imr-details/3365,,,,PUBLISHED,Published,,2003.0,2003,,AFR,2003,2003,Africa,,NGA,Nigeria,,DAYS0-27,0-27 days,,,,,,,,CH6,MeaslesMeasles,,0,0.00000,,,,,
6704,MORT_200,Deaths per 1 000 live births,https://www.who.int/data/gho/indicator-metadata-registry/imr-details/3366,,,,PUBLISHED,Published,,2003.0,2003,,AFR,2003,2003,Africa,,NGA,Nigeria,,YEARS0-4,0-4 years,,,,,,,,CH6,MeaslesMeasles,,25.7,25.65583,,,,,
6705,MORT_100,Number of deaths,https://www.who.int/data/gho/indicator-metadata-registry/imr-details/3365,,,,PUBLISHED,Published,,2003.0,2003,,AFR,2003,2003,Africa,,NGA,Nigeria,,DAYS0-27,0-27 days,,,,,,,,CH7,Meningitis/encephalitisMeningitis/encephalitis,,3622,3622.08800,,,,,
6706,MORT_200,Deaths per 1 000 live births,https://www.who.int/data/gho/indicator-metadata-registry/imr-details/3366,,,,PUBLISHED,Published,,2003.0,2003,,AFR,2003,2003,Africa,,NGA,Nigeria,,YEARS0-4,0-4 years,,,,,,,,CH7,Meningitis/encephalitisMeningitis/encephalitis,,6.2,6.22325,,,,,
6707,MORT_100,Number of deaths,https://www.who.int/data/gho/indicator-metadata-registry/imr-details/3365,,,,PUBLISHED,Published,,2003.0,2003,,AFR,2003,2003,Africa,,NGA,Nigeria,,DAYS0-27,0-27 days,,,,,,,,CH8,MalariaMalaria,,0,0.00000,,,,,
6708,MORT_300,Distribution of causes of death among children aged < 5 years (%),https://www.who.int/data/gho/indicator-metadata-registry/imr-details/89,,,,PUBLISHED,Published,,2003.0,2003,,AFR,2003,2003,Africa,,NGA,Nigeria,,MONTHS1-59,1-59 months,,,,,,,,CH8,MalariaMalaria,,0.3,0.25190,,,,,
6709,MORT_200,Deaths per 1 000 live births,https://www.who.int/data/gho/indicator-metadata-registry/imr-details/3366,,,,PUBLISHED,Published,,2003.0,2003,,AFR,2003,2003,Africa,,NGA,Nigeria,,YEARS0-4,0-4 years,,,,,,,,CH8,MalariaMalaria,,34,33.97977,,,,,
6710,MORT_300,Distribution of causes of death among children aged < 5 years (%),https://www.who.int/data/gho/indicator-metadata-registry/imr-details/89,,,,PUBLISHED,Published,,2003.0,2003,,AFR,2003,2003,Africa,,NGA,Nigeria,,MONTHS1-59,1-59 months,,,,,,,,CH9,Acute lower respiratory infectionsAcute lower respiratory infections,,0.2,0.16730,,,,,
6711,MORT_200,Deaths per 1 000 live births,https://www.who.int/data/gho/indicator-metadata-registry/imr-details/3366,,,,PUBLISHED,Published,,2003.0,2003,,AFR,2003,2003,Africa,,NGA,Nigeria,,YEARS0-4,0-4 years,,,,,,,,CH9,Acute lower respiratory infectionsAcute lower respiratory infections,,26.1,26.14074,,,,,
6712,MORT_300,Distribution of causes of death among children aged < 5 years (%),https://www.who.int/data/gho/indicator-metadata-registry/imr-details/89,,,,PUBLISHED,Published,,2003.0,2003,,AFR,2003,2003,Africa,,NGA,Nigeria,,MONTHS1-59,1-59 months,,,,,,,,CH10,PrematurityPrematurity,,0,0.01067,,,,,
6713,MORT_200,Deaths per 1 000 live births,https://www.who.int/data/gho/indicator-metadata-registry/imr-details/3366,,,,PUBLISHED,Published,,2003.0,2003,,AFR,2003,2003,Africa,,NGA,Nigeria,,YEARS0-4,0-4 years,,,,,,,,CH10,PrematurityPrematurity,,13.9,13.93701,,,,,
6714,MORT_100,Number of deaths,https://www.who.int/data/gho/indicator-metadata-registry/imr-details/3365,,,,PUBLISHED,Published,,2003.0,2003,,AFR,2003,2003,Africa,,NGA,Nigeria,,MONTHS1-59,1-59 months,,,,,,,,CH11,Birth asphyxia and birth traumaBirth asphyxia and birth trauma,,9315,9315.06400,,,,,
6715,MORT_300,Distribution of causes of death among children aged < 5 years (%),https://www.who.int/data/gho/indicator-metadata-registry/imr-details/89,,,,PUBLISHED,Published,,2003.0,2003,,AFR,2003,2003,Africa,,NGA,Nigeria,,MONTHS1-59,1-59 months,,,,,,,,CH11,Birth asphyxia and birth traumaBirth asphyxia and birth trauma,,0,0.01218,,,,,
6716,MORT_100,Number of deaths,https://www.who.int/data/gho/indicator-metadata-registry/imr-details/3365,,,,PUBLISHED,Published,,2003.0,2003,,AFR,2003,2003,Africa,,NGA,Nigeria,,MONTHS1-59,1-59 months,,,,,,,,CH12,Sepsis and other infectious conditions of the newbornSepsis and other infectious conditions of the newborn,,0,0.00000,,,,,
6717,MORT_300,Distribution of causes of death among children aged < 5 years (%),https://www.who.int/data/gho/indicator-metadata-registry/imr-details/89,,,,PUBLISHED,Published,,2003.0,2003,,AFR,2003,2003,Africa,,NGA,Nigeria,,MONTHS1-59,1-59 months,,,,,,,,CH12,Sepsis and other infectious conditions of the newbornSepsis and other infectious conditions of the newborn,,0,0.00000,,,,,
6718,MORT_100,Number of deaths,https://www.who.int/data/gho/indicator-metadata-registry/imr-details/3365,,,,PUBLISHED,Published,,2003.0,2003,,AFR,2003,2003,Africa,,NGA,Nigeria,,MONTHS1-59,1-59 months,,,,,,,,CH13,"Other communicable, perinatal and nutritional conditionsOther communicable, perinatal and nutritional conditions",,55690,55690.10000,,,,,
6719,MORT_300,Distribution of causes of death among children aged < 5 years (%),https://www.who.int/data/gho/indicator-metadata-registry/imr-details/89,,,,PUBLISHED,Published,,2003.0,2003,,AFR,2003,2003,Africa,,NGA,Nigeria,,MONTHS1-59,1-59 months,,,,,,,,CH13,"Other communicable, perinatal and nutritional conditionsOther communicable, perinatal and nutritional conditions",,0.1,0.07281,,,,,
6720,MORT_200,Deaths per 1 000 live births,https://www.who.int/data/gho/indicator-metadata-registry/imr-details/3366,,,,PUBLISHED,Published,,2003.0,2003,,AFR,2003,2003,Africa,,NGA,Nigeria,,DAYS0-27,0-27 days,,,,,,,,CH15,Congenital anomaliesCongenital anomalies,,2.6,2.56199,,,,,
6721,MORT_100,Number of deaths,https://www.who.int/data/gho/indicator-metadata-registry/imr-details/3365,,,,PUBLISHED,Published,,2003.0,2003,,AFR,2003,2003,Africa,,NGA,Nigeria,,MONTHS1-59,1-59 months,,,,,,,,CH15,Congenital anomaliesCongenital anomalies,,14749,14748.66000,,,,,
6722,MORT_200,Deaths per 1 000 live births,https://www.who.int/data/gho/indicator-metadata-registry/imr-details/3366,,,,PUBLISHED,Published,,2003.0,2003,,AFR,2003,2003,Africa,,NGA,Nigeria,,DAYS0-27,0-27 days,,,,,,,,CH16,Other noncommunicable diseasesOther noncommunicable diseases,,0,0.04756,,,,,
6723,MORT_100,Number of deaths,https://www.who.int/data/gho/indicator-metadata-registry/imr-details/3365,,,,PUBLISHED,Published,,2003.0,2003,,AFR,2003,2003,Africa,,NGA,Nigeria,,MONTHS1-59,1-59 months,,,,,,,,CH16,Other noncommunicable diseasesOther noncommunicable diseases,,18912,18912.49000,,,,,
6724,MORT_200,Deaths per 1 000 live births,https://www.who.int/data/gho/indicator-metadata-registry/imr-details/3366,,,,PUBLISHED,Published,,2003.0,2003,,AFR,2003,2003,Africa,,NGA,Nigeria,,DAYS0-27,0-27 days,,,,,,,,CH17,InjuriesInjuries,,0.5,0.54819,,,,,
6725,MORT_100,Number of deaths,https://www.who.int/data/gho/indicator-metadata-registry/imr-details/3365,,,,PUBLISHED,Published,,2003.0,2003,,AFR,2003,2003,Africa,,NGA,Nigeria,,MONTHS1-59,1-59 months,,,,,,,,CH17,InjuriesInjuries,,25513,25513.05000,,,,,
6726,MORT_300,Distribution of causes of death among children aged < 5 years (%),https://www.who.int/data/gho/indicator-metadata-registry/imr-details/89,,,,PUBLISHED,Published,,2003.0,2003,,AFR,2003,2003,Africa,,NGA,Nigeria,,YEARS0-4,0-4 years,,,,,,,,CH17,InjuriesInjuries,,0,0.02810,,,,,
6727,MORT_200,Deaths per 1 000 live births,https://www.who.int/data/gho/indicator-metadata-registry/imr-details/3366,,,,PUBLISHED,Published,,2004.0,2004,,AFR,2004,2004,Africa,,NGA,Nigeria,,DAYS0-27,0-27 days,,,,,,,,CH2,HIV/AIDSHIV/AIDS,,0,0.04221,,,,,
6728,MORT_300,Distribution of causes of death among children aged < 5 years (%),https://www.who.int/data/gho/indicator-metadata-registry/imr-details/89,,,,PUBLISHED,Published,,2004.0,2004,,AFR,2004,2004,Africa,,NGA,Nigeria,,YEARS0-4,0-4 years,,,,,,,,CH2,HIV/AIDSHIV/AIDS,,0,0.02674,,,,,
6729,MORT_200,Deaths per 1 000 live births,https://www.who.int/data/gho/indicator-metadata-registry/imr-details/3366,,,,PUBLISHED,Published,,2004.0,2004,,AFR,2004,2004,Africa,,NGA,Nigeria,,DAYS0-27,0-27 days,,,,,,,,CH3,Diarrhoeal diseasesDiarrhoeal diseases,,0.5,0.45252,,,,,
6730,MORT_300,Distribution of causes of death among children aged < 5 years (%),https://www.who.int/data/gho/indicator-metadata-registry/imr-details/89,,,,PUBLISHED,Published,,2004.0,2004,,AFR,2004,2004,Africa,,NGA,Nigeria,,YEARS0-4,0-4 years,,,,,,,,CH3,Diarrhoeal diseasesDiarrhoeal diseases,,0.1,0.11820,,,,,
6731,MORT_200,Deaths per 1 000 live births,https://www.who.int/data/gho/indicator-metadata-registry/imr-details/3366,,,,PUBLISHED,Published,,2004.0,2004,,AFR,2004,2004,Africa,,NGA,Nigeria,,DAYS0-27,0-27 days,,,,,,,,CH5,TetanusTetanus,,2.3,2.31996,,,,,
6732,MORT_100,Number of deaths,https://www.who.int/data/gho/indicator-metadata-registry/imr-details/3365,,,,PUBLISHED,Published,,2004.0,2004,,AFR,2004,2004,Africa,,NGA,Nigeria,,YEARS0-4,0-4 years,,,,,,,,CH5,TetanusTetanus,,13550,13549.94000,,,,,
6733,MORT_300,Distribution of causes of death among children aged < 5 years (%),https://www.who.int/data/gho/indicator-metadata-registry/imr-details/89,,,,PUBLISHED,Published,,2004.0,2004,,AFR,2004,2004,Africa,,NGA,Nigeria,,YEARS0-4,0-4 years,,,,,,,,CH5,TetanusTetanus,,0,0.01481,,,,,
6734,MORT_200,Deaths per 1 000 live births,https://www.who.int/data/gho/indicator-metadata-registry/imr-details/3366,,,,PUBLISHED,Published,,2004.0,2004,,AFR,2004,2004,Africa,,NGA,Nigeria,,DAYS0-27,0-27 days,,,,,,,,CH6,MeaslesMeasles,,0,0.00000,,,,,
6735,MORT_100,Number of deaths,https://www.who.int/data/gho/indicator-metadata-registry/imr-details/3365,,,,PUBLISHED,Published,,2004.0,2004,,AFR,2004,2004,Africa,,NGA,Nigeria,,YEARS0-4,0-4 years,,,,,,,,CH6,MeaslesMeasles,,48501,48501.49000,,,,,
6736,MORT_300,Distribution of causes of death among children aged < 5 years (%),https://www.who.int/data/gho/indicator-metadata-registry/imr-details/89,,,,PUBLISHED,Published,,2004.0,2004,,AFR,2004,2004,Africa,,NGA,Nigeria,,YEARS0-4,0-4 years,,,,,,,,CH6,MeaslesMeasles,,0.1,0.05301,,,,,
6737,MORT_100,Number of deaths,https://www.who.int/data/gho/indicator-metadata-registry/imr-details/3365,,,,PUBLISHED,Published,,2004.0,2004,,AFR,2004,2004,Africa,,NGA,Nigeria,,YEARS0-4,0-4 years,,,,,,,,CH7,Meningitis/encephalitisMeningitis/encephalitis,,34105,34104.61000,,,,,
6738,MORT_300,Distribution of causes of death among children aged < 5 years (%),https://www.who.int/data/gho/indicator-metadata-registry/imr-details/89,,,,PUBLISHED,Published,,2004.0,2004,,AFR,2004,2004,Africa,,NGA,Nigeria,,YEARS0-4,0-4 years,,,,,,,,CH7,Meningitis/encephalitisMeningitis/encephalitis,,0,0.03727,,,,,
6739,MORT_200,Deaths per 1 000 live births,https://www.who.int/data/gho/indicator-metadata-registry/imr-details/3366,,,,PUBLISHED,Published,,2004.0,2004,,AFR,2004,2004,Africa,,NGA,Nigeria,,MONTHS1-59,1-59 months,,,,,,,,CH8,MalariaMalaria,,33.5,33.46811,,,,,
6740,MORT_100,Number of deaths,https://www.who.int/data/gho/indicator-metadata-registry/imr-details/3365,,,,PUBLISHED,Published,,2004.0,2004,,AFR,2004,2004,Africa,,NGA,Nigeria,,YEARS0-4,0-4 years,,,,,,,,CH8,MalariaMalaria,,194026,194025.70000,,,,,
6741,MORT_300,Distribution of causes of death among children aged < 5 years (%),https://www.who.int/data/gho/indicator-metadata-registry/imr-details/89,,,,PUBLISHED,Published,,2004.0,2004,,AFR,2004,2004,Africa,,NGA,Nigeria,,YEARS0-4,0-4 years,,,,,,,,CH8,MalariaMalaria,,0.2,0.21205,,,,,
6742,MORT_200,Deaths per 1 000 live births,https://www.who.int/data/gho/indicator-metadata-registry/imr-details/3366,,,,PUBLISHED,Published,,2004.0,2004,,AFR,2004,2004,Africa,,NGA,Nigeria,,MONTHS1-59,1-59 months,,,,,,,,CH9,Acute lower respiratory infectionsAcute lower respiratory infections,,21.9,21.90490,,,,,
6743,MORT_100,Number of deaths,https://www.who.int/data/gho/indicator-metadata-registry/imr-details/3365,,,,PUBLISHED,Published,,2004.0,2004,,AFR,2004,2004,Africa,,NGA,Nigeria,,YEARS0-4,0-4 years,,,,,,,,CH9,Acute lower respiratory infectionsAcute lower respiratory infections,,147236,147236.10000,,,,,
6744,MORT_200,Deaths per 1 000 live births,https://www.who.int/data/gho/indicator-metadata-registry/imr-details/3366,,,,PUBLISHED,Published,,2004.0,2004,,AFR,2004,2004,Africa,,NGA,Nigeria,,MONTHS1-59,1-59 months,,,,,,,,CH10,PrematurityPrematurity,,1.4,1.40791,,,,,
6745,MORT_100,Number of deaths,https://www.who.int/data/gho/indicator-metadata-registry/imr-details/3365,,,,PUBLISHED,Published,,2004.0,2004,,AFR,2004,2004,Africa,,NGA,Nigeria,,YEARS0-4,0-4 years,,,,,,,,CH10,PrematurityPrematurity,,78988,78988.42000,,,,,
6746,MORT_200,Deaths per 1 000 live births,https://www.who.int/data/gho/indicator-metadata-registry/imr-details/3366,,,,PUBLISHED,Published,,2004.0,2004,,AFR,2004,2004,Africa,,NGA,Nigeria,,MONTHS1-59,1-59 months,,,,,,,,CH11,Birth asphyxia and birth traumaBirth asphyxia and birth trauma,,1.6,1.59931,,,,,
6747,MORT_100,Number of deaths,https://www.who.int/data/gho/indicator-metadata-registry/imr-details/3365,,,,PUBLISHED,Published,,2004.0,2004,,AFR,2004,2004,Africa,,NGA,Nigeria,,YEARS0-4,0-4 years,,,,,,,,CH11,Birth asphyxia and birth traumaBirth asphyxia and birth trauma,,93617,93617.16000,,,,,
6748,MORT_300,Distribution of causes of death among children aged < 5 years (%),https://www.who.int/data/gho/indicator-metadata-registry/imr-details/89,,,,PUBLISHED,Published,,2004.0,2004,,AFR,2004,2004,Africa,,NGA,Nigeria,,DAYS0-27,0-27 days,,,,,,,,CH12,Sepsis and other infectious conditions of the newbornSepsis and other infectious conditions of the newborn,,0.1,0.11567,,,,,
6749,MORT_200,Deaths per 1 000 live births,https://www.who.int/data/gho/indicator-metadata-registry/imr-details/3366,,,,PUBLISHED,Published,,2004.0,2004,,AFR,2004,2004,Africa,,NGA,Nigeria,,MONTHS1-59,1-59 months,,,,,,,,CH12,Sepsis and other infectious conditions of the newbornSepsis and other infectious conditions of the newborn,,0,0.00000,,,,,
6750,MORT_300,Distribution of causes of death among children aged < 5 years (%),https://www.who.int/data/gho/indicator-metadata-registry/imr-details/89,,,,PUBLISHED,Published,,2004.0,2004,,AFR,2004,2004,Africa,,NGA,Nigeria,,DAYS0-27,0-27 days,,,,,,,,CH13,"Other communicable, perinatal and nutritional conditionsOther communicable, perinatal and nutritional conditions",,0,0.04189,,,,,
6751,MORT_200,Deaths per 1 000 live births,https://www.who.int/data/gho/indicator-metadata-registry/imr-details/3366,,,,PUBLISHED,Published,,2004.0,2004,,AFR,2004,2004,Africa,,NGA,Nigeria,,MONTHS1-59,1-59 months,,,,,,,,CH13,"Other communicable, perinatal and nutritional conditionsOther communicable, perinatal and nutritional conditions",,9.6,9.55274,,,,,
6752,MORT_300,Distribution of causes of death among children aged < 5 years (%),https://www.who.int/data/gho/indicator-metadata-registry/imr-details/89,,,,PUBLISHED,Published,,2004.0,2004,,AFR,2004,2004,Africa,,NGA,Nigeria,,DAYS0-27,0-27 days,,,,,,,,CH15,Congenital anomaliesCongenital anomalies,,0.1,0.05658,,,,,
6753,MORT_200,Deaths per 1 000 live births,https://www.who.int/data/gho/indicator-metadata-registry/imr-details/3366,,,,PUBLISHED,Published,,2004.0,2004,,AFR,2004,2004,Africa,,NGA,Nigeria,,MONTHS1-59,1-59 months,,,,,,,,CH15,Congenital anomaliesCongenital anomalies,,2.6,2.55833,,,,,
6754,MORT_100,Number of deaths,https://www.who.int/data/gho/indicator-metadata-registry/imr-details/3365,,,,PUBLISHED,Published,,2004.0,2004,,AFR,2004,2004,Africa,,NGA,Nigeria,,DAYS0-27,0-27 days,,,,,,,,CH16,Other noncommunicable diseasesOther noncommunicable diseases,,270,269.98420,,,,,
6755,MORT_300,Distribution of causes of death among children aged < 5 years (%),https://www.who.int/data/gho/indicator-metadata-registry/imr-details/89,,,,PUBLISHED,Published,,2004.0,2004,,AFR,2004,2004,Africa,,NGA,Nigeria,,DAYS0-27,0-27 days,,,,,,,,CH16,Other noncommunicable diseasesOther noncommunicable diseases,,0,0.00107,,,,,
6756,MORT_100,Number of deaths,https://www.who.int/data/gho/indicator-metadata-registry/imr-details/3365,,,,PUBLISHED,Published,,2004.0,2004,,AFR,2004,2004,Africa,,NGA,Nigeria,,DAYS0-27,0-27 days,,,,,,,,CH17,InjuriesInjuries,,3068,3067.54200,,,,,
6757,MORT_300,Distribution of causes of death among children aged < 5 years (%),https://www.who.int/data/gho/indicator-metadata-registry/imr-details/89,,,,PUBLISHED,Published,,2004.0,2004,,AFR,2004,2004,Africa,,NGA,Nigeria,,DAYS0-27,0-27 days,,,,,,,,CH17,InjuriesInjuries,,0,0.01213,,,,,
6758,MORT_100,Number of deaths,https://www.who.int/data/gho/indicator-metadata-registry/imr-details/3365,,,,PUBLISHED,Published,,2005.0,2005,,AFR,2005,2005,Africa,,NGA,Nigeria,,DAYS0-27,0-27 days,,,,,,,,CH2,HIV/AIDSHIV/AIDS,,247,246.65000,,,,,
6759,MORT_300,Distribution of causes of death among children aged < 5 years (%),https://www.who.int/data/gho/indicator-metadata-registry/imr-details/89,,,,PUBLISHED,Published,,2005.0,2005,,AFR,2005,2005,Africa,,NGA,Nigeria,,DAYS0-27,0-27 days,,,,,,,,CH2,HIV/AIDSHIV/AIDS,,0,0.00098,,,,,
6760,MORT_200,Deaths per 1 000 live births,https://www.who.int/data/gho/indicator-metadata-registry/imr-details/3366,,,,PUBLISHED,Published,,2005.0,2005,,AFR,2005,2005,Africa,,NGA,Nigeria,,YEARS0-4,0-4 years,,,,,,,,CH2,HIV/AIDSHIV/AIDS,,4.2,4.16338,,,,,
6761,MORT_100,Number of deaths,https://www.who.int/data/gho/indicator-metadata-registry/imr-details/3365,,,,PUBLISHED,Published,,2005.0,2005,,AFR,2005,2005,Africa,,NGA,Nigeria,,DAYS0-27,0-27 days,,,,,,,,CH3,Diarrhoeal diseasesDiarrhoeal diseases,,2499,2499.42700,,,,,
6762,MORT_200,Deaths per 1 000 live births,https://www.who.int/data/gho/indicator-metadata-registry/imr-details/3366,,,,PUBLISHED,Published,,2005.0,2005,,AFR,2005,2005,Africa,,NGA,Nigeria,,YEARS0-4,0-4 years,,,,,,,,CH3,Diarrhoeal diseasesDiarrhoeal diseases,,17.4,17.43580,,,,,
6763,MORT_100,Number of deaths,https://www.who.int/data/gho/indicator-metadata-registry/imr-details/3365,,,,PUBLISHED,Published,,2005.0,2005,,AFR,2005,2005,Africa,,NGA,Nigeria,,DAYS0-27,0-27 days,,,,,,,,CH5,TetanusTetanus,,12433,12432.62000,,,,,
6764,MORT_200,Deaths per 1 000 live births,https://www.who.int/data/gho/indicator-metadata-registry/imr-details/3366,,,,PUBLISHED,Published,,2005.0,2005,,AFR,2005,2005,Africa,,NGA,Nigeria,,YEARS0-4,0-4 years,,,,,,,,CH5,TetanusTetanus,,2.1,2.11458,,,,,
6765,MORT_100,Number of deaths,https://www.who.int/data/gho/indicator-metadata-registry/imr-details/3365,,,,PUBLISHED,Published,,2005.0,2005,,AFR,2005,2005,Africa,,NGA,Nigeria,,DAYS0-27,0-27 days,,,,,,,,CH6,MeaslesMeasles,,0,0.00000,,,,,
6766,MORT_300,Distribution of causes of death among children aged < 5 years (%),https://www.who.int/data/gho/indicator-metadata-registry/imr-details/89,,,,PUBLISHED,Published,,2005.0,2005,,AFR,2005,2005,Africa,,NGA,Nigeria,,MONTHS1-59,1-59 months,,,,,,,,CH6,MeaslesMeasles,,0.2,0.15487,,,,,
6767,MORT_200,Deaths per 1 000 live births,https://www.who.int/data/gho/indicator-metadata-registry/imr-details/3366,,,,PUBLISHED,Published,,2005.0,2005,,AFR,2005,2005,Africa,,NGA,Nigeria,,YEARS0-4,0-4 years,,,,,,,,CH6,MeaslesMeasles,,18.8,18.75454,,,,,
6768,MORT_300,Distribution of causes of death among children aged < 5 years (%),https://www.who.int/data/gho/indicator-metadata-registry/imr-details/89,,,,PUBLISHED,Published,,2005.0,2005,,AFR,2005,2005,Africa,,NGA,Nigeria,,MONTHS1-59,1-59 months,,,,,,,,CH7,Meningitis/encephalitisMeningitis/encephalitis,,0,0.04128,,,,,
6769,MORT_200,Deaths per 1 000 live births,https://www.who.int/data/gho/indicator-metadata-registry/imr-details/3366,,,,PUBLISHED,Published,,2005.0,2005,,AFR,2005,2005,Africa,,NGA,Nigeria,,YEARS0-4,0-4 years,,,,,,,,CH7,Meningitis/encephalitisMeningitis/encephalitis,,5.6,5.61169,,,,,
6770,MORT_300,Distribution of causes of death among children aged < 5 years (%),https://www.who.int/data/gho/indicator-metadata-registry/imr-details/89,,,,PUBLISHED,Published,,2005.0,2005,,AFR,2005,2005,Africa,,NGA,Nigeria,,MONTHS1-59,1-59 months,,,,,,,,CH8,MalariaMalaria,,0.3,0.26828,,,,,
6771,MORT_200,Deaths per 1 000 live births,https://www.who.int/data/gho/indicator-metadata-registry/imr-details/3366,,,,PUBLISHED,Published,,2005.0,2005,,AFR,2005,2005,Africa,,NGA,Nigeria,,YEARS0-4,0-4 years,,,,,,,,CH8,MalariaMalaria,,32.5,32.48772,,,,,
6772,MORT_100,Number of deaths,https://www.who.int/data/gho/indicator-metadata-registry/imr-details/3365,,,,PUBLISHED,Published,,2005.0,2005,,AFR,2005,2005,Africa,,NGA,Nigeria,,MONTHS1-59,1-59 months,,,,,,,,CH9,Acute lower respiratory infectionsAcute lower respiratory infections,,126256,126255.50000,,,,,
6773,MORT_300,Distribution of causes of death among children aged < 5 years (%),https://www.who.int/data/gho/indicator-metadata-registry/imr-details/89,,,,PUBLISHED,Published,,2005.0,2005,,AFR,2005,2005,Africa,,NGA,Nigeria,,MONTHS1-59,1-59 months,,,,,,,,CH9,Acute lower respiratory infectionsAcute lower respiratory infections,,0.2,0.17599,,,,,
6774,MORT_100,Number of deaths,https://www.who.int/data/gho/indicator-metadata-registry/imr-details/3365,,,,PUBLISHED,Published,,2005.0,2005,,AFR,2005,2005,Africa,,NGA,Nigeria,,MONTHS1-59,1-59 months,,,,,,,,CH10,PrematurityPrematurity,,8191,8190.73500,,,,,
6775,MORT_300,Distribution of causes of death among children aged < 5 years (%),https://www.who.int/data/gho/indicator-metadata-registry/imr-details/89,,,,PUBLISHED,Published,,2005.0,2005,,AFR,2005,2005,Africa,,NGA,Nigeria,,MONTHS1-59,1-59 months,,,,,,,,CH10,PrematurityPrematurity,,0,0.01142,,,,,
6776,MORT_100,Number of deaths,https://www.who.int/data/gho/indicator-metadata-registry/imr-details/3365,,,,PUBLISHED,Published,,2005.0,2005,,AFR,2005,2005,Africa,,NGA,Nigeria,,MONTHS1-59,1-59 months,,,,,,,,CH11,Birth asphyxia and birth traumaBirth asphyxia and birth trauma,,9251,9250.74600,,,,,
6777,MORT_300,Distribution of causes of death among children aged < 5 years (%),https://www.who.int/data/gho/indicator-metadata-registry/imr-details/89,,,,PUBLISHED,Published,,2005.0,2005,,AFR,2005,2005,Africa,,NGA,Nigeria,,MONTHS1-59,1-59 months,,,,,,,,CH11,Birth asphyxia and birth traumaBirth asphyxia and birth trauma,,0,0.01289,,,,,
6778,MORT_200,Deaths per 1 000 live births,https://www.who.int/data/gho/indicator-metadata-registry/imr-details/3366,,,,PUBLISHED,Published,,2005.0,2005,,AFR,2005,2005,Africa,,NGA,Nigeria,,DAYS0-27,0-27 days,,,,,,,,CH12,Sepsis and other infectious conditions of the newbornSepsis and other infectious conditions of the newborn,,5.1,5.08710,,,,,
6779,MORT_100,Number of deaths,https://www.who.int/data/gho/indicator-metadata-registry/imr-details/3365,,,,PUBLISHED,Published,,2005.0,2005,,AFR,2005,2005,Africa,,NGA,Nigeria,,MONTHS1-59,1-59 months,,,,,,,,CH12,Sepsis and other infectious conditions of the newbornSepsis and other infectious conditions of the newborn,,0,0.00000,,,,,
6780,MORT_200,Deaths per 1 000 live births,https://www.who.int/data/gho/indicator-metadata-registry/imr-details/3366,,,,PUBLISHED,Published,,2005.0,2005,,AFR,2005,2005,Africa,,NGA,Nigeria,,DAYS0-27,0-27 days,,,,,,,,CH13,"Other communicable, perinatal and nutritional conditionsOther communicable, perinatal and nutritional conditions",,1.8,1.77927,,,,,
6781,MORT_100,Number of deaths,https://www.who.int/data/gho/indicator-metadata-registry/imr-details/3365,,,,PUBLISHED,Published,,2005.0,2005,,AFR,2005,2005,Africa,,NGA,Nigeria,,MONTHS1-59,1-59 months,,,,,,,,CH13,"Other communicable, perinatal and nutritional conditionsOther communicable, perinatal and nutritional conditions",,55188,55187.93000,,,,,
6782,MORT_200,Deaths per 1 000 live births,https://www.who.int/data/gho/indicator-metadata-registry/imr-details/3366,,,,PUBLISHED,Published,,2005.0,2005,,AFR,2005,2005,Africa,,NGA,Nigeria,,DAYS0-27,0-27 days,,,,,,,,CH15,Congenital anomaliesCongenital anomalies,,2.4,2.38944,,,,,
6783,MORT_100,Number of deaths,https://www.who.int/data/gho/indicator-metadata-registry/imr-details/3365,,,,PUBLISHED,Published,,2005.0,2005,,AFR,2005,2005,Africa,,NGA,Nigeria,,MONTHS1-59,1-59 months,,,,,,,,CH15,Congenital anomaliesCongenital anomalies,,14989,14988.91000,,,,,
6784,MORT_300,Distribution of causes of death among children aged < 5 years (%),https://www.who.int/data/gho/indicator-metadata-registry/imr-details/89,,,,PUBLISHED,Published,,2005.0,2005,,AFR,2005,2005,Africa,,NGA,Nigeria,,YEARS0-4,0-4 years,,,,,,,,CH15,Congenital anomaliesCongenital anomalies,,0,0.03007,,,,,
6785,MORT_200,Deaths per 1 000 live births,https://www.who.int/data/gho/indicator-metadata-registry/imr-details/3366,,,,PUBLISHED,Published,,2005.0,2005,,AFR,2005,2005,Africa,,NGA,Nigeria,,DAYS0-27,0-27 days,,,,,,,,CH16,Other noncommunicable diseasesOther noncommunicable diseases,,0,0.04549,,,,,
6786,MORT_300,Distribution of causes of death among children aged < 5 years (%),https://www.who.int/data/gho/indicator-metadata-registry/imr-details/89,,,,PUBLISHED,Published,,2005.0,2005,,AFR,2005,2005,Africa,,NGA,Nigeria,,YEARS0-4,0-4 years,,,,,,,,CH16,Other noncommunicable diseasesOther noncommunicable diseases,,0,0.01965,,,,,
6787,MORT_200,Deaths per 1 000 live births,https://www.who.int/data/gho/indicator-metadata-registry/imr-details/3366,,,,PUBLISHED,Published,,2005.0,2005,,AFR,2005,2005,Africa,,NGA,Nigeria,,DAYS0-27,0-27 days,,,,,,,,CH17,InjuriesInjuries,,0.5,0.50917,,,,,
6788,MORT_300,Distribution of causes of death among children aged < 5 years (%),https://www.who.int/data/gho/indicator-metadata-registry/imr-details/89,,,,PUBLISHED,Published,,2005.0,2005,,AFR,2005,2005,Africa,,NGA,Nigeria,,YEARS0-4,0-4 years,,,,,,,,CH17,InjuriesInjuries,,0,0.03020,,,,,
6789,MORT_200,Deaths per 1 000 live births,https://www.who.int/data/gho/indicator-metadata-registry/imr-details/3366,,,,PUBLISHED,Published,,2006.0,2006,,AFR,2006,2006,Africa,,NGA,Nigeria,,DAYS0-27,0-27 days,,,,,,,,CH2,HIV/AIDSHIV/AIDS,,0,0.03991,,,,,
6790,MORT_100,Number of deaths,https://www.who.int/data/gho/indicator-metadata-registry/imr-details/3365,,,,PUBLISHED,Published,,2006.0,2006,,AFR,2006,2006,Africa,,NGA,Nigeria,,YEARS0-4,0-4 years,,,,,,,,CH2,HIV/AIDSHIV/AIDS,,24153,24153.00000,,,,,
6791,MORT_300,Distribution of causes of death among children aged < 5 years (%),https://www.who.int/data/gho/indicator-metadata-registry/imr-details/89,,,,PUBLISHED,Published,,2006.0,2006,,AFR,2006,2006,Africa,,NGA,Nigeria,,YEARS0-4,0-4 years,,,,,,,,CH2,HIV/AIDSHIV/AIDS,,0,0.02814,,,,,
6792,MORT_200,Deaths per 1 000 live births,https://www.who.int/data/gho/indicator-metadata-registry/imr-details/3366,,,,PUBLISHED,Published,,2006.0,2006,,AFR,2006,2006,Africa,,NGA,Nigeria,,DAYS0-27,0-27 days,,,,,,,,CH3,Diarrhoeal diseasesDiarrhoeal diseases,,0.4,0.39093,,,,,
6793,MORT_100,Number of deaths,https://www.who.int/data/gho/indicator-metadata-registry/imr-details/3365,,,,PUBLISHED,Published,,2006.0,2006,,AFR,2006,2006,Africa,,NGA,Nigeria,,YEARS0-4,0-4 years,,,,,,,,CH3,Diarrhoeal diseasesDiarrhoeal diseases,,101297,101296.80000,,,,,
6794,MORT_300,Distribution of causes of death among children aged < 5 years (%),https://www.who.int/data/gho/indicator-metadata-registry/imr-details/89,,,,PUBLISHED,Published,,2006.0,2006,,AFR,2006,2006,Africa,,NGA,Nigeria,,YEARS0-4,0-4 years,,,,,,,,CH3,Diarrhoeal diseasesDiarrhoeal diseases,,0.1,0.11801,,,,,
6795,MORT_100,Number of deaths,https://www.who.int/data/gho/indicator-metadata-registry/imr-details/3365,,,,PUBLISHED,Published,,2006.0,2006,,AFR,2006,2006,Africa,,NGA,Nigeria,,YEARS0-4,0-4 years,,,,,,,,CH5,TetanusTetanus,,11538,11537.81000,,,,,
6796,MORT_300,Distribution of causes of death among children aged < 5 years (%),https://www.who.int/data/gho/indicator-metadata-registry/imr-details/89,,,,PUBLISHED,Published,,2006.0,2006,,AFR,2006,2006,Africa,,NGA,Nigeria,,YEARS0-4,0-4 years,,,,,,,,CH5,TetanusTetanus,,0,0.01344,,,,,
6797,MORT_200,Deaths per 1 000 live births,https://www.who.int/data/gho/indicator-metadata-registry/imr-details/3366,,,,PUBLISHED,Published,,2006.0,2006,,AFR,2006,2006,Africa,,NGA,Nigeria,,MONTHS1-59,1-59 months,,,,,,,,CH6,MeaslesMeasles,,1.7,1.66731,,,,,
6798,MORT_100,Number of deaths,https://www.who.int/data/gho/indicator-metadata-registry/imr-details/3365,,,,PUBLISHED,Published,,2006.0,2006,,AFR,2006,2006,Africa,,NGA,Nigeria,,YEARS0-4,0-4 years,,,,,,,,CH6,MeaslesMeasles,,10091,10090.79000,,,,,
6799,MORT_300,Distribution of causes of death among children aged < 5 years (%),https://www.who.int/data/gho/indicator-metadata-registry/imr-details/89,,,,PUBLISHED,Published,,2006.0,2006,,AFR,2006,2006,Africa,,NGA,Nigeria,,YEARS0-4,0-4 years,,,,,,,,CH6,MeaslesMeasles,,0,0.01176,,,,,
6800,MORT_200,Deaths per 1 000 live births,https://www.who.int/data/gho/indicator-metadata-registry/imr-details/3366,,,,PUBLISHED,Published,,2006.0,2006,,AFR,2006,2006,Africa,,NGA,Nigeria,,MONTHS1-59,1-59 months,,,,,,,,CH7,Meningitis/encephalitisMeningitis/encephalitis,,3.1,3.13101,,,,,
6801,MORT_100,Number of deaths,https://www.who.int/data/gho/indicator-metadata-registry/imr-details/3365,,,,PUBLISHED,Published,,2006.0,2006,,AFR,2006,2006,Africa,,NGA,Nigeria,,YEARS0-4,0-4 years,,,,,,,,CH7,Meningitis/encephalitisMeningitis/encephalitis,,22663,22662.79000,,,,,
6802,MORT_200,Deaths per 1 000 live births,https://www.who.int/data/gho/indicator-metadata-registry/imr-details/3366,,,,PUBLISHED,Published,,2006.0,2006,,AFR,2006,2006,Africa,,NGA,Nigeria,,MONTHS1-59,1-59 months,,,,,,,,CH8,MalariaMalaria,,31.3,31.33032,,,,,
6803,MORT_100,Number of deaths,https://www.who.int/data/gho/indicator-metadata-registry/imr-details/3365,,,,PUBLISHED,Published,,2006.0,2006,,AFR,2006,2006,Africa,,NGA,Nigeria,,YEARS0-4,0-4 years,,,,,,,,CH8,MalariaMalaria,,189615,189615.30000,,,,,
6804,MORT_300,Distribution of causes of death among children aged < 5 years (%),https://www.who.int/data/gho/indicator-metadata-registry/imr-details/89,,,,PUBLISHED,Published,,2006.0,2006,,AFR,2006,2006,Africa,,NGA,Nigeria,,DAYS0-27,0-27 days,,,,,,,,CH9,Acute lower respiratory infectionsAcute lower respiratory infections,,0.1,0.07991,,,,,
6805,MORT_200,Deaths per 1 000 live births,https://www.who.int/data/gho/indicator-metadata-registry/imr-details/3366,,,,PUBLISHED,Published,,2006.0,2006,,AFR,2006,2006,Africa,,NGA,Nigeria,,MONTHS1-59,1-59 months,,,,,,,,CH9,Acute lower respiratory infectionsAcute lower respiratory infections,,21.3,21.31461,,,,,
6806,MORT_100,Number of deaths,https://www.who.int/data/gho/indicator-metadata-registry/imr-details/3365,,,,PUBLISHED,Published,,2006.0,2006,,AFR,2006,2006,Africa,,NGA,Nigeria,,YEARS0-4,0-4 years,,,,,,,,CH9,Acute lower respiratory infectionsAcute lower respiratory infections,,149071,149070.70000,,,,,
6807,MORT_300,Distribution of causes of death among children aged < 5 years (%),https://www.who.int/data/gho/indicator-metadata-registry/imr-details/89,,,,PUBLISHED,Published,,2006.0,2006,,AFR,2006,2006,Africa,,NGA,Nigeria,,DAYS0-27,0-27 days,,,,,,,,CH10,PrematurityPrematurity,,0.3,0.28139,,,,,
6808,MORT_200,Deaths per 1 000 live births,https://www.who.int/data/gho/indicator-metadata-registry/imr-details/3366,,,,PUBLISHED,Published,,2006.0,2006,,AFR,2006,2006,Africa,,NGA,Nigeria,,MONTHS1-59,1-59 months,,,,,,,,CH10,PrematurityPrematurity,,1.4,1.39096,,,,,
6809,MORT_300,Distribution of causes of death among children aged < 5 years (%),https://www.who.int/data/gho/indicator-metadata-registry/imr-details/89,,,,PUBLISHED,Published,,2006.0,2006,,AFR,2006,2006,Africa,,NGA,Nigeria,,DAYS0-27,0-27 days,,,,,,,,CH11,Birth asphyxia and birth traumaBirth asphyxia and birth trauma,,0.3,0.33381,,,,,
6810,MORT_200,Deaths per 1 000 live births,https://www.who.int/data/gho/indicator-metadata-registry/imr-details/3366,,,,PUBLISHED,Published,,2006.0,2006,,AFR,2006,2006,Africa,,NGA,Nigeria,,MONTHS1-59,1-59 months,,,,,,,,CH11,Birth asphyxia and birth traumaBirth asphyxia and birth trauma,,1.6,1.56926,,,,,
6811,MORT_300,Distribution of causes of death among children aged < 5 years (%),https://www.who.int/data/gho/indicator-metadata-registry/imr-details/89,,,,PUBLISHED,Published,,2006.0,2006,,AFR,2006,2006,Africa,,NGA,Nigeria,,DAYS0-27,0-27 days,,,,,,,,CH12,Sepsis and other infectious conditions of the newbornSepsis and other infectious conditions of the newborn,,0.1,0.12364,,,,,
6812,MORT_200,Deaths per 1 000 live births,https://www.who.int/data/gho/indicator-metadata-registry/imr-details/3366,,,,PUBLISHED,Published,,2006.0,2006,,AFR,2006,2006,Africa,,NGA,Nigeria,,MONTHS1-59,1-59 months,,,,,,,,CH12,Sepsis and other infectious conditions of the newbornSepsis and other infectious conditions of the newborn,,0,0.00000,,,,,
6813,MORT_100,Number of deaths,https://www.who.int/data/gho/indicator-metadata-registry/imr-details/3365,,,,PUBLISHED,Published,,2006.0,2006,,AFR,2006,2006,Africa,,NGA,Nigeria,,DAYS0-27,0-27 days,,,,,,,,CH13,"Other communicable, perinatal and nutritional conditionsOther communicable, perinatal and nutritional conditions",,10365,10365.21000,,,,,
6814,MORT_300,Distribution of causes of death among children aged < 5 years (%),https://www.who.int/data/gho/indicator-metadata-registry/imr-details/89,,,,PUBLISHED,Published,,2006.0,2006,,AFR,2006,2006,Africa,,NGA,Nigeria,,DAYS0-27,0-27 days,,,,,,,,CH13,"Other communicable, perinatal and nutritional conditionsOther communicable, perinatal and nutritional conditions",,0,0.04127,,,,,
6815,MORT_100,Number of deaths,https://www.who.int/data/gho/indicator-metadata-registry/imr-details/3365,,,,PUBLISHED,Published,,2006.0,2006,,AFR,2006,2006,Africa,,NGA,Nigeria,,DAYS0-27,0-27 days,,,,,,,,CH15,Congenital anomaliesCongenital anomalies,,14071,14070.65000,,,,,
6816,MORT_300,Distribution of causes of death among children aged < 5 years (%),https://www.who.int/data/gho/indicator-metadata-registry/imr-details/89,,,,PUBLISHED,Published,,2006.0,2006,,AFR,2006,2006,Africa,,NGA,Nigeria,,DAYS0-27,0-27 days,,,,,,,,CH15,Congenital anomaliesCongenital anomalies,,0.1,0.05602,,,,,
6817,MORT_100,Number of deaths,https://www.who.int/data/gho/indicator-metadata-registry/imr-details/3365,,,,PUBLISHED,Published,,2006.0,2006,,AFR,2006,2006,Africa,,NGA,Nigeria,,DAYS0-27,0-27 days,,,,,,,,CH16,Other noncommunicable diseasesOther noncommunicable diseases,,278,278.45140,,,,,
6818,MORT_300,Distribution of causes of death among children aged < 5 years (%),https://www.who.int/data/gho/indicator-metadata-registry/imr-details/89,,,,PUBLISHED,Published,,2006.0,2006,,AFR,2006,2006,Africa,,NGA,Nigeria,,DAYS0-27,0-27 days,,,,,,,,CH16,Other noncommunicable diseasesOther noncommunicable diseases,,0,0.00111,,,,,
6819,MORT_200,Deaths per 1 000 live births,https://www.who.int/data/gho/indicator-metadata-registry/imr-details/3366,,,,PUBLISHED,Published,,2006.0,2006,,AFR,2006,2006,Africa,,NGA,Nigeria,,YEARS0-4,0-4 years,,,,,,,,CH16,Other noncommunicable diseasesOther noncommunicable diseases,,3.2,3.22529,,,,,
6820,MORT_100,Number of deaths,https://www.who.int/data/gho/indicator-metadata-registry/imr-details/3365,,,,PUBLISHED,Published,,2006.0,2006,,AFR,2006,2006,Africa,,NGA,Nigeria,,DAYS0-27,0-27 days,,,,,,,,CH17,InjuriesInjuries,,3044,3044.00400,,,,,
6821,MORT_200,Deaths per 1 000 live births,https://www.who.int/data/gho/indicator-metadata-registry/imr-details/3366,,,,PUBLISHED,Published,,2006.0,2006,,AFR,2006,2006,Africa,,NGA,Nigeria,,YEARS0-4,0-4 years,,,,,,,,CH17,InjuriesInjuries,,5,5.03210,,,,,
6822,MORT_100,Number of deaths,https://www.who.int/data/gho/indicator-metadata-registry/imr-details/3365,,,,PUBLISHED,Published,,2007.0,2007,,AFR,2007,2007,Africa,,NGA,Nigeria,,DAYS0-27,0-27 days,,,,,,,,CH2,HIV/AIDSHIV/AIDS,,236,235.80000,,,,,
6823,MORT_200,Deaths per 1 000 live births,https://www.who.int/data/gho/indicator-metadata-registry/imr-details/3366,,,,PUBLISHED,Published,,2007.0,2007,,AFR,2007,2007,Africa,,NGA,Nigeria,,YEARS0-4,0-4 years,,,,,,,,CH2,HIV/AIDSHIV/AIDS,,3.8,3.81465,,,,,
6824,MORT_100,Number of deaths,https://www.who.int/data/gho/indicator-metadata-registry/imr-details/3365,,,,PUBLISHED,Published,,2007.0,2007,,AFR,2007,2007,Africa,,NGA,Nigeria,,DAYS0-27,0-27 days,,,,,,,,CH3,Diarrhoeal diseasesDiarrhoeal diseases,,2249,2249.15700,,,,,
6825,MORT_300,Distribution of causes of death among children aged < 5 years (%),https://www.who.int/data/gho/indicator-metadata-registry/imr-details/89,,,,PUBLISHED,Published,,2007.0,2007,,AFR,2007,2007,Africa,,NGA,Nigeria,,MONTHS1-59,1-59 months,,,,,,,,CH3,Diarrhoeal diseasesDiarrhoeal diseases,,0.2,0.16198,,,,,
6826,MORT_200,Deaths per 1 000 live births,https://www.who.int/data/gho/indicator-metadata-registry/imr-details/3366,,,,PUBLISHED,Published,,2007.0,2007,,AFR,2007,2007,Africa,,NGA,Nigeria,,YEARS0-4,0-4 years,,,,,,,,CH3,Diarrhoeal diseasesDiarrhoeal diseases,,15.9,15.88072,,,,,
6827,MORT_300,Distribution of causes of death among children aged < 5 years (%),https://www.who.int/data/gho/indicator-metadata-registry/imr-details/89,,,,PUBLISHED,Published,,2007.0,2007,,AFR,2007,2007,Africa,,NGA,Nigeria,,MONTHS1-59,1-59 months,,,,,,,,CH5,TetanusTetanus,,0,0.00015,,,,,
6828,MORT_200,Deaths per 1 000 live births,https://www.who.int/data/gho/indicator-metadata-registry/imr-details/3366,,,,PUBLISHED,Published,,2007.0,2007,,AFR,2007,2007,Africa,,NGA,Nigeria,,YEARS0-4,0-4 years,,,,,,,,CH5,TetanusTetanus,,1.7,1.71217,,,,,
6829,MORT_300,Distribution of causes of death among children aged < 5 years (%),https://www.who.int/data/gho/indicator-metadata-registry/imr-details/89,,,,PUBLISHED,Published,,2007.0,2007,,AFR,2007,2007,Africa,,NGA,Nigeria,,MONTHS1-59,1-59 months,,,,,,,,CH6,MeaslesMeasles,,0,0.01016,,,,,
6830,MORT_200,Deaths per 1 000 live births,https://www.who.int/data/gho/indicator-metadata-registry/imr-details/3366,,,,PUBLISHED,Published,,2007.0,2007,,AFR,2007,2007,Africa,,NGA,Nigeria,,YEARS0-4,0-4 years,,,,,,,,CH6,MeaslesMeasles,,1,0.97299,,,,,
6831,MORT_100,Number of deaths,https://www.who.int/data/gho/indicator-metadata-registry/imr-details/3365,,,,PUBLISHED,Published,,2007.0,2007,,AFR,2007,2007,Africa,,NGA,Nigeria,,MONTHS1-59,1-59 months,,,,,,,,CH7,Meningitis/encephalitisMeningitis/encephalitis,,18849,18849.35000,,,,,
6832,MORT_300,Distribution of causes of death among children aged < 5 years (%),https://www.who.int/data/gho/indicator-metadata-registry/imr-details/89,,,,PUBLISHED,Published,,2007.0,2007,,AFR,2007,2007,Africa,,NGA,Nigeria,,MONTHS1-59,1-59 months,,,,,,,,CH7,Meningitis/encephalitisMeningitis/encephalitis,,0,0.03183,,,,,
6833,MORT_100,Number of deaths,https://www.who.int/data/gho/indicator-metadata-registry/imr-details/3365,,,,PUBLISHED,Published,,2007.0,2007,,AFR,2007,2007,Africa,,NGA,Nigeria,,MONTHS1-59,1-59 months,,,,,,,,CH8,MalariaMalaria,,178658,178657.50000,,,,,
6834,MORT_300,Distribution of causes of death among children aged < 5 years (%),https://www.who.int/data/gho/indicator-metadata-registry/imr-details/89,,,,PUBLISHED,Published,,2007.0,2007,,AFR,2007,2007,Africa,,NGA,Nigeria,,MONTHS1-59,1-59 months,,,,,,,,CH8,MalariaMalaria,,0.3,0.30171,,,,,
6835,MORT_100,Number of deaths,https://www.who.int/data/gho/indicator-metadata-registry/imr-details/3365,,,,PUBLISHED,Published,,2007.0,2007,,AFR,2007,2007,Africa,,NGA,Nigeria,,MONTHS1-59,1-59 months,,,,,,,,CH9,Acute lower respiratory infectionsAcute lower respiratory infections,,130233,130233.20000,,,,,
6836,MORT_300,Distribution of causes of death among children aged < 5 years (%),https://www.who.int/data/gho/indicator-metadata-registry/imr-details/89,,,,PUBLISHED,Published,,2007.0,2007,,AFR,2007,2007,Africa,,NGA,Nigeria,,MONTHS1-59,1-59 months,,,,,,,,CH9,Acute lower respiratory infectionsAcute lower respiratory infections,,0.2,0.21993,,,,,
6837,MORT_200,Deaths per 1 000 live births,https://www.who.int/data/gho/indicator-metadata-registry/imr-details/3366,,,,PUBLISHED,Published,,2007.0,2007,,AFR,2007,2007,Africa,,NGA,Nigeria,,DAYS0-27,0-27 days,,,,,,,,CH10,PrematurityPrematurity,,11.5,11.49550,,,,,
6838,MORT_100,Number of deaths,https://www.who.int/data/gho/indicator-metadata-registry/imr-details/3365,,,,PUBLISHED,Published,,2007.0,2007,,AFR,2007,2007,Africa,,NGA,Nigeria,,MONTHS1-59,1-59 months,,,,,,,,CH10,PrematurityPrematurity,,8530,8530.47500,,,,,
6839,MORT_200,Deaths per 1 000 live births,https://www.who.int/data/gho/indicator-metadata-registry/imr-details/3366,,,,PUBLISHED,Published,,2007.0,2007,,AFR,2007,2007,Africa,,NGA,Nigeria,,DAYS0-27,0-27 days,,,,,,,,CH11,Birth asphyxia and birth traumaBirth asphyxia and birth trauma,,13.5,13.46486,,,,,
6840,MORT_100,Number of deaths,https://www.who.int/data/gho/indicator-metadata-registry/imr-details/3365,,,,PUBLISHED,Published,,2007.0,2007,,AFR,2007,2007,Africa,,NGA,Nigeria,,MONTHS1-59,1-59 months,,,,,,,,CH11,Birth asphyxia and birth traumaBirth asphyxia and birth trauma,,9655,9655.36500,,,,,
6841,MORT_200,Deaths per 1 000 live births,https://www.who.int/data/gho/indicator-metadata-registry/imr-details/3366,,,,PUBLISHED,Published,,2007.0,2007,,AFR,2007,2007,Africa,,NGA,Nigeria,,DAYS0-27,0-27 days,,,,,,,,CH12,Sepsis and other infectious conditions of the newbornSepsis and other infectious conditions of the newborn,,5.2,5.22547,,,,,
6842,MORT_100,Number of deaths,https://www.who.int/data/gho/indicator-metadata-registry/imr-details/3365,,,,PUBLISHED,Published,,2007.0,2007,,AFR,2007,2007,Africa,,NGA,Nigeria,,MONTHS1-59,1-59 months,,,,,,,,CH12,Sepsis and other infectious conditions of the newbornSepsis and other infectious conditions of the newborn,,0,0.00000,,,,,
6843,MORT_300,Distribution of causes of death among children aged < 5 years (%),https://www.who.int/data/gho/indicator-metadata-registry/imr-details/89,,,,PUBLISHED,Published,,2007.0,2007,,AFR,2007,2007,Africa,,NGA,Nigeria,,YEARS0-4,0-4 years,,,,,,,,CH12,Sepsis and other infectious conditions of the newbornSepsis and other infectious conditions of the newborn,,0,0.03832,,,,,
6844,MORT_200,Deaths per 1 000 live births,https://www.who.int/data/gho/indicator-metadata-registry/imr-details/3366,,,,PUBLISHED,Published,,2007.0,2007,,AFR,2007,2007,Africa,,NGA,Nigeria,,DAYS0-27,0-27 days,,,,,,,,CH13,"Other communicable, perinatal and nutritional conditionsOther communicable, perinatal and nutritional conditions",,1.6,1.64183,,,,,
6845,MORT_300,Distribution of causes of death among children aged < 5 years (%),https://www.who.int/data/gho/indicator-metadata-registry/imr-details/89,,,,PUBLISHED,Published,,2007.0,2007,,AFR,2007,2007,Africa,,NGA,Nigeria,,YEARS0-4,0-4 years,,,,,,,,CH13,"Other communicable, perinatal and nutritional conditionsOther communicable, perinatal and nutritional conditions",,0.1,0.07991,,,,,
6846,MORT_200,Deaths per 1 000 live births,https://www.who.int/data/gho/indicator-metadata-registry/imr-details/3366,,,,PUBLISHED,Published,,2007.0,2007,,AFR,2007,2007,Africa,,NGA,Nigeria,,DAYS0-27,0-27 days,,,,,,,,CH15,Congenital anomaliesCongenital anomalies,,2.3,2.26895,,,,,
6847,MORT_300,Distribution of causes of death among children aged < 5 years (%),https://www.who.int/data/gho/indicator-metadata-registry/imr-details/89,,,,PUBLISHED,Published,,2007.0,2007,,AFR,2007,2007,Africa,,NGA,Nigeria,,YEARS0-4,0-4 years,,,,,,,,CH15,Congenital anomaliesCongenital anomalies,,0,0.03551,,,,,
6848,MORT_200,Deaths per 1 000 live births,https://www.who.int/data/gho/indicator-metadata-registry/imr-details/3366,,,,PUBLISHED,Published,,2007.0,2007,,AFR,2007,2007,Africa,,NGA,Nigeria,,DAYS0-27,0-27 days,,,,,,,,CH16,Other noncommunicable diseasesOther noncommunicable diseases,,0,0.04633,,,,,
6849,MORT_100,Number of deaths,https://www.who.int/data/gho/indicator-metadata-registry/imr-details/3365,,,,PUBLISHED,Published,,2007.0,2007,,AFR,2007,2007,Africa,,NGA,Nigeria,,YEARS0-4,0-4 years,,,,,,,,CH16,Other noncommunicable diseasesOther noncommunicable diseases,,19760,19759.64000,,,,,
6850,MORT_300,Distribution of causes of death among children aged < 5 years (%),https://www.who.int/data/gho/indicator-metadata-registry/imr-details/89,,,,PUBLISHED,Published,,2007.0,2007,,AFR,2007,2007,Africa,,NGA,Nigeria,,YEARS0-4,0-4 years,,,,,,,,CH16,Other noncommunicable diseasesOther noncommunicable diseases,,0,0.02344,,,,,
6851,MORT_100,Number of deaths,https://www.who.int/data/gho/indicator-metadata-registry/imr-details/3365,,,,PUBLISHED,Published,,2007.0,2007,,AFR,2007,2007,Africa,,NGA,Nigeria,,YEARS0-4,0-4 years,,,,,,,,CH17,InjuriesInjuries,,31342,31341.52000,,,,,
6852,MORT_300,Distribution of causes of death among children aged < 5 years (%),https://www.who.int/data/gho/indicator-metadata-registry/imr-details/89,,,,PUBLISHED,Published,,2007.0,2007,,AFR,2007,2007,Africa,,NGA,Nigeria,,YEARS0-4,0-4 years,,,,,,,,CH17,InjuriesInjuries,,0,0.03718,,,,,
6853,MORT_100,Number of deaths,https://www.who.int/data/gho/indicator-metadata-registry/imr-details/3365,,,,PUBLISHED,Published,,2008.0,2008,,AFR,2008,2008,Africa,,NGA,Nigeria,,YEARS0-4,0-4 years,,,,,,,,CH2,HIV/AIDSHIV/AIDS,,22771,22771.00000,,,,,
6854,MORT_300,Distribution of causes of death among children aged < 5 years (%),https://www.who.int/data/gho/indicator-metadata-registry/imr-details/89,,,,PUBLISHED,Published,,2008.0,2008,,AFR,2008,2008,Africa,,NGA,Nigeria,,YEARS0-4,0-4 years,,,,,,,,CH2,HIV/AIDSHIV/AIDS,,0,0.02716,,,,,
6855,MORT_200,Deaths per 1 000 live births,https://www.who.int/data/gho/indicator-metadata-registry/imr-details/3366,,,,PUBLISHED,Published,,2008.0,2008,,AFR,2008,2008,Africa,,NGA,Nigeria,,MONTHS1-59,1-59 months,,,,,,,,CH3,Diarrhoeal diseasesDiarrhoeal diseases,,14.5,14.54389,,,,,
6856,MORT_100,Number of deaths,https://www.who.int/data/gho/indicator-metadata-registry/imr-details/3365,,,,PUBLISHED,Published,,2008.0,2008,,AFR,2008,2008,Africa,,NGA,Nigeria,,YEARS0-4,0-4 years,,,,,,,,CH3,Diarrhoeal diseasesDiarrhoeal diseases,,93966,93965.61000,,,,,
6857,MORT_300,Distribution of causes of death among children aged < 5 years (%),https://www.who.int/data/gho/indicator-metadata-registry/imr-details/89,,,,PUBLISHED,Published,,2008.0,2008,,AFR,2008,2008,Africa,,NGA,Nigeria,,YEARS0-4,0-4 years,,,,,,,,CH3,Diarrhoeal diseasesDiarrhoeal diseases,,0.1,0.11206,,,,,
6858,MORT_200,Deaths per 1 000 live births,https://www.who.int/data/gho/indicator-metadata-registry/imr-details/3366,,,,PUBLISHED,Published,,2008.0,2008,,AFR,2008,2008,Africa,,NGA,Nigeria,,MONTHS1-59,1-59 months,,,,,,,,CH5,TetanusTetanus,,0,0.01282,,,,,
6859,MORT_100,Number of deaths,https://www.who.int/data/gho/indicator-metadata-registry/imr-details/3365,,,,PUBLISHED,Published,,2008.0,2008,,AFR,2008,2008,Africa,,NGA,Nigeria,,YEARS0-4,0-4 years,,,,,,,,CH5,TetanusTetanus,,9677,9676.71900,,,,,
6860,MORT_200,Deaths per 1 000 live births,https://www.who.int/data/gho/indicator-metadata-registry/imr-details/3366,,,,PUBLISHED,Published,,2008.0,2008,,AFR,2008,2008,Africa,,NGA,Nigeria,,MONTHS1-59,1-59 months,,,,,,,,CH6,MeaslesMeasles,,2.1,2.11412,,,,,
6861,MORT_100,Number of deaths,https://www.who.int/data/gho/indicator-metadata-registry/imr-details/3365,,,,PUBLISHED,Published,,2008.0,2008,,AFR,2008,2008,Africa,,NGA,Nigeria,,YEARS0-4,0-4 years,,,,,,,,CH6,MeaslesMeasles,,13344,13344.21000,,,,,
6862,MORT_300,Distribution of causes of death among children aged < 5 years (%),https://www.who.int/data/gho/indicator-metadata-registry/imr-details/89,,,,PUBLISHED,Published,,2008.0,2008,,AFR,2008,2008,Africa,,NGA,Nigeria,,DAYS0-27,0-27 days,,,,,,,,CH7,Meningitis/encephalitisMeningitis/encephalitis,,0,0.01547,,,,,
6863,MORT_200,Deaths per 1 000 live births,https://www.who.int/data/gho/indicator-metadata-registry/imr-details/3366,,,,PUBLISHED,Published,,2008.0,2008,,AFR,2008,2008,Africa,,NGA,Nigeria,,MONTHS1-59,1-59 months,,,,,,,,CH7,Meningitis/encephalitisMeningitis/encephalitis,,4.6,4.60411,,,,,
6864,MORT_100,Number of deaths,https://www.who.int/data/gho/indicator-metadata-registry/imr-details/3365,,,,PUBLISHED,Published,,2008.0,2008,,AFR,2008,2008,Africa,,NGA,Nigeria,,YEARS0-4,0-4 years,,,,,,,,CH7,Meningitis/encephalitisMeningitis/encephalitis,,32936,32936.36000,,,,,
6865,MORT_300,Distribution of causes of death among children aged < 5 years (%),https://www.who.int/data/gho/indicator-metadata-registry/imr-details/89,,,,PUBLISHED,Published,,2008.0,2008,,AFR,2008,2008,Africa,,NGA,Nigeria,,DAYS0-27,0-27 days,,,,,,,,CH8,MalariaMalaria,,0,0.00000,,,,,
6866,MORT_200,Deaths per 1 000 live births,https://www.who.int/data/gho/indicator-metadata-registry/imr-details/3366,,,,PUBLISHED,Published,,2008.0,2008,,AFR,2008,2008,Africa,,NGA,Nigeria,,MONTHS1-59,1-59 months,,,,,,,,CH8,MalariaMalaria,,25.6,25.62002,,,,,
6867,MORT_300,Distribution of causes of death among children aged < 5 years (%),https://www.who.int/data/gho/indicator-metadata-registry/imr-details/89,,,,PUBLISHED,Published,,2008.0,2008,,AFR,2008,2008,Africa,,NGA,Nigeria,,DAYS0-27,0-27 days,,,,,,,,CH9,Acute lower respiratory infectionsAcute lower respiratory infections,,0.1,0.07898,,,,,
6868,MORT_200,Deaths per 1 000 live births,https://www.who.int/data/gho/indicator-metadata-registry/imr-details/3366,,,,PUBLISHED,Published,,2008.0,2008,,AFR,2008,2008,Africa,,NGA,Nigeria,,MONTHS1-59,1-59 months,,,,,,,,CH9,Acute lower respiratory infectionsAcute lower respiratory infections,,20.6,20.55799,,,,,
6869,MORT_300,Distribution of causes of death among children aged < 5 years (%),https://www.who.int/data/gho/indicator-metadata-registry/imr-details/89,,,,PUBLISHED,Published,,2008.0,2008,,AFR,2008,2008,Africa,,NGA,Nigeria,,DAYS0-27,0-27 days,,,,,,,,CH10,PrematurityPrematurity,,0.3,0.28578,,,,,
6870,MORT_200,Deaths per 1 000 live births,https://www.who.int/data/gho/indicator-metadata-registry/imr-details/3366,,,,PUBLISHED,Published,,2008.0,2008,,AFR,2008,2008,Africa,,NGA,Nigeria,,MONTHS1-59,1-59 months,,,,,,,,CH10,PrematurityPrematurity,,1.4,1.35277,,,,,
6871,MORT_100,Number of deaths,https://www.who.int/data/gho/indicator-metadata-registry/imr-details/3365,,,,PUBLISHED,Published,,2008.0,2008,,AFR,2008,2008,Africa,,NGA,Nigeria,,DAYS0-27,0-27 days,,,,,,,,CH11,Birth asphyxia and birth traumaBirth asphyxia and birth trauma,,82354,82353.80000,,,,,
6872,MORT_300,Distribution of causes of death among children aged < 5 years (%),https://www.who.int/data/gho/indicator-metadata-registry/imr-details/89,,,,PUBLISHED,Published,,2008.0,2008,,AFR,2008,2008,Africa,,NGA,Nigeria,,DAYS0-27,0-27 days,,,,,,,,CH11,Birth asphyxia and birth traumaBirth asphyxia and birth trauma,,0.3,0.32875,,,,,
6873,MORT_100,Number of deaths,https://www.who.int/data/gho/indicator-metadata-registry/imr-details/3365,,,,PUBLISHED,Published,,2008.0,2008,,AFR,2008,2008,Africa,,NGA,Nigeria,,DAYS0-27,0-27 days,,,,,,,,CH12,Sepsis and other infectious conditions of the newbornSepsis and other infectious conditions of the newborn,,33575,33574.71000,,,,,
6874,MORT_300,Distribution of causes of death among children aged < 5 years (%),https://www.who.int/data/gho/indicator-metadata-registry/imr-details/89,,,,PUBLISHED,Published,,2008.0,2008,,AFR,2008,2008,Africa,,NGA,Nigeria,,DAYS0-27,0-27 days,,,,,,,,CH12,Sepsis and other infectious conditions of the newbornSepsis and other infectious conditions of the newborn,,0.1,0.13403,,,,,
6875,MORT_100,Number of deaths,https://www.who.int/data/gho/indicator-metadata-registry/imr-details/3365,,,,PUBLISHED,Published,,2008.0,2008,,AFR,2008,2008,Africa,,NGA,Nigeria,,DAYS0-27,0-27 days,,,,,,,,CH13,"Other communicable, perinatal and nutritional conditionsOther communicable, perinatal and nutritional conditions",,9955,9954.69900,,,,,
6876,MORT_300,Distribution of causes of death among children aged < 5 years (%),https://www.who.int/data/gho/indicator-metadata-registry/imr-details/89,,,,PUBLISHED,Published,,2008.0,2008,,AFR,2008,2008,Africa,,NGA,Nigeria,,DAYS0-27,0-27 days,,,,,,,,CH13,"Other communicable, perinatal and nutritional conditionsOther communicable, perinatal and nutritional conditions",,0,0.03974,,,,,
6877,MORT_200,Deaths per 1 000 live births,https://www.who.int/data/gho/indicator-metadata-registry/imr-details/3366,,,,PUBLISHED,Published,,2008.0,2008,,AFR,2008,2008,Africa,,NGA,Nigeria,,YEARS0-4,0-4 years,,,,,,,,CH13,"Other communicable, perinatal and nutritional conditionsOther communicable, perinatal and nutritional conditions",,10.6,10.63078,,,,,
6878,MORT_100,Number of deaths,https://www.who.int/data/gho/indicator-metadata-registry/imr-details/3365,,,,PUBLISHED,Published,,2008.0,2008,,AFR,2008,2008,Africa,,NGA,Nigeria,,DAYS0-27,0-27 days,,,,,,,,CH15,Congenital anomaliesCongenital anomalies,,14013,14012.76000,,,,,
6879,MORT_200,Deaths per 1 000 live births,https://www.who.int/data/gho/indicator-metadata-registry/imr-details/3366,,,,PUBLISHED,Published,,2008.0,2008,,AFR,2008,2008,Africa,,NGA,Nigeria,,YEARS0-4,0-4 years,,,,,,,,CH15,Congenital anomaliesCongenital anomalies,,4.8,4.76750,,,,,
6880,MORT_100,Number of deaths,https://www.who.int/data/gho/indicator-metadata-registry/imr-details/3365,,,,PUBLISHED,Published,,2008.0,2008,,AFR,2008,2008,Africa,,NGA,Nigeria,,DAYS0-27,0-27 days,,,,,,,,CH16,Other noncommunicable diseasesOther noncommunicable diseases,,295,294.97810,,,,,
6881,MORT_200,Deaths per 1 000 live births,https://www.who.int/data/gho/indicator-metadata-registry/imr-details/3366,,,,PUBLISHED,Published,,2008.0,2008,,AFR,2008,2008,Africa,,NGA,Nigeria,,YEARS0-4,0-4 years,,,,,,,,CH16,Other noncommunicable diseasesOther noncommunicable diseases,,3.1,3.12752,,,,,
6882,MORT_100,Number of deaths,https://www.who.int/data/gho/indicator-metadata-registry/imr-details/3365,,,,PUBLISHED,Published,,2008.0,2008,,AFR,2008,2008,Africa,,NGA,Nigeria,,DAYS0-27,0-27 days,,,,,,,,CH17,InjuriesInjuries,,3076,3076.30900,,,,,
6883,MORT_300,Distribution of causes of death among children aged < 5 years (%),https://www.who.int/data/gho/indicator-metadata-registry/imr-details/89,,,,PUBLISHED,Published,,2008.0,2008,,AFR,2008,2008,Africa,,NGA,Nigeria,,MONTHS1-59,1-59 months,,,,,,,,CH17,InjuriesInjuries,,0,0.04897,,,,,
6884,MORT_200,Deaths per 1 000 live births,https://www.who.int/data/gho/indicator-metadata-registry/imr-details/3366,,,,PUBLISHED,Published,,2008.0,2008,,AFR,2008,2008,Africa,,NGA,Nigeria,,YEARS0-4,0-4 years,,,,,,,,CH17,InjuriesInjuries,,5,5.04906,,,,,
6885,MORT_300,Distribution of causes of death among children aged < 5 years (%),https://www.who.int/data/gho/indicator-metadata-registry/imr-details/89,,,,PUBLISHED,Published,,2009.0,2009,,AFR,2009,2009,Africa,,NGA,Nigeria,,MONTHS1-59,1-59 months,,,,,,,,CH2,HIV/AIDSHIV/AIDS,,0,0.03897,,,,,
6886,MORT_200,Deaths per 1 000 live births,https://www.who.int/data/gho/indicator-metadata-registry/imr-details/3366,,,,PUBLISHED,Published,,2009.0,2009,,AFR,2009,2009,Africa,,NGA,Nigeria,,YEARS0-4,0-4 years,,,,,,,,CH2,HIV/AIDSHIV/AIDS,,3.5,3.45379,,,,,
6887,MORT_300,Distribution of causes of death among children aged < 5 years (%),https://www.who.int/data/gho/indicator-metadata-registry/imr-details/89,,,,PUBLISHED,Published,,2009.0,2009,,AFR,2009,2009,Africa,,NGA,Nigeria,,MONTHS1-59,1-59 months,,,,,,,,CH3,Diarrhoeal diseasesDiarrhoeal diseases,,0.2,0.15844,,,,,
6888,MORT_200,Deaths per 1 000 live births,https://www.who.int/data/gho/indicator-metadata-registry/imr-details/3366,,,,PUBLISHED,Published,,2009.0,2009,,AFR,2009,2009,Africa,,NGA,Nigeria,,YEARS0-4,0-4 years,,,,,,,,CH3,Diarrhoeal diseasesDiarrhoeal diseases,,14.2,14.22927,,,,,
6889,MORT_100,Number of deaths,https://www.who.int/data/gho/indicator-metadata-registry/imr-details/3365,,,,PUBLISHED,Published,,2009.0,2009,,AFR,2009,2009,Africa,,NGA,Nigeria,,MONTHS1-59,1-59 months,,,,,,,,CH5,TetanusTetanus,,76,76.00000,,,,,
6890,MORT_300,Distribution of causes of death among children aged < 5 years (%),https://www.who.int/data/gho/indicator-metadata-registry/imr-details/89,,,,PUBLISHED,Published,,2009.0,2009,,AFR,2009,2009,Africa,,NGA,Nigeria,,MONTHS1-59,1-59 months,,,,,,,,CH5,TetanusTetanus,,0,0.00013,,,,,
6891,MORT_100,Number of deaths,https://www.who.int/data/gho/indicator-metadata-registry/imr-details/3365,,,,PUBLISHED,Published,,2009.0,2009,,AFR,2009,2009,Africa,,NGA,Nigeria,,MONTHS1-59,1-59 months,,,,,,,,CH6,MeaslesMeasles,,2267,2266.97400,,,,,
6892,MORT_300,Distribution of causes of death among children aged < 5 years (%),https://www.who.int/data/gho/indicator-metadata-registry/imr-details/89,,,,PUBLISHED,Published,,2009.0,2009,,AFR,2009,2009,Africa,,NGA,Nigeria,,MONTHS1-59,1-59 months,,,,,,,,CH6,MeaslesMeasles,,0,0.00401,,,,,
6893,MORT_100,Number of deaths,https://www.who.int/data/gho/indicator-metadata-registry/imr-details/3365,,,,PUBLISHED,Published,,2009.0,2009,,AFR,2009,2009,Africa,,NGA,Nigeria,,MONTHS1-59,1-59 months,,,,,,,,CH7,Meningitis/encephalitisMeningitis/encephalitis,,29207,29206.89000,,,,,
6894,MORT_300,Distribution of causes of death among children aged < 5 years (%),https://www.who.int/data/gho/indicator-metadata-registry/imr-details/89,,,,PUBLISHED,Published,,2009.0,2009,,AFR,2009,2009,Africa,,NGA,Nigeria,,MONTHS1-59,1-59 months,,,,,,,,CH7,Meningitis/encephalitisMeningitis/encephalitis,,0.1,0.05167,,,,,
6895,MORT_200,Deaths per 1 000 live births,https://www.who.int/data/gho/indicator-metadata-registry/imr-details/3366,,,,PUBLISHED,Published,,2009.0,2009,,AFR,2009,2009,Africa,,NGA,Nigeria,,DAYS0-27,0-27 days,,,,,,,,CH8,MalariaMalaria,,0,0.00000,,,,,
6896,MORT_100,Number of deaths,https://www.who.int/data/gho/indicator-metadata-registry/imr-details/3365,,,,PUBLISHED,Published,,2009.0,2009,,AFR,2009,2009,Africa,,NGA,Nigeria,,MONTHS1-59,1-59 months,,,,,,,,CH8,MalariaMalaria,,147298,147298.30000,,,,,
6897,MORT_200,Deaths per 1 000 live births,https://www.who.int/data/gho/indicator-metadata-registry/imr-details/3366,,,,PUBLISHED,Published,,2009.0,2009,,AFR,2009,2009,Africa,,NGA,Nigeria,,DAYS0-27,0-27 days,,,,,,,,CH9,Acute lower respiratory infectionsAcute lower respiratory infections,,3,3.04795,,,,,
6898,MORT_100,Number of deaths,https://www.who.int/data/gho/indicator-metadata-registry/imr-details/3365,,,,PUBLISHED,Published,,2009.0,2009,,AFR,2009,2009,Africa,,NGA,Nigeria,,MONTHS1-59,1-59 months,,,,,,,,CH9,Acute lower respiratory infectionsAcute lower respiratory infections,,131762,131761.50000,,,,,
6899,MORT_200,Deaths per 1 000 live births,https://www.who.int/data/gho/indicator-metadata-registry/imr-details/3366,,,,PUBLISHED,Published,,2009.0,2009,,AFR,2009,2009,Africa,,NGA,Nigeria,,DAYS0-27,0-27 days,,,,,,,,CH10,PrematurityPrematurity,,11.2,11.22005,,,,,
6900,MORT_100,Number of deaths,https://www.who.int/data/gho/indicator-metadata-registry/imr-details/3365,,,,PUBLISHED,Published,,2009.0,2009,,AFR,2009,2009,Africa,,NGA,Nigeria,,MONTHS1-59,1-59 months,,,,,,,,CH10,PrematurityPrematurity,,8711,8711.24500,,,,,
6901,MORT_300,Distribution of causes of death among children aged < 5 years (%),https://www.who.int/data/gho/indicator-metadata-registry/imr-details/89,,,,PUBLISHED,Published,,2009.0,2009,,AFR,2009,2009,Africa,,NGA,Nigeria,,YEARS0-4,0-4 years,,,,,,,,CH10,PrematurityPrematurity,,0.1,0.09938,,,,,
6902,MORT_200,Deaths per 1 000 live births,https://www.who.int/data/gho/indicator-metadata-registry/imr-details/3366,,,,PUBLISHED,Published,,2009.0,2009,,AFR,2009,2009,Africa,,NGA,Nigeria,,DAYS0-27,0-27 days,,,,,,,,CH11,Birth asphyxia and birth traumaBirth asphyxia and birth trauma,,12.6,12.62406,,,,,
6903,MORT_300,Distribution of causes of death among children aged < 5 years (%),https://www.who.int/data/gho/indicator-metadata-registry/imr-details/89,,,,PUBLISHED,Published,,2009.0,2009,,AFR,2009,2009,Africa,,NGA,Nigeria,,YEARS0-4,0-4 years,,,,,,,,CH11,Birth asphyxia and birth traumaBirth asphyxia and birth trauma,,0.1,0.11196,,,,,
6904,MORT_200,Deaths per 1 000 live births,https://www.who.int/data/gho/indicator-metadata-registry/imr-details/3366,,,,PUBLISHED,Published,,2009.0,2009,,AFR,2009,2009,Africa,,NGA,Nigeria,,DAYS0-27,0-27 days,,,,,,,,CH12,Sepsis and other infectious conditions of the newbornSepsis and other infectious conditions of the newborn,,5.3,5.27993,,,,,
6905,MORT_300,Distribution of causes of death among children aged < 5 years (%),https://www.who.int/data/gho/indicator-metadata-registry/imr-details/89,,,,PUBLISHED,Published,,2009.0,2009,,AFR,2009,2009,Africa,,NGA,Nigeria,,YEARS0-4,0-4 years,,,,,,,,CH12,Sepsis and other infectious conditions of the newbornSepsis and other infectious conditions of the newborn,,0,0.04174,,,,,
6906,MORT_200,Deaths per 1 000 live births,https://www.who.int/data/gho/indicator-metadata-registry/imr-details/3366,,,,PUBLISHED,Published,,2009.0,2009,,AFR,2009,2009,Africa,,NGA,Nigeria,,DAYS0-27,0-27 days,,,,,,,,CH13,"Other communicable, perinatal and nutritional conditionsOther communicable, perinatal and nutritional conditions",,1.5,1.52272,,,,,
6907,MORT_100,Number of deaths,https://www.who.int/data/gho/indicator-metadata-registry/imr-details/3365,,,,PUBLISHED,Published,,2009.0,2009,,AFR,2009,2009,Africa,,NGA,Nigeria,,YEARS0-4,0-4 years,,,,,,,,CH13,"Other communicable, perinatal and nutritional conditionsOther communicable, perinatal and nutritional conditions",,67980,67979.55000,,,,,
6908,MORT_300,Distribution of causes of death among children aged < 5 years (%),https://www.who.int/data/gho/indicator-metadata-registry/imr-details/89,,,,PUBLISHED,Published,,2009.0,2009,,AFR,2009,2009,Africa,,NGA,Nigeria,,YEARS0-4,0-4 years,,,,,,,,CH13,"Other communicable, perinatal and nutritional conditionsOther communicable, perinatal and nutritional conditions",,0.1,0.08340,,,,,
6909,MORT_100,Number of deaths,https://www.who.int/data/gho/indicator-metadata-registry/imr-details/3365,,,,PUBLISHED,Published,,2009.0,2009,,AFR,2009,2009,Africa,,NGA,Nigeria,,YEARS0-4,0-4 years,,,,,,,,CH15,Congenital anomaliesCongenital anomalies,,30669,30668.53000,,,,,
6910,MORT_300,Distribution of causes of death among children aged < 5 years (%),https://www.who.int/data/gho/indicator-metadata-registry/imr-details/89,,,,PUBLISHED,Published,,2009.0,2009,,AFR,2009,2009,Africa,,NGA,Nigeria,,YEARS0-4,0-4 years,,,,,,,,CH15,Congenital anomaliesCongenital anomalies,,0,0.03763,,,,,
6911,MORT_100,Number of deaths,https://www.who.int/data/gho/indicator-metadata-registry/imr-details/3365,,,,PUBLISHED,Published,,2009.0,2009,,AFR,2009,2009,Africa,,NGA,Nigeria,,YEARS0-4,0-4 years,,,,,,,,CH16,Other noncommunicable diseasesOther noncommunicable diseases,,20104,20104.35000,,,,,
6912,MORT_300,Distribution of causes of death among children aged < 5 years (%),https://www.who.int/data/gho/indicator-metadata-registry/imr-details/89,,,,PUBLISHED,Published,,2009.0,2009,,AFR,2009,2009,Africa,,NGA,Nigeria,,YEARS0-4,0-4 years,,,,,,,,CH16,Other noncommunicable diseasesOther noncommunicable diseases,,0,0.02467,,,,,
6913,MORT_200,Deaths per 1 000 live births,https://www.who.int/data/gho/indicator-metadata-registry/imr-details/3366,,,,PUBLISHED,Published,,2009.0,2009,,AFR,2009,2009,Africa,,NGA,Nigeria,,MONTHS1-59,1-59 months,,,,,,,,CH17,InjuriesInjuries,,4.6,4.63484,,,,,
6914,MORT_100,Number of deaths,https://www.who.int/data/gho/indicator-metadata-registry/imr-details/3365,,,,PUBLISHED,Published,,2009.0,2009,,AFR,2009,2009,Africa,,NGA,Nigeria,,YEARS0-4,0-4 years,,,,,,,,CH17,InjuriesInjuries,,32971,32971.10000,,,,,
6915,MORT_300,Distribution of causes of death among children aged < 5 years (%),https://www.who.int/data/gho/indicator-metadata-registry/imr-details/89,,,,PUBLISHED,Published,,2009.0,2009,,AFR,2009,2009,Africa,,NGA,Nigeria,,YEARS0-4,0-4 years,,,,,,,,CH17,InjuriesInjuries,,0,0.04045,,,,,
6916,MORT_200,Deaths per 1 000 live births,https://www.who.int/data/gho/indicator-metadata-registry/imr-details/3366,,,,PUBLISHED,Published,,2010.0,2010,,AFR,2010,2010,Africa,,NGA,Nigeria,,MONTHS1-59,1-59 months,,,,,,,,CH2,HIV/AIDSHIV/AIDS,,3.3,3.31678,,,,,
6917,MORT_100,Number of deaths,https://www.who.int/data/gho/indicator-metadata-registry/imr-details/3365,,,,PUBLISHED,Published,,2010.0,2010,,AFR,2010,2010,Africa,,NGA,Nigeria,,YEARS0-4,0-4 years,,,,,,,,CH2,HIV/AIDSHIV/AIDS,,22018,22018.00000,,,,,
6918,MORT_200,Deaths per 1 000 live births,https://www.who.int/data/gho/indicator-metadata-registry/imr-details/3366,,,,PUBLISHED,Published,,2010.0,2010,,AFR,2010,2010,Africa,,NGA,Nigeria,,MONTHS1-59,1-59 months,,,,,,,,CH3,Diarrhoeal diseasesDiarrhoeal diseases,,13.5,13.50318,,,,,
6919,MORT_100,Number of deaths,https://www.who.int/data/gho/indicator-metadata-registry/imr-details/3365,,,,PUBLISHED,Published,,2010.0,2010,,AFR,2010,2010,Africa,,NGA,Nigeria,,YEARS0-4,0-4 years,,,,,,,,CH3,Diarrhoeal diseasesDiarrhoeal diseases,,90850,90850.01000,,,,,
6920,MORT_300,Distribution of causes of death among children aged < 5 years (%),https://www.who.int/data/gho/indicator-metadata-registry/imr-details/89,,,,PUBLISHED,Published,,2010.0,2010,,AFR,2010,2010,Africa,,NGA,Nigeria,,DAYS0-27,0-27 days,,,,,,,,CH5,TetanusTetanus,,0,0.03385,,,,,
6921,MORT_200,Deaths per 1 000 live births,https://www.who.int/data/gho/indicator-metadata-registry/imr-details/3366,,,,PUBLISHED,Published,,2010.0,2010,,AFR,2010,2010,Africa,,NGA,Nigeria,,MONTHS1-59,1-59 months,,,,,,,,CH5,TetanusTetanus,,0,0.01085,,,,,
6922,MORT_100,Number of deaths,https://www.who.int/data/gho/indicator-metadata-registry/imr-details/3365,,,,PUBLISHED,Published,,2010.0,2010,,AFR,2010,2010,Africa,,NGA,Nigeria,,YEARS0-4,0-4 years,,,,,,,,CH5,TetanusTetanus,,8509,8508.97500,,,,,
6923,MORT_300,Distribution of causes of death among children aged < 5 years (%),https://www.who.int/data/gho/indicator-metadata-registry/imr-details/89,,,,PUBLISHED,Published,,2010.0,2010,,AFR,2010,2010,Africa,,NGA,Nigeria,,DAYS0-27,0-27 days,,,,,,,,CH6,MeaslesMeasles,,0,0.00000,,,,,
6924,MORT_200,Deaths per 1 000 live births,https://www.who.int/data/gho/indicator-metadata-registry/imr-details/3366,,,,PUBLISHED,Published,,2010.0,2010,,AFR,2010,2010,Africa,,NGA,Nigeria,,MONTHS1-59,1-59 months,,,,,,,,CH6,MeaslesMeasles,,1.6,1.60652,,,,,
6925,MORT_300,Distribution of causes of death among children aged < 5 years (%),https://www.who.int/data/gho/indicator-metadata-registry/imr-details/89,,,,PUBLISHED,Published,,2010.0,2010,,AFR,2010,2010,Africa,,NGA,Nigeria,,DAYS0-27,0-27 days,,,,,,,,CH7,Meningitis/encephalitisMeningitis/encephalitis,,0,0.01510,,,,,
6926,MORT_200,Deaths per 1 000 live births,https://www.who.int/data/gho/indicator-metadata-registry/imr-details/3366,,,,PUBLISHED,Published,,2010.0,2010,,AFR,2010,2010,Africa,,NGA,Nigeria,,MONTHS1-59,1-59 months,,,,,,,,CH7,Meningitis/encephalitisMeningitis/encephalitis,,2.9,2.88216,,,,,
6927,MORT_100,Number of deaths,https://www.who.int/data/gho/indicator-metadata-registry/imr-details/3365,,,,PUBLISHED,Published,,2010.0,2010,,AFR,2010,2010,Africa,,NGA,Nigeria,,DAYS0-27,0-27 days,,,,,,,,CH8,MalariaMalaria,,0,0.00000,,,,,
6928,MORT_300,Distribution of causes of death among children aged < 5 years (%),https://www.who.int/data/gho/indicator-metadata-registry/imr-details/89,,,,PUBLISHED,Published,,2010.0,2010,,AFR,2010,2010,Africa,,NGA,Nigeria,,DAYS0-27,0-27 days,,,,,,,,CH8,MalariaMalaria,,0,0.00000,,,,,
6929,MORT_200,Deaths per 1 000 live births,https://www.who.int/data/gho/indicator-metadata-registry/imr-details/3366,,,,PUBLISHED,Published,,2010.0,2010,,AFR,2010,2010,Africa,,NGA,Nigeria,,MONTHS1-59,1-59 months,,,,,,,,CH8,MalariaMalaria,,20.9,20.89836,,,,,
6930,MORT_100,Number of deaths,https://www.who.int/data/gho/indicator-metadata-registry/imr-details/3365,,,,PUBLISHED,Published,,2010.0,2010,,AFR,2010,2010,Africa,,NGA,Nigeria,,DAYS0-27,0-27 days,,,,,,,,CH9,Acute lower respiratory infectionsAcute lower respiratory infections,,19602,19601.76000,,,,,
6931,MORT_300,Distribution of causes of death among children aged < 5 years (%),https://www.who.int/data/gho/indicator-metadata-registry/imr-details/89,,,,PUBLISHED,Published,,2010.0,2010,,AFR,2010,2010,Africa,,NGA,Nigeria,,DAYS0-27,0-27 days,,,,,,,,CH9,Acute lower respiratory infectionsAcute lower respiratory infections,,0.1,0.07863,,,,,
6932,MORT_100,Number of deaths,https://www.who.int/data/gho/indicator-metadata-registry/imr-details/3365,,,,PUBLISHED,Published,,2010.0,2010,,AFR,2010,2010,Africa,,NGA,Nigeria,,DAYS0-27,0-27 days,,,,,,,,CH10,PrematurityPrematurity,,73080,73080.28000,,,,,
6933,MORT_300,Distribution of causes of death among children aged < 5 years (%),https://www.who.int/data/gho/indicator-metadata-registry/imr-details/89,,,,PUBLISHED,Published,,2010.0,2010,,AFR,2010,2010,Africa,,NGA,Nigeria,,DAYS0-27,0-27 days,,,,,,,,CH10,PrematurityPrematurity,,0.3,0.29316,,,,,
6934,MORT_100,Number of deaths,https://www.who.int/data/gho/indicator-metadata-registry/imr-details/3365,,,,PUBLISHED,Published,,2010.0,2010,,AFR,2010,2010,Africa,,NGA,Nigeria,,DAYS0-27,0-27 days,,,,,,,,CH11,Birth asphyxia and birth traumaBirth asphyxia and birth trauma,,80897,80897.30000,,,,,
6935,MORT_300,Distribution of causes of death among children aged < 5 years (%),https://www.who.int/data/gho/indicator-metadata-registry/imr-details/89,,,,PUBLISHED,Published,,2010.0,2010,,AFR,2010,2010,Africa,,NGA,Nigeria,,DAYS0-27,0-27 days,,,,,,,,CH11,Birth asphyxia and birth traumaBirth asphyxia and birth trauma,,0.3,0.32452,,,,,
6936,MORT_200,Deaths per 1 000 live births,https://www.who.int/data/gho/indicator-metadata-registry/imr-details/3366,,,,PUBLISHED,Published,,2010.0,2010,,AFR,2010,2010,Africa,,NGA,Nigeria,,YEARS0-4,0-4 years,,,,,,,,CH11,Birth asphyxia and birth traumaBirth asphyxia and birth trauma,,13.9,13.87472,,,,,
6937,MORT_100,Number of deaths,https://www.who.int/data/gho/indicator-metadata-registry/imr-details/3365,,,,PUBLISHED,Published,,2010.0,2010,,AFR,2010,2010,Africa,,NGA,Nigeria,,DAYS0-27,0-27 days,,,,,,,,CH12,Sepsis and other infectious conditions of the newbornSepsis and other infectious conditions of the newborn,,33618,33618.20000,,,,,
6938,MORT_200,Deaths per 1 000 live births,https://www.who.int/data/gho/indicator-metadata-registry/imr-details/3366,,,,PUBLISHED,Published,,2010.0,2010,,AFR,2010,2010,Africa,,NGA,Nigeria,,YEARS0-4,0-4 years,,,,,,,,CH12,Sepsis and other infectious conditions of the newbornSepsis and other infectious conditions of the newborn,,5.1,5.11539,,,,,
6939,MORT_100,Number of deaths,https://www.who.int/data/gho/indicator-metadata-registry/imr-details/3365,,,,PUBLISHED,Published,,2010.0,2010,,AFR,2010,2010,Africa,,NGA,Nigeria,,DAYS0-27,0-27 days,,,,,,,,CH13,"Other communicable, perinatal and nutritional conditionsOther communicable, perinatal and nutritional conditions",,9811,9811.16200,,,,,
6940,MORT_200,Deaths per 1 000 live births,https://www.who.int/data/gho/indicator-metadata-registry/imr-details/3366,,,,PUBLISHED,Published,,2010.0,2010,,AFR,2010,2010,Africa,,NGA,Nigeria,,YEARS0-4,0-4 years,,,,,,,,CH13,"Other communicable, perinatal and nutritional conditionsOther communicable, perinatal and nutritional conditions",,10.6,10.63688,,,,,
6941,MORT_100,Number of deaths,https://www.who.int/data/gho/indicator-metadata-registry/imr-details/3365,,,,PUBLISHED,Published,,2010.0,2010,,AFR,2010,2010,Africa,,NGA,Nigeria,,DAYS0-27,0-27 days,,,,,,,,CH15,Congenital anomaliesCongenital anomalies,,14233,14232.79000,,,,,
6942,MORT_300,Distribution of causes of death among children aged < 5 years (%),https://www.who.int/data/gho/indicator-metadata-registry/imr-details/89,,,,PUBLISHED,Published,,2010.0,2010,,AFR,2010,2010,Africa,,NGA,Nigeria,,MONTHS1-59,1-59 months,,,,,,,,CH15,Congenital anomaliesCongenital anomalies,,0,0.03099,,,,,
6943,MORT_200,Deaths per 1 000 live births,https://www.who.int/data/gho/indicator-metadata-registry/imr-details/3366,,,,PUBLISHED,Published,,2010.0,2010,,AFR,2010,2010,Africa,,NGA,Nigeria,,YEARS0-4,0-4 years,,,,,,,,CH15,Congenital anomaliesCongenital anomalies,,4.8,4.81324,,,,,
6944,MORT_300,Distribution of causes of death among children aged < 5 years (%),https://www.who.int/data/gho/indicator-metadata-registry/imr-details/89,,,,PUBLISHED,Published,,2010.0,2010,,AFR,2010,2010,Africa,,NGA,Nigeria,,MONTHS1-59,1-59 months,,,,,,,,CH16,Other noncommunicable diseasesOther noncommunicable diseases,,0,0.03645,,,,,
6945,MORT_200,Deaths per 1 000 live births,https://www.who.int/data/gho/indicator-metadata-registry/imr-details/3366,,,,PUBLISHED,Published,,2010.0,2010,,AFR,2010,2010,Africa,,NGA,Nigeria,,YEARS0-4,0-4 years,,,,,,,,CH16,Other noncommunicable diseasesOther noncommunicable diseases,,3.2,3.16348,,,,,
6946,MORT_300,Distribution of causes of death among children aged < 5 years (%),https://www.who.int/data/gho/indicator-metadata-registry/imr-details/89,,,,PUBLISHED,Published,,2010.0,2010,,AFR,2010,2010,Africa,,NGA,Nigeria,,MONTHS1-59,1-59 months,,,,,,,,CH17,InjuriesInjuries,,0.1,0.05594,,,,,
6947,MORT_200,Deaths per 1 000 live births,https://www.who.int/data/gho/indicator-metadata-registry/imr-details/3366,,,,PUBLISHED,Published,,2010.0,2010,,AFR,2010,2010,Africa,,NGA,Nigeria,,YEARS0-4,0-4 years,,,,,,,,CH17,InjuriesInjuries,,5.3,5.26469,,,,,
6948,MORT_100,Number of deaths,https://www.who.int/data/gho/indicator-metadata-registry/imr-details/3365,,,,PUBLISHED,Published,,2011.0,2011,,AFR,2011,2011,Africa,,NGA,Nigeria,,MONTHS1-59,1-59 months,,,,,,,,CH2,HIV/AIDSHIV/AIDS,,21514,21513.69000,,,,,
6949,MORT_300,Distribution of causes of death among children aged < 5 years (%),https://www.who.int/data/gho/indicator-metadata-registry/imr-details/89,,,,PUBLISHED,Published,,2011.0,2011,,AFR,2011,2011,Africa,,NGA,Nigeria,,MONTHS1-59,1-59 months,,,,,,,,CH2,HIV/AIDSHIV/AIDS,,0,0.03864,,,,,
6950,MORT_100,Number of deaths,https://www.who.int/data/gho/indicator-metadata-registry/imr-details/3365,,,,PUBLISHED,Published,,2011.0,2011,,AFR,2011,2011,Africa,,NGA,Nigeria,,MONTHS1-59,1-59 months,,,,,,,,CH3,Diarrhoeal diseasesDiarrhoeal diseases,,86034,86034.24000,,,,,
6951,MORT_300,Distribution of causes of death among children aged < 5 years (%),https://www.who.int/data/gho/indicator-metadata-registry/imr-details/89,,,,PUBLISHED,Published,,2011.0,2011,,AFR,2011,2011,Africa,,NGA,Nigeria,,MONTHS1-59,1-59 months,,,,,,,,CH3,Diarrhoeal diseasesDiarrhoeal diseases,,0.2,0.15452,,,,,
6952,MORT_100,Number of deaths,https://www.who.int/data/gho/indicator-metadata-registry/imr-details/3365,,,,PUBLISHED,Published,,2011.0,2011,,AFR,2011,2011,Africa,,NGA,Nigeria,,MONTHS1-59,1-59 months,,,,,,,,CH5,TetanusTetanus,,67,66.58329,,,,,
6953,MORT_300,Distribution of causes of death among children aged < 5 years (%),https://www.who.int/data/gho/indicator-metadata-registry/imr-details/89,,,,PUBLISHED,Published,,2011.0,2011,,AFR,2011,2011,Africa,,NGA,Nigeria,,MONTHS1-59,1-59 months,,,,,,,,CH5,TetanusTetanus,,0,0.00012,,,,,
6954,MORT_200,Deaths per 1 000 live births,https://www.who.int/data/gho/indicator-metadata-registry/imr-details/3366,,,,PUBLISHED,Published,,2011.0,2011,,AFR,2011,2011,Africa,,NGA,Nigeria,,DAYS0-27,0-27 days,,,,,,,,CH6,MeaslesMeasles,,0,0.00000,,,,,
6955,MORT_100,Number of deaths,https://www.who.int/data/gho/indicator-metadata-registry/imr-details/3365,,,,PUBLISHED,Published,,2011.0,2011,,AFR,2011,2011,Africa,,NGA,Nigeria,,MONTHS1-59,1-59 months,,,,,,,,CH6,MeaslesMeasles,,17523,17522.61000,,,,,
6956,MORT_200,Deaths per 1 000 live births,https://www.who.int/data/gho/indicator-metadata-registry/imr-details/3366,,,,PUBLISHED,Published,,2011.0,2011,,AFR,2011,2011,Africa,,NGA,Nigeria,,DAYS0-27,0-27 days,,,,,,,,CH7,Meningitis/encephalitisMeningitis/encephalitis,,0.5,0.52855,,,,,
6957,MORT_100,Number of deaths,https://www.who.int/data/gho/indicator-metadata-registry/imr-details/3365,,,,PUBLISHED,Published,,2011.0,2011,,AFR,2011,2011,Africa,,NGA,Nigeria,,MONTHS1-59,1-59 months,,,,,,,,CH7,Meningitis/encephalitisMeningitis/encephalitis,,18538,18537.98000,,,,,
6958,MORT_200,Deaths per 1 000 live births,https://www.who.int/data/gho/indicator-metadata-registry/imr-details/3366,,,,PUBLISHED,Published,,2011.0,2011,,AFR,2011,2011,Africa,,NGA,Nigeria,,DAYS0-27,0-27 days,,,,,,,,CH8,MalariaMalaria,,0,0.00000,,,,,
6959,MORT_100,Number of deaths,https://www.who.int/data/gho/indicator-metadata-registry/imr-details/3365,,,,PUBLISHED,Published,,2011.0,2011,,AFR,2011,2011,Africa,,NGA,Nigeria,,MONTHS1-59,1-59 months,,,,,,,,CH8,MalariaMalaria,,126888,126887.50000,,,,,
6960,MORT_300,Distribution of causes of death among children aged < 5 years (%),https://www.who.int/data/gho/indicator-metadata-registry/imr-details/89,,,,PUBLISHED,Published,,2011.0,2011,,AFR,2011,2011,Africa,,NGA,Nigeria,,YEARS0-4,0-4 years,,,,,,,,CH8,MalariaMalaria,,0.2,0.15757,,,,,
6961,MORT_200,Deaths per 1 000 live births,https://www.who.int/data/gho/indicator-metadata-registry/imr-details/3366,,,,PUBLISHED,Published,,2011.0,2011,,AFR,2011,2011,Africa,,NGA,Nigeria,,DAYS0-27,0-27 days,,,,,,,,CH9,Acute lower respiratory infectionsAcute lower respiratory infections,,2.9,2.92105,,,,,
6962,MORT_300,Distribution of causes of death among children aged < 5 years (%),https://www.who.int/data/gho/indicator-metadata-registry/imr-details/89,,,,PUBLISHED,Published,,2011.0,2011,,AFR,2011,2011,Africa,,NGA,Nigeria,,YEARS0-4,0-4 years,,,,,,,,CH9,Acute lower respiratory infectionsAcute lower respiratory infections,,0.2,0.19193,,,,,
6963,MORT_200,Deaths per 1 000 live births,https://www.who.int/data/gho/indicator-metadata-registry/imr-details/3366,,,,PUBLISHED,Published,,2011.0,2011,,AFR,2011,2011,Africa,,NGA,Nigeria,,DAYS0-27,0-27 days,,,,,,,,CH10,PrematurityPrematurity,,11.1,11.07299,,,,,
6964,MORT_300,Distribution of causes of death among children aged < 5 years (%),https://www.who.int/data/gho/indicator-metadata-registry/imr-details/89,,,,PUBLISHED,Published,,2011.0,2011,,AFR,2011,2011,Africa,,NGA,Nigeria,,YEARS0-4,0-4 years,,,,,,,,CH10,PrematurityPrematurity,,0.1,0.10344,,,,,
6965,MORT_200,Deaths per 1 000 live births,https://www.who.int/data/gho/indicator-metadata-registry/imr-details/3366,,,,PUBLISHED,Published,,2011.0,2011,,AFR,2011,2011,Africa,,NGA,Nigeria,,DAYS0-27,0-27 days,,,,,,,,CH11,Birth asphyxia and birth traumaBirth asphyxia and birth trauma,,12,12.00872,,,,,
6966,MORT_100,Number of deaths,https://www.who.int/data/gho/indicator-metadata-registry/imr-details/3365,,,,PUBLISHED,Published,,2011.0,2011,,AFR,2011,2011,Africa,,NGA,Nigeria,,YEARS0-4,0-4 years,,,,,,,,CH11,Birth asphyxia and birth traumaBirth asphyxia and birth trauma,,90897,90896.70000,,,,,
6967,MORT_300,Distribution of causes of death among children aged < 5 years (%),https://www.who.int/data/gho/indicator-metadata-registry/imr-details/89,,,,PUBLISHED,Published,,2011.0,2011,,AFR,2011,2011,Africa,,NGA,Nigeria,,YEARS0-4,0-4 years,,,,,,,,CH11,Birth asphyxia and birth traumaBirth asphyxia and birth trauma,,0.1,0.11287,,,,,
6968,MORT_100,Number of deaths,https://www.who.int/data/gho/indicator-metadata-registry/imr-details/3365,,,,PUBLISHED,Published,,2011.0,2011,,AFR,2011,2011,Africa,,NGA,Nigeria,,YEARS0-4,0-4 years,,,,,,,,CH12,Sepsis and other infectious conditions of the newbornSepsis and other infectious conditions of the newborn,,32354,32353.83000,,,,,
6969,MORT_300,Distribution of causes of death among children aged < 5 years (%),https://www.who.int/data/gho/indicator-metadata-registry/imr-details/89,,,,PUBLISHED,Published,,2011.0,2011,,AFR,2011,2011,Africa,,NGA,Nigeria,,YEARS0-4,0-4 years,,,,,,,,CH12,Sepsis and other infectious conditions of the newbornSepsis and other infectious conditions of the newborn,,0,0.04018,,,,,
6970,MORT_100,Number of deaths,https://www.who.int/data/gho/indicator-metadata-registry/imr-details/3365,,,,PUBLISHED,Published,,2011.0,2011,,AFR,2011,2011,Africa,,NGA,Nigeria,,YEARS0-4,0-4 years,,,,,,,,CH13,"Other communicable, perinatal and nutritional conditionsOther communicable, perinatal and nutritional conditions",,70511,70510.57000,,,,,
6971,MORT_300,Distribution of causes of death among children aged < 5 years (%),https://www.who.int/data/gho/indicator-metadata-registry/imr-details/89,,,,PUBLISHED,Published,,2011.0,2011,,AFR,2011,2011,Africa,,NGA,Nigeria,,YEARS0-4,0-4 years,,,,,,,,CH13,"Other communicable, perinatal and nutritional conditionsOther communicable, perinatal and nutritional conditions",,0.1,0.08756,,,,,
6972,MORT_200,Deaths per 1 000 live births,https://www.who.int/data/gho/indicator-metadata-registry/imr-details/3366,,,,PUBLISHED,Published,,2011.0,2011,,AFR,2011,2011,Africa,,NGA,Nigeria,,MONTHS1-59,1-59 months,,,,,,,,CH15,Congenital anomaliesCongenital anomalies,,2.7,2.66950,,,,,
6973,MORT_100,Number of deaths,https://www.who.int/data/gho/indicator-metadata-registry/imr-details/3365,,,,PUBLISHED,Published,,2011.0,2011,,AFR,2011,2011,Africa,,NGA,Nigeria,,YEARS0-4,0-4 years,,,,,,,,CH15,Congenital anomaliesCongenital anomalies,,32349,32348.62000,,,,,
6974,MORT_300,Distribution of causes of death among children aged < 5 years (%),https://www.who.int/data/gho/indicator-metadata-registry/imr-details/89,,,,PUBLISHED,Published,,2011.0,2011,,AFR,2011,2011,Africa,,NGA,Nigeria,,YEARS0-4,0-4 years,,,,,,,,CH15,Congenital anomaliesCongenital anomalies,,0,0.04017,,,,,
6975,MORT_200,Deaths per 1 000 live births,https://www.who.int/data/gho/indicator-metadata-registry/imr-details/3366,,,,PUBLISHED,Published,,2011.0,2011,,AFR,2011,2011,Africa,,NGA,Nigeria,,MONTHS1-59,1-59 months,,,,,,,,CH16,Other noncommunicable diseasesOther noncommunicable diseases,,3.1,3.09083,,,,,
6976,MORT_100,Number of deaths,https://www.who.int/data/gho/indicator-metadata-registry/imr-details/3365,,,,PUBLISHED,Published,,2011.0,2011,,AFR,2011,2011,Africa,,NGA,Nigeria,,YEARS0-4,0-4 years,,,,,,,,CH16,Other noncommunicable diseasesOther noncommunicable diseases,,21035,21034.89000,,,,,
6977,MORT_200,Deaths per 1 000 live births,https://www.who.int/data/gho/indicator-metadata-registry/imr-details/3366,,,,PUBLISHED,Published,,2011.0,2011,,AFR,2011,2011,Africa,,NGA,Nigeria,,MONTHS1-59,1-59 months,,,,,,,,CH17,InjuriesInjuries,,4.8,4.82367,,,,,
6978,MORT_100,Number of deaths,https://www.who.int/data/gho/indicator-metadata-registry/imr-details/3365,,,,PUBLISHED,Published,,2011.0,2011,,AFR,2011,2011,Africa,,NGA,Nigeria,,YEARS0-4,0-4 years,,,,,,,,CH17,InjuriesInjuries,,35564,35564.21000,,,,,
6979,MORT_300,Distribution of causes of death among children aged < 5 years (%),https://www.who.int/data/gho/indicator-metadata-registry/imr-details/89,,,,PUBLISHED,Published,,2012.0,2012,,AFR,2012,2012,Africa,,NGA,Nigeria,,DAYS0-27,0-27 days,,,,,,,,CH2,HIV/AIDSHIV/AIDS,,0,0.00083,,,,,
6980,MORT_200,Deaths per 1 000 live births,https://www.who.int/data/gho/indicator-metadata-registry/imr-details/3366,,,,PUBLISHED,Published,,2012.0,2012,,AFR,2012,2012,Africa,,NGA,Nigeria,,MONTHS1-59,1-59 months,,,,,,,,CH2,HIV/AIDSHIV/AIDS,,3,2.99703,,,,,
6981,MORT_100,Number of deaths,https://www.who.int/data/gho/indicator-metadata-registry/imr-details/3365,,,,PUBLISHED,Published,,2012.0,2012,,AFR,2012,2012,Africa,,NGA,Nigeria,,YEARS0-4,0-4 years,,,,,,,,CH2,HIV/AIDSHIV/AIDS,,20637,20637.00000,,,,,
6982,MORT_300,Distribution of causes of death among children aged < 5 years (%),https://www.who.int/data/gho/indicator-metadata-registry/imr-details/89,,,,PUBLISHED,Published,,2012.0,2012,,AFR,2012,2012,Africa,,NGA,Nigeria,,DAYS0-27,0-27 days,,,,,,,,CH3,Diarrhoeal diseasesDiarrhoeal diseases,,0,0.00855,,,,,
6983,MORT_200,Deaths per 1 000 live births,https://www.who.int/data/gho/indicator-metadata-registry/imr-details/3366,,,,PUBLISHED,Published,,2012.0,2012,,AFR,2012,2012,Africa,,NGA,Nigeria,,MONTHS1-59,1-59 months,,,,,,,,CH3,Diarrhoeal diseasesDiarrhoeal diseases,,12,12.00585,,,,,
6984,MORT_300,Distribution of causes of death among children aged < 5 years (%),https://www.who.int/data/gho/indicator-metadata-registry/imr-details/89,,,,PUBLISHED,Published,,2012.0,2012,,AFR,2012,2012,Africa,,NGA,Nigeria,,DAYS0-27,0-27 days,,,,,,,,CH5,TetanusTetanus,,0,0.03268,,,,,
6985,MORT_200,Deaths per 1 000 live births,https://www.who.int/data/gho/indicator-metadata-registry/imr-details/3366,,,,PUBLISHED,Published,,2012.0,2012,,AFR,2012,2012,Africa,,NGA,Nigeria,,MONTHS1-59,1-59 months,,,,,,,,CH5,TetanusTetanus,,0,0.00951,,,,,
6986,MORT_100,Number of deaths,https://www.who.int/data/gho/indicator-metadata-registry/imr-details/3365,,,,PUBLISHED,Published,,2012.0,2012,,AFR,2012,2012,Africa,,NGA,Nigeria,,DAYS0-27,0-27 days,,,,,,,,CH6,MeaslesMeasles,,0,0.00000,,,,,
6987,MORT_300,Distribution of causes of death among children aged < 5 years (%),https://www.who.int/data/gho/indicator-metadata-registry/imr-details/89,,,,PUBLISHED,Published,,2012.0,2012,,AFR,2012,2012,Africa,,NGA,Nigeria,,DAYS0-27,0-27 days,,,,,,,,CH6,MeaslesMeasles,,0,0.00000,,,,,
6988,MORT_200,Deaths per 1 000 live births,https://www.who.int/data/gho/indicator-metadata-registry/imr-details/3366,,,,PUBLISHED,Published,,2012.0,2012,,AFR,2012,2012,Africa,,NGA,Nigeria,,MONTHS1-59,1-59 months,,,,,,,,CH6,MeaslesMeasles,,0.7,0.66193,,,,,
6989,MORT_100,Number of deaths,https://www.who.int/data/gho/indicator-metadata-registry/imr-details/3365,,,,PUBLISHED,Published,,2012.0,2012,,AFR,2012,2012,Africa,,NGA,Nigeria,,DAYS0-27,0-27 days,,,,,,,,CH7,Meningitis/encephalitisMeningitis/encephalitis,,3396,3395.87800,,,,,
6990,MORT_300,Distribution of causes of death among children aged < 5 years (%),https://www.who.int/data/gho/indicator-metadata-registry/imr-details/89,,,,PUBLISHED,Published,,2012.0,2012,,AFR,2012,2012,Africa,,NGA,Nigeria,,DAYS0-27,0-27 days,,,,,,,,CH7,Meningitis/encephalitisMeningitis/encephalitis,,0,0.01369,,,,,
6991,MORT_100,Number of deaths,https://www.who.int/data/gho/indicator-metadata-registry/imr-details/3365,,,,PUBLISHED,Published,,2012.0,2012,,AFR,2012,2012,Africa,,NGA,Nigeria,,DAYS0-27,0-27 days,,,,,,,,CH8,MalariaMalaria,,0,0.00000,,,,,
6992,MORT_300,Distribution of causes of death among children aged < 5 years (%),https://www.who.int/data/gho/indicator-metadata-registry/imr-details/89,,,,PUBLISHED,Published,,2012.0,2012,,AFR,2012,2012,Africa,,NGA,Nigeria,,DAYS0-27,0-27 days,,,,,,,,CH8,MalariaMalaria,,0,0.00000,,,,,
6993,MORT_100,Number of deaths,https://www.who.int/data/gho/indicator-metadata-registry/imr-details/3365,,,,PUBLISHED,Published,,2012.0,2012,,AFR,2012,2012,Africa,,NGA,Nigeria,,DAYS0-27,0-27 days,,,,,,,,CH9,Acute lower respiratory infectionsAcute lower respiratory infections,,19515,19514.97000,,,,,
6994,MORT_300,Distribution of causes of death among children aged < 5 years (%),https://www.who.int/data/gho/indicator-metadata-registry/imr-details/89,,,,PUBLISHED,Published,,2012.0,2012,,AFR,2012,2012,Africa,,NGA,Nigeria,,DAYS0-27,0-27 days,,,,,,,,CH9,Acute lower respiratory infectionsAcute lower respiratory infections,,0.1,0.07870,,,,,
6995,MORT_200,Deaths per 1 000 live births,https://www.who.int/data/gho/indicator-metadata-registry/imr-details/3366,,,,PUBLISHED,Published,,2012.0,2012,,AFR,2012,2012,Africa,,NGA,Nigeria,,YEARS0-4,0-4 years,,,,,,,,CH9,Acute lower respiratory infectionsAcute lower respiratory infections,,22,21.98445,,,,,
6996,MORT_100,Number of deaths,https://www.who.int/data/gho/indicator-metadata-registry/imr-details/3365,,,,PUBLISHED,Published,,2012.0,2012,,AFR,2012,2012,Africa,,NGA,Nigeria,,DAYS0-27,0-27 days,,,,,,,,CH10,PrematurityPrematurity,,75225,75225.14000,,,,,
6997,MORT_200,Deaths per 1 000 live births,https://www.who.int/data/gho/indicator-metadata-registry/imr-details/3366,,,,PUBLISHED,Published,,2012.0,2012,,AFR,2012,2012,Africa,,NGA,Nigeria,,YEARS0-4,0-4 years,,,,,,,,CH10,PrematurityPrematurity,,12.4,12.36783,,,,,
6998,MORT_100,Number of deaths,https://www.who.int/data/gho/indicator-metadata-registry/imr-details/3365,,,,PUBLISHED,Published,,2012.0,2012,,AFR,2012,2012,Africa,,NGA,Nigeria,,DAYS0-27,0-27 days,,,,,,,,CH11,Birth asphyxia and birth traumaBirth asphyxia and birth trauma,,79950,79949.90000,,,,,
6999,MORT_200,Deaths per 1 000 live births,https://www.who.int/data/gho/indicator-metadata-registry/imr-details/3366,,,,PUBLISHED,Published,,2012.0,2012,,AFR,2012,2012,Africa,,NGA,Nigeria,,YEARS0-4,0-4 years,,,,,,,,CH11,Birth asphyxia and birth traumaBirth asphyxia and birth trauma,,13.3,13.25990,,,,,
7000,MORT_100,Number of deaths,https://www.who.int/data/gho/indicator-metadata-registry/imr-details/3365,,,,PUBLISHED,Published,,2012.0,2012,,AFR,2012,2012,Africa,,NGA,Nigeria,,DAYS0-27,0-27 days,,,,,,,,CH12,Sepsis and other infectious conditions of the newbornSepsis and other infectious conditions of the newborn,,31332,31331.62000,,,,,
7001,MORT_300,Distribution of causes of death among children aged < 5 years (%),https://www.who.int/data/gho/indicator-metadata-registry/imr-details/89,,,,PUBLISHED,Published,,2012.0,2012,,AFR,2012,2012,Africa,,NGA,Nigeria,,MONTHS1-59,1-59 months,,,,,,,,CH12,Sepsis and other infectious conditions of the newbornSepsis and other infectious conditions of the newborn,,0,0.00000,,,,,
7002,MORT_200,Deaths per 1 000 live births,https://www.who.int/data/gho/indicator-metadata-registry/imr-details/3366,,,,PUBLISHED,Published,,2012.0,2012,,AFR,2012,2012,Africa,,NGA,Nigeria,,YEARS0-4,0-4 years,,,,,,,,CH12,Sepsis and other infectious conditions of the newbornSepsis and other infectious conditions of the newborn,,4.6,4.59613,,,,,
7003,MORT_300,Distribution of causes of death among children aged < 5 years (%),https://www.who.int/data/gho/indicator-metadata-registry/imr-details/89,,,,PUBLISHED,Published,,2012.0,2012,,AFR,2012,2012,Africa,,NGA,Nigeria,,MONTHS1-59,1-59 months,,,,,,,,CH13,"Other communicable, perinatal and nutritional conditionsOther communicable, perinatal and nutritional conditions",,0.1,0.11344,,,,,
7004,MORT_200,Deaths per 1 000 live births,https://www.who.int/data/gho/indicator-metadata-registry/imr-details/3366,,,,PUBLISHED,Published,,2012.0,2012,,AFR,2012,2012,Africa,,NGA,Nigeria,,YEARS0-4,0-4 years,,,,,,,,CH13,"Other communicable, perinatal and nutritional conditionsOther communicable, perinatal and nutritional conditions",,10.3,10.25815,,,,,
7005,MORT_300,Distribution of causes of death among children aged < 5 years (%),https://www.who.int/data/gho/indicator-metadata-registry/imr-details/89,,,,PUBLISHED,Published,,2012.0,2012,,AFR,2012,2012,Africa,,NGA,Nigeria,,MONTHS1-59,1-59 months,,,,,,,,CH15,Congenital anomaliesCongenital anomalies,,0,0.03389,,,,,
7006,MORT_200,Deaths per 1 000 live births,https://www.who.int/data/gho/indicator-metadata-registry/imr-details/3366,,,,PUBLISHED,Published,,2012.0,2012,,AFR,2012,2012,Africa,,NGA,Nigeria,,YEARS0-4,0-4 years,,,,,,,,CH15,Congenital anomaliesCongenital anomalies,,4.8,4.80047,,,,,
7007,MORT_100,Number of deaths,https://www.who.int/data/gho/indicator-metadata-registry/imr-details/3365,,,,PUBLISHED,Published,,2012.0,2012,,AFR,2012,2012,Africa,,NGA,Nigeria,,MONTHS1-59,1-59 months,,,,,,,,CH16,Other noncommunicable diseasesOther noncommunicable diseases,,20542,20542.39000,,,,,
7008,MORT_300,Distribution of causes of death among children aged < 5 years (%),https://www.who.int/data/gho/indicator-metadata-registry/imr-details/89,,,,PUBLISHED,Published,,2012.0,2012,,AFR,2012,2012,Africa,,NGA,Nigeria,,MONTHS1-59,1-59 months,,,,,,,,CH16,Other noncommunicable diseasesOther noncommunicable diseases,,0,0.03870,,,,,
7009,MORT_100,Number of deaths,https://www.who.int/data/gho/indicator-metadata-registry/imr-details/3365,,,,PUBLISHED,Published,,2012.0,2012,,AFR,2012,2012,Africa,,NGA,Nigeria,,MONTHS1-59,1-59 months,,,,,,,,CH17,InjuriesInjuries,,32601,32601.23000,,,,,
7010,MORT_300,Distribution of causes of death among children aged < 5 years (%),https://www.who.int/data/gho/indicator-metadata-registry/imr-details/89,,,,PUBLISHED,Published,,2012.0,2012,,AFR,2012,2012,Africa,,NGA,Nigeria,,MONTHS1-59,1-59 months,,,,,,,,CH17,InjuriesInjuries,,0.1,0.06143,,,,,
7011,MORT_100,Number of deaths,https://www.who.int/data/gho/indicator-metadata-registry/imr-details/3365,,,,PUBLISHED,Published,,2013.0,2013,,AFR,2013,2013,Africa,,NGA,Nigeria,,MONTHS1-59,1-59 months,,,,,,,,CH2,HIV/AIDSHIV/AIDS,,17995,17995.23000,,,,,
7012,MORT_300,Distribution of causes of death among children aged < 5 years (%),https://www.who.int/data/gho/indicator-metadata-registry/imr-details/89,,,,PUBLISHED,Published,,2013.0,2013,,AFR,2013,2013,Africa,,NGA,Nigeria,,MONTHS1-59,1-59 months,,,,,,,,CH2,HIV/AIDSHIV/AIDS,,0,0.03238,,,,,
7013,MORT_200,Deaths per 1 000 live births,https://www.who.int/data/gho/indicator-metadata-registry/imr-details/3366,,,,PUBLISHED,Published,,2013.0,2013,,AFR,2013,2013,Africa,,NGA,Nigeria,,DAYS0-27,0-27 days,,,,,,,,CH3,Diarrhoeal diseasesDiarrhoeal diseases,,0.3,0.30402,,,,,
7014,MORT_100,Number of deaths,https://www.who.int/data/gho/indicator-metadata-registry/imr-details/3365,,,,PUBLISHED,Published,,2013.0,2013,,AFR,2013,2013,Africa,,NGA,Nigeria,,MONTHS1-59,1-59 months,,,,,,,,CH3,Diarrhoeal diseasesDiarrhoeal diseases,,80343,80342.77000,,,,,
7015,MORT_200,Deaths per 1 000 live births,https://www.who.int/data/gho/indicator-metadata-registry/imr-details/3366,,,,PUBLISHED,Published,,2013.0,2013,,AFR,2013,2013,Africa,,NGA,Nigeria,,DAYS0-27,0-27 days,,,,,,,,CH5,TetanusTetanus,,1.1,1.12898,,,,,
7016,MORT_100,Number of deaths,https://www.who.int/data/gho/indicator-metadata-registry/imr-details/3365,,,,PUBLISHED,Published,,2013.0,2013,,AFR,2013,2013,Africa,,NGA,Nigeria,,MONTHS1-59,1-59 months,,,,,,,,CH5,TetanusTetanus,,63,63.24283,,,,,
7017,MORT_200,Deaths per 1 000 live births,https://www.who.int/data/gho/indicator-metadata-registry/imr-details/3366,,,,PUBLISHED,Published,,2013.0,2013,,AFR,2013,2013,Africa,,NGA,Nigeria,,DAYS0-27,0-27 days,,,,,,,,CH6,MeaslesMeasles,,0,0.00000,,,,,
7018,MORT_100,Number of deaths,https://www.who.int/data/gho/indicator-metadata-registry/imr-details/3365,,,,PUBLISHED,Published,,2013.0,2013,,AFR,2013,2013,Africa,,NGA,Nigeria,,MONTHS1-59,1-59 months,,,,,,,,CH6,MeaslesMeasles,,41058,41058.37000,,,,,
7019,MORT_300,Distribution of causes of death among children aged < 5 years (%),https://www.who.int/data/gho/indicator-metadata-registry/imr-details/89,,,,PUBLISHED,Published,,2013.0,2013,,AFR,2013,2013,Africa,,NGA,Nigeria,,YEARS0-4,0-4 years,,,,,,,,CH6,MeaslesMeasles,,0.1,0.05116,,,,,
7020,MORT_200,Deaths per 1 000 live births,https://www.who.int/data/gho/indicator-metadata-registry/imr-details/3366,,,,PUBLISHED,Published,,2013.0,2013,,AFR,2013,2013,Africa,,NGA,Nigeria,,DAYS0-27,0-27 days,,,,,,,,CH7,Meningitis/encephalitisMeningitis/encephalitis,,0.5,0.47928,,,,,
7021,MORT_300,Distribution of causes of death among children aged < 5 years (%),https://www.who.int/data/gho/indicator-metadata-registry/imr-details/89,,,,PUBLISHED,Published,,2013.0,2013,,AFR,2013,2013,Africa,,NGA,Nigeria,,YEARS0-4,0-4 years,,,,,,,,CH7,Meningitis/encephalitisMeningitis/encephalitis,,0,0.03688,,,,,
7022,MORT_200,Deaths per 1 000 live births,https://www.who.int/data/gho/indicator-metadata-registry/imr-details/3366,,,,PUBLISHED,Published,,2013.0,2013,,AFR,2013,2013,Africa,,NGA,Nigeria,,DAYS0-27,0-27 days,,,,,,,,CH8,MalariaMalaria,,0,0.00000,,,,,
7023,MORT_300,Distribution of causes of death among children aged < 5 years (%),https://www.who.int/data/gho/indicator-metadata-registry/imr-details/89,,,,PUBLISHED,Published,,2013.0,2013,,AFR,2013,2013,Africa,,NGA,Nigeria,,YEARS0-4,0-4 years,,,,,,,,CH8,MalariaMalaria,,0.1,0.13244,,,,,
7024,MORT_200,Deaths per 1 000 live births,https://www.who.int/data/gho/indicator-metadata-registry/imr-details/3366,,,,PUBLISHED,Published,,2013.0,2013,,AFR,2013,2013,Africa,,NGA,Nigeria,,DAYS0-27,0-27 days,,,,,,,,CH9,Acute lower respiratory infectionsAcute lower respiratory infections,,2.8,2.79113,,,,,
7025,MORT_100,Number of deaths,https://www.who.int/data/gho/indicator-metadata-registry/imr-details/3365,,,,PUBLISHED,Published,,2013.0,2013,,AFR,2013,2013,Africa,,NGA,Nigeria,,YEARS0-4,0-4 years,,,,,,,,CH9,Acute lower respiratory infectionsAcute lower respiratory infections,,148066,148065.90000,,,,,
7026,MORT_300,Distribution of causes of death among children aged < 5 years (%),https://www.who.int/data/gho/indicator-metadata-registry/imr-details/89,,,,PUBLISHED,Published,,2013.0,2013,,AFR,2013,2013,Africa,,NGA,Nigeria,,YEARS0-4,0-4 years,,,,,,,,CH9,Acute lower respiratory infectionsAcute lower respiratory infections,,0.2,0.18448,,,,,
7027,MORT_100,Number of deaths,https://www.who.int/data/gho/indicator-metadata-registry/imr-details/3365,,,,PUBLISHED,Published,,2013.0,2013,,AFR,2013,2013,Africa,,NGA,Nigeria,,YEARS0-4,0-4 years,,,,,,,,CH10,PrematurityPrematurity,,85397,85396.59000,,,,,
7028,MORT_200,Deaths per 1 000 live births,https://www.who.int/data/gho/indicator-metadata-registry/imr-details/3366,,,,PUBLISHED,Published,,2011.0,2011,,AFR,2011,2011,Africa,,NGA,Nigeria,,MONTHS1-59,1-59 months,,,,,,,,CH11,Birth asphyxia and birth traumaBirth asphyxia and birth trauma,,1.6,1.56361,,,,,
7029,MORT_300,Distribution of causes of death among children aged < 5 years (%),https://www.who.int/data/gho/indicator-metadata-registry/imr-details/89,,,,PUBLISHED,Published,,2011.0,2011,,AFR,2011,2011,Africa,,NGA,Nigeria,,MONTHS1-59,1-59 months,,,,,,,,CH11,Birth asphyxia and birth traumaBirth asphyxia and birth trauma,,0,0.01881,,,,,
7030,MORT_200,Deaths per 1 000 live births,https://www.who.int/data/gho/indicator-metadata-registry/imr-details/3366,,,,PUBLISHED,Published,,2011.0,2011,,AFR,2011,2011,Africa,,NGA,Nigeria,,DAYS0-27,0-27 days,,,,,,,,CH13,"Other communicable, perinatal and nutritional conditionsOther communicable, perinatal and nutritional conditions",,1.5,1.46078,,,,,
7031,MORT_300,Distribution of causes of death among children aged < 5 years (%),https://www.who.int/data/gho/indicator-metadata-registry/imr-details/89,,,,PUBLISHED,Published,,2011.0,2011,,AFR,2011,2011,Africa,,NGA,Nigeria,,DAYS0-27,0-27 days,,,,,,,,CH13,"Other communicable, perinatal and nutritional conditionsOther communicable, perinatal and nutritional conditions",,0,0.03937,,,,,
7032,MORT_100,Number of deaths,https://www.who.int/data/gho/indicator-metadata-registry/imr-details/3365,,,,PUBLISHED,Published,,2011.0,2011,,AFR,2011,2011,Africa,,NGA,Nigeria,,MONTHS1-59,1-59 months,,,,,,,,CH13,"Other communicable, perinatal and nutritional conditionsOther communicable, perinatal and nutritional conditions",,60727,60727.41000,,,,,
7033,MORT_200,Deaths per 1 000 live births,https://www.who.int/data/gho/indicator-metadata-registry/imr-details/3366,,,,PUBLISHED,Published,,2011.0,2011,,AFR,2011,2011,Africa,,NGA,Nigeria,,MONTHS1-59,1-59 months,,,,,,,,CH13,"Other communicable, perinatal and nutritional conditionsOther communicable, perinatal and nutritional conditions",,9.1,9.06757,,,,,
7034,MORT_100,Number of deaths,https://www.who.int/data/gho/indicator-metadata-registry/imr-details/3365,,,,PUBLISHED,Published,,2011.0,2011,,AFR,2011,2011,Africa,,NGA,Nigeria,,DAYS0-27,0-27 days,,,,,,,,CH16,Other noncommunicable diseasesOther noncommunicable diseases,,335,334.95940,,,,,
7035,MORT_200,Deaths per 1 000 live births,https://www.who.int/data/gho/indicator-metadata-registry/imr-details/3366,,,,PUBLISHED,Published,,2011.0,2011,,AFR,2011,2011,Africa,,NGA,Nigeria,,DAYS0-27,0-27 days,,,,,,,,CH16,Other noncommunicable diseasesOther noncommunicable diseases,,0.1,0.05001,,,,,
7036,MORT_300,Distribution of causes of death among children aged < 5 years (%),https://www.who.int/data/gho/indicator-metadata-registry/imr-details/89,,,,PUBLISHED,Published,,2011.0,2011,,AFR,2011,2011,Africa,,NGA,Nigeria,,DAYS0-27,0-27 days,,,,,,,,CH16,Other noncommunicable diseasesOther noncommunicable diseases,,0,0.00135,,,,,
7037,MORT_100,Number of deaths,https://www.who.int/data/gho/indicator-metadata-registry/imr-details/3365,,,,PUBLISHED,Published,,2011.0,2011,,AFR,2011,2011,Africa,,NGA,Nigeria,,MONTHS1-59,1-59 months,,,,,,,,CH16,Other noncommunicable diseasesOther noncommunicable diseases,,20700,20699.93000,,,,,
7038,MORT_200,Deaths per 1 000 live births,https://www.who.int/data/gho/indicator-metadata-registry/imr-details/3366,,,,PUBLISHED,Published,,2011.0,2011,,AFR,2011,2011,Africa,,NGA,Nigeria,,YEARS0-4,0-4 years,,,,,,,,CH17,InjuriesInjuries,,5.3,5.31030,,,,,
7039,MORT_300,Distribution of causes of death among children aged < 5 years (%),https://www.who.int/data/gho/indicator-metadata-registry/imr-details/89,,,,PUBLISHED,Published,,2011.0,2011,,AFR,2011,2011,Africa,,NGA,Nigeria,,YEARS0-4,0-4 years,,,,,,,,CH17,InjuriesInjuries,,0,0.04416,,,,,
7040,MORT_100,Number of deaths,https://www.who.int/data/gho/indicator-metadata-registry/imr-details/3365,,,,PUBLISHED,Published,,2012.0,2012,,AFR,2012,2012,Africa,,NGA,Nigeria,,DAYS0-27,0-27 days,,,,,,,,CH2,HIV/AIDSHIV/AIDS,,206,206.37000,,,,,
7041,MORT_200,Deaths per 1 000 live births,https://www.who.int/data/gho/indicator-metadata-registry/imr-details/3366,,,,PUBLISHED,Published,,2012.0,2012,,AFR,2012,2012,Africa,,NGA,Nigeria,,DAYS0-27,0-27 days,,,,,,,,CH2,HIV/AIDSHIV/AIDS,,0,0.03027,,,,,
7042,MORT_100,Number of deaths,https://www.who.int/data/gho/indicator-metadata-registry/imr-details/3365,,,,PUBLISHED,Published,,2012.0,2012,,AFR,2012,2012,Africa,,NGA,Nigeria,,YEARS0-4,0-4 years,,,,,,,,CH3,Diarrhoeal diseasesDiarrhoeal diseases,,83964,83964.08000,,,,,
7043,MORT_200,Deaths per 1 000 live births,https://www.who.int/data/gho/indicator-metadata-registry/imr-details/3366,,,,PUBLISHED,Published,,2012.0,2012,,AFR,2012,2012,Africa,,NGA,Nigeria,,YEARS0-4,0-4 years,,,,,,,,CH3,Diarrhoeal diseasesDiarrhoeal diseases,,12.3,12.31695,,,,,
7044,MORT_300,Distribution of causes of death among children aged < 5 years (%),https://www.who.int/data/gho/indicator-metadata-registry/imr-details/89,,,,PUBLISHED,Published,,2012.0,2012,,AFR,2012,2012,Africa,,NGA,Nigeria,,YEARS0-4,0-4 years,,,,,,,,CH3,Diarrhoeal diseasesDiarrhoeal diseases,,0.1,0.10782,,,,,
7045,MORT_100,Number of deaths,https://www.who.int/data/gho/indicator-metadata-registry/imr-details/3365,,,,PUBLISHED,Published,,2012.0,2012,,AFR,2012,2012,Africa,,NGA,Nigeria,,DAYS0-27,0-27 days,,,,,,,,CH5,TetanusTetanus,,8105,8104.62700,,,,,
7046,MORT_300,Distribution of causes of death among children aged < 5 years (%),https://www.who.int/data/gho/indicator-metadata-registry/imr-details/89,,,,PUBLISHED,Published,,2012.0,2012,,AFR,2012,2012,Africa,,NGA,Nigeria,,MONTHS1-59,1-59 months,,,,,,,,CH6,MeaslesMeasles,,0,0.00850,,,,,
7047,MORT_100,Number of deaths,https://www.who.int/data/gho/indicator-metadata-registry/imr-details/3365,,,,PUBLISHED,Published,,2012.0,2012,,AFR,2012,2012,Africa,,NGA,Nigeria,,YEARS0-4,0-4 years,,,,,,,,CH6,MeaslesMeasles,,4512,4512.34800,,,,,
7048,MORT_200,Deaths per 1 000 live births,https://www.who.int/data/gho/indicator-metadata-registry/imr-details/3366,,,,PUBLISHED,Published,,2012.0,2012,,AFR,2012,2012,Africa,,NGA,Nigeria,,YEARS0-4,0-4 years,,,,,,,,CH6,MeaslesMeasles,,0.7,0.66193,,,,,
7049,MORT_300,Distribution of causes of death among children aged < 5 years (%),https://www.who.int/data/gho/indicator-metadata-registry/imr-details/89,,,,PUBLISHED,Published,,2012.0,2012,,AFR,2012,2012,Africa,,NGA,Nigeria,,YEARS0-4,0-4 years,,,,,,,,CH6,MeaslesMeasles,,0,0.00579,,,,,
7050,MORT_100,Number of deaths,https://www.who.int/data/gho/indicator-metadata-registry/imr-details/3365,,,,PUBLISHED,Published,,2012.0,2012,,AFR,2012,2012,Africa,,NGA,Nigeria,,MONTHS1-59,1-59 months,,,,,,,,CH8,MalariaMalaria,,115383,115382.90000,,,,,
7051,MORT_200,Deaths per 1 000 live births,https://www.who.int/data/gho/indicator-metadata-registry/imr-details/3366,,,,PUBLISHED,Published,,2012.0,2012,,AFR,2012,2012,Africa,,NGA,Nigeria,,MONTHS1-59,1-59 months,,,,,,,,CH8,MalariaMalaria,,16.9,16.92589,,,,,
7052,MORT_300,Distribution of causes of death among children aged < 5 years (%),https://www.who.int/data/gho/indicator-metadata-registry/imr-details/89,,,,PUBLISHED,Published,,2012.0,2012,,AFR,2012,2012,Africa,,NGA,Nigeria,,MONTHS1-59,1-59 months,,,,,,,,CH8,MalariaMalaria,,0.2,0.21740,,,,,
7053,MORT_100,Number of deaths,https://www.who.int/data/gho/indicator-metadata-registry/imr-details/3365,,,,PUBLISHED,Published,,2012.0,2012,,AFR,2012,2012,Africa,,NGA,Nigeria,,YEARS0-4,0-4 years,,,,,,,,CH8,MalariaMalaria,,115383,115382.90000,,,,,
7054,MORT_200,Deaths per 1 000 live births,https://www.who.int/data/gho/indicator-metadata-registry/imr-details/3366,,,,PUBLISHED,Published,,2012.0,2012,,AFR,2012,2012,Africa,,NGA,Nigeria,,YEARS0-4,0-4 years,,,,,,,,CH8,MalariaMalaria,,16.9,16.92588,,,,,
7055,MORT_300,Distribution of causes of death among children aged < 5 years (%),https://www.who.int/data/gho/indicator-metadata-registry/imr-details/89,,,,PUBLISHED,Published,,2012.0,2012,,AFR,2012,2012,Africa,,NGA,Nigeria,,DAYS0-27,0-27 days,,,,,,,,CH10,PrematurityPrematurity,,0.3,0.30337,,,,,
7056,MORT_100,Number of deaths,https://www.who.int/data/gho/indicator-metadata-registry/imr-details/3365,,,,PUBLISHED,Published,,2012.0,2012,,AFR,2012,2012,Africa,,NGA,Nigeria,,MONTHS1-59,1-59 months,,,,,,,,CH10,PrematurityPrematurity,,9086,9085.73300,,,,,
7057,MORT_200,Deaths per 1 000 live births,https://www.who.int/data/gho/indicator-metadata-registry/imr-details/3366,,,,PUBLISHED,Published,,2012.0,2012,,AFR,2012,2012,Africa,,NGA,Nigeria,,MONTHS1-59,1-59 months,,,,,,,,CH10,PrematurityPrematurity,,1.3,1.33281,,,,,
7058,MORT_300,Distribution of causes of death among children aged < 5 years (%),https://www.who.int/data/gho/indicator-metadata-registry/imr-details/89,,,,PUBLISHED,Published,,2012.0,2012,,AFR,2012,2012,Africa,,NGA,Nigeria,,MONTHS1-59,1-59 months,,,,,,,,CH10,PrematurityPrematurity,,0,0.01712,,,,,
7059,MORT_200,Deaths per 1 000 live births,https://www.who.int/data/gho/indicator-metadata-registry/imr-details/3366,,,,PUBLISHED,Published,,2012.0,2012,,AFR,2012,2012,Africa,,NGA,Nigeria,,DAYS0-27,0-27 days,,,,,,,,CH12,Sepsis and other infectious conditions of the newbornSepsis and other infectious conditions of the newborn,,4.6,4.59613,,,,,
7060,MORT_300,Distribution of causes of death among children aged < 5 years (%),https://www.who.int/data/gho/indicator-metadata-registry/imr-details/89,,,,PUBLISHED,Published,,2012.0,2012,,AFR,2012,2012,Africa,,NGA,Nigeria,,DAYS0-27,0-27 days,,,,,,,,CH12,Sepsis and other infectious conditions of the newbornSepsis and other infectious conditions of the newborn,,0.1,0.12635,,,,,
7061,MORT_100,Number of deaths,https://www.who.int/data/gho/indicator-metadata-registry/imr-details/3365,,,,PUBLISHED,Published,,2012.0,2012,,AFR,2012,2012,Africa,,NGA,Nigeria,,MONTHS1-59,1-59 months,,,,,,,,CH12,Sepsis and other infectious conditions of the newbornSepsis and other infectious conditions of the newborn,,0,0.00000,,,,,
7062,MORT_200,Deaths per 1 000 live births,https://www.who.int/data/gho/indicator-metadata-registry/imr-details/3366,,,,PUBLISHED,Published,,2012.0,2012,,AFR,2012,2012,Africa,,NGA,Nigeria,,MONTHS1-59,1-59 months,,,,,,,,CH12,Sepsis and other infectious conditions of the newbornSepsis and other infectious conditions of the newborn,,0,0.00000,,,,,
7063,MORT_300,Distribution of causes of death among children aged < 5 years (%),https://www.who.int/data/gho/indicator-metadata-registry/imr-details/89,,,,PUBLISHED,Published,,2012.0,2012,,AFR,2012,2012,Africa,,NGA,Nigeria,,YEARS0-4,0-4 years,,,,,,,,CH13,"Other communicable, perinatal and nutritional conditionsOther communicable, perinatal and nutritional conditions",,0.1,0.08980,,,,,
7064,MORT_100,Number of deaths,https://www.who.int/data/gho/indicator-metadata-registry/imr-details/3365,,,,PUBLISHED,Published,,2012.0,2012,,AFR,2012,2012,Africa,,NGA,Nigeria,,DAYS0-27,0-27 days,,,,,,,,CH15,Congenital anomaliesCongenital anomalies,,14740,14739.51000,,,,,
7065,MORT_200,Deaths per 1 000 live births,https://www.who.int/data/gho/indicator-metadata-registry/imr-details/3366,,,,PUBLISHED,Published,,2012.0,2012,,AFR,2012,2012,Africa,,NGA,Nigeria,,DAYS0-27,0-27 days,,,,,,,,CH15,Congenital anomaliesCongenital anomalies,,2.2,2.16219,,,,,
7066,MORT_300,Distribution of causes of death among children aged < 5 years (%),https://www.who.int/data/gho/indicator-metadata-registry/imr-details/89,,,,PUBLISHED,Published,,2012.0,2012,,AFR,2012,2012,Africa,,NGA,Nigeria,,DAYS0-27,0-27 days,,,,,,,,CH15,Congenital anomaliesCongenital anomalies,,0.1,0.05944,,,,,
7067,MORT_100,Number of deaths,https://www.who.int/data/gho/indicator-metadata-registry/imr-details/3365,,,,PUBLISHED,Published,,2012.0,2012,,AFR,2012,2012,Africa,,NGA,Nigeria,,MONTHS1-59,1-59 months,,,,,,,,CH15,Congenital anomaliesCongenital anomalies,,17985,17985.06000,,,,,
7068,MORT_200,Deaths per 1 000 live births,https://www.who.int/data/gho/indicator-metadata-registry/imr-details/3366,,,,PUBLISHED,Published,,2012.0,2012,,AFR,2012,2012,Africa,,NGA,Nigeria,,YEARS0-4,0-4 years,,,,,,,,CH16,Other noncommunicable diseasesOther noncommunicable diseases,,3.1,3.06461,,,,,
7069,MORT_300,Distribution of causes of death among children aged < 5 years (%),https://www.who.int/data/gho/indicator-metadata-registry/imr-details/89,,,,PUBLISHED,Published,,2012.0,2012,,AFR,2012,2012,Africa,,NGA,Nigeria,,YEARS0-4,0-4 years,,,,,,,,CH16,Other noncommunicable diseasesOther noncommunicable diseases,,0,0.02683,,,,,
7070,MORT_100,Number of deaths,https://www.who.int/data/gho/indicator-metadata-registry/imr-details/3365,,,,PUBLISHED,Published,,2012.0,2012,,AFR,2012,2012,Africa,,NGA,Nigeria,,DAYS0-27,0-27 days,,,,,,,,CH17,InjuriesInjuries,,3310,3309.52300,,,,,
7071,MORT_200,Deaths per 1 000 live births,https://www.who.int/data/gho/indicator-metadata-registry/imr-details/3366,,,,PUBLISHED,Published,,2012.0,2012,,AFR,2012,2012,Africa,,NGA,Nigeria,,DAYS0-27,0-27 days,,,,,,,,CH17,InjuriesInjuries,,0.5,0.48548,,,,,
7072,MORT_100,Number of deaths,https://www.who.int/data/gho/indicator-metadata-registry/imr-details/3365,,,,PUBLISHED,Published,,2013.0,2013,,AFR,2013,2013,Africa,,NGA,Nigeria,,YEARS0-4,0-4 years,,,,,,,,CH2,HIV/AIDSHIV/AIDS,,18177,18177.00000,,,,,
7073,MORT_200,Deaths per 1 000 live births,https://www.who.int/data/gho/indicator-metadata-registry/imr-details/3366,,,,PUBLISHED,Published,,2013.0,2013,,AFR,2013,2013,Africa,,NGA,Nigeria,,YEARS0-4,0-4 years,,,,,,,,CH2,HIV/AIDSHIV/AIDS,,2.6,2.62275,,,,,
7074,MORT_300,Distribution of causes of death among children aged < 5 years (%),https://www.who.int/data/gho/indicator-metadata-registry/imr-details/89,,,,PUBLISHED,Published,,2013.0,2013,,AFR,2013,2013,Africa,,NGA,Nigeria,,YEARS0-4,0-4 years,,,,,,,,CH2,HIV/AIDSHIV/AIDS,,0,0.02265,,,,,
7075,MORT_100,Number of deaths,https://www.who.int/data/gho/indicator-metadata-registry/imr-details/3365,,,,PUBLISHED,Published,,2013.0,2013,,AFR,2013,2013,Africa,,NGA,Nigeria,,DAYS0-27,0-27 days,,,,,,,,CH3,Diarrhoeal diseasesDiarrhoeal diseases,,2107,2106.99000,,,,,
7076,MORT_300,Distribution of causes of death among children aged < 5 years (%),https://www.who.int/data/gho/indicator-metadata-registry/imr-details/89,,,,PUBLISHED,Published,,2013.0,2013,,AFR,2013,2013,Africa,,NGA,Nigeria,,MONTHS1-59,1-59 months,,,,,,,,CH5,TetanusTetanus,,0,0.00011,,,,,
7077,MORT_100,Number of deaths,https://www.who.int/data/gho/indicator-metadata-registry/imr-details/3365,,,,PUBLISHED,Published,,2013.0,2013,,AFR,2013,2013,Africa,,NGA,Nigeria,,YEARS0-4,0-4 years,,,,,,,,CH5,TetanusTetanus,,7888,7887.68200,,,,,
7078,MORT_200,Deaths per 1 000 live births,https://www.who.int/data/gho/indicator-metadata-registry/imr-details/3366,,,,PUBLISHED,Published,,2013.0,2013,,AFR,2013,2013,Africa,,NGA,Nigeria,,YEARS0-4,0-4 years,,,,,,,,CH5,TetanusTetanus,,1.1,1.13811,,,,,
7079,MORT_300,Distribution of causes of death among children aged < 5 years (%),https://www.who.int/data/gho/indicator-metadata-registry/imr-details/89,,,,PUBLISHED,Published,,2013.0,2013,,AFR,2013,2013,Africa,,NGA,Nigeria,,YEARS0-4,0-4 years,,,,,,,,CH5,TetanusTetanus,,0,0.00983,,,,,
7080,MORT_100,Number of deaths,https://www.who.int/data/gho/indicator-metadata-registry/imr-details/3365,,,,PUBLISHED,Published,,2013.0,2013,,AFR,2013,2013,Africa,,NGA,Nigeria,,MONTHS1-59,1-59 months,,,,,,,,CH7,Meningitis/encephalitisMeningitis/encephalitis,,26278,26278.02000,,,,,
7081,MORT_200,Deaths per 1 000 live births,https://www.who.int/data/gho/indicator-metadata-registry/imr-details/3366,,,,PUBLISHED,Published,,2013.0,2013,,AFR,2013,2013,Africa,,NGA,Nigeria,,MONTHS1-59,1-59 months,,,,,,,,CH7,Meningitis/encephalitisMeningitis/encephalitis,,3.8,3.79164,,,,,
7082,MORT_300,Distribution of causes of death among children aged < 5 years (%),https://www.who.int/data/gho/indicator-metadata-registry/imr-details/89,,,,PUBLISHED,Published,,2013.0,2013,,AFR,2013,2013,Africa,,NGA,Nigeria,,MONTHS1-59,1-59 months,,,,,,,,CH7,Meningitis/encephalitisMeningitis/encephalitis,,0,0.04728,,,,,
7083,MORT_100,Number of deaths,https://www.who.int/data/gho/indicator-metadata-registry/imr-details/3365,,,,PUBLISHED,Published,,2013.0,2013,,AFR,2013,2013,Africa,,NGA,Nigeria,,YEARS0-4,0-4 years,,,,,,,,CH7,Meningitis/encephalitisMeningitis/encephalitis,,29600,29599.67000,,,,,
7084,MORT_200,Deaths per 1 000 live births,https://www.who.int/data/gho/indicator-metadata-registry/imr-details/3366,,,,PUBLISHED,Published,,2013.0,2013,,AFR,2013,2013,Africa,,NGA,Nigeria,,YEARS0-4,0-4 years,,,,,,,,CH7,Meningitis/encephalitisMeningitis/encephalitis,,4.3,4.27092,,,,,
7085,MORT_300,Distribution of causes of death among children aged < 5 years (%),https://www.who.int/data/gho/indicator-metadata-registry/imr-details/89,,,,PUBLISHED,Published,,2013.0,2013,,AFR,2013,2013,Africa,,NGA,Nigeria,,DAYS0-27,0-27 days,,,,,,,,CH9,Acute lower respiratory infectionsAcute lower respiratory infections,,0.1,0.07838,,,,,
7086,MORT_100,Number of deaths,https://www.who.int/data/gho/indicator-metadata-registry/imr-details/3365,,,,PUBLISHED,Published,,2013.0,2013,,AFR,2013,2013,Africa,,NGA,Nigeria,,MONTHS1-59,1-59 months,,,,,,,,CH9,Acute lower respiratory infectionsAcute lower respiratory infections,,128722,128721.90000,,,,,
7087,MORT_200,Deaths per 1 000 live births,https://www.who.int/data/gho/indicator-metadata-registry/imr-details/3366,,,,PUBLISHED,Published,,2013.0,2013,,AFR,2013,2013,Africa,,NGA,Nigeria,,MONTHS1-59,1-59 months,,,,,,,,CH9,Acute lower respiratory infectionsAcute lower respiratory infections,,18.6,18.57321,,,,,
7088,MORT_300,Distribution of causes of death among children aged < 5 years (%),https://www.who.int/data/gho/indicator-metadata-registry/imr-details/89,,,,PUBLISHED,Published,,2013.0,2013,,AFR,2013,2013,Africa,,NGA,Nigeria,,MONTHS1-59,1-59 months,,,,,,,,CH9,Acute lower respiratory infectionsAcute lower respiratory infections,,0.2,0.23158,,,,,
7089,MORT_200,Deaths per 1 000 live births,https://www.who.int/data/gho/indicator-metadata-registry/imr-details/3366,,,,PUBLISHED,Published,,2013.0,2013,,AFR,2013,2013,Africa,,NGA,Nigeria,,DAYS0-27,0-27 days,,,,,,,,CH11,Birth asphyxia and birth traumaBirth asphyxia and birth trauma,,11.4,11.38334,,,,,
7090,MORT_300,Distribution of causes of death among children aged < 5 years (%),https://www.who.int/data/gho/indicator-metadata-registry/imr-details/89,,,,PUBLISHED,Published,,2013.0,2013,,AFR,2013,2013,Africa,,NGA,Nigeria,,DAYS0-27,0-27 days,,,,,,,,CH11,Birth asphyxia and birth traumaBirth asphyxia and birth trauma,,0.3,0.31968,,,,,
7091,MORT_100,Number of deaths,https://www.who.int/data/gho/indicator-metadata-registry/imr-details/3365,,,,PUBLISHED,Published,,2013.0,2013,,AFR,2013,2013,Africa,,NGA,Nigeria,,MONTHS1-59,1-59 months,,,,,,,,CH11,Birth asphyxia and birth traumaBirth asphyxia and birth trauma,,10749,10748.75000,,,,,
7092,MORT_200,Deaths per 1 000 live births,https://www.who.int/data/gho/indicator-metadata-registry/imr-details/3366,,,,PUBLISHED,Published,,2013.0,2013,,AFR,2013,2013,Africa,,NGA,Nigeria,,MONTHS1-59,1-59 months,,,,,,,,CH11,Birth asphyxia and birth traumaBirth asphyxia and birth trauma,,1.6,1.55093,,,,,
7093,MORT_300,Distribution of causes of death among children aged < 5 years (%),https://www.who.int/data/gho/indicator-metadata-registry/imr-details/89,,,,PUBLISHED,Published,,2013.0,2013,,AFR,2013,2013,Africa,,NGA,Nigeria,,YEARS0-4,0-4 years,,,,,,,,CH12,Sepsis and other infectious conditions of the newbornSepsis and other infectious conditions of the newborn,,0,0.03854,,,,,
7094,MORT_100,Number of deaths,https://www.who.int/data/gho/indicator-metadata-registry/imr-details/3365,,,,PUBLISHED,Published,,2013.0,2013,,AFR,2013,2013,Africa,,NGA,Nigeria,,DAYS0-27,0-27 days,,,,,,,,CH13,"Other communicable, perinatal and nutritional conditionsOther communicable, perinatal and nutritional conditions",,9545,9545.25100,,,,,
7095,MORT_200,Deaths per 1 000 live births,https://www.who.int/data/gho/indicator-metadata-registry/imr-details/3366,,,,PUBLISHED,Published,,2013.0,2013,,AFR,2013,2013,Africa,,NGA,Nigeria,,DAYS0-27,0-27 days,,,,,,,,CH13,"Other communicable, perinatal and nutritional conditionsOther communicable, perinatal and nutritional conditions",,1.4,1.37728,,,,,
7096,MORT_300,Distribution of causes of death among children aged < 5 years (%),https://www.who.int/data/gho/indicator-metadata-registry/imr-details/89,,,,PUBLISHED,Published,,2013.0,2013,,AFR,2013,2013,Africa,,NGA,Nigeria,,DAYS0-27,0-27 days,,,,,,,,CH13,"Other communicable, perinatal and nutritional conditionsOther communicable, perinatal and nutritional conditions",,0,0.03868,,,,,
7097,MORT_100,Number of deaths,https://www.who.int/data/gho/indicator-metadata-registry/imr-details/3365,,,,PUBLISHED,Published,,2013.0,2013,,AFR,2013,2013,Africa,,NGA,Nigeria,,MONTHS1-59,1-59 months,,,,,,,,CH13,"Other communicable, perinatal and nutritional conditionsOther communicable, perinatal and nutritional conditions",,61535,61535.26000,,,,,
7098,MORT_200,Deaths per 1 000 live births,https://www.who.int/data/gho/indicator-metadata-registry/imr-details/3366,,,,PUBLISHED,Published,,2013.0,2013,,AFR,2013,2013,Africa,,NGA,Nigeria,,YEARS0-4,0-4 years,,,,,,,,CH15,Congenital anomaliesCongenital anomalies,,4.8,4.84592,,,,,
7099,MORT_300,Distribution of causes of death among children aged < 5 years (%),https://www.who.int/data/gho/indicator-metadata-registry/imr-details/89,,,,PUBLISHED,Published,,2013.0,2013,,AFR,2013,2013,Africa,,NGA,Nigeria,,YEARS0-4,0-4 years,,,,,,,,CH15,Congenital anomaliesCongenital anomalies,,0,0.04184,,,,,
7100,MORT_100,Number of deaths,https://www.who.int/data/gho/indicator-metadata-registry/imr-details/3365,,,,PUBLISHED,Published,,2013.0,2013,,AFR,2013,2013,Africa,,NGA,Nigeria,,DAYS0-27,0-27 days,,,,,,,,CH16,Other noncommunicable diseasesOther noncommunicable diseases,,343,342.66010,,,,,
7101,MORT_200,Deaths per 1 000 live births,https://www.who.int/data/gho/indicator-metadata-registry/imr-details/3366,,,,PUBLISHED,Published,,2013.0,2013,,AFR,2013,2013,Africa,,NGA,Nigeria,,DAYS0-27,0-27 days,,,,,,,,CH16,Other noncommunicable diseasesOther noncommunicable diseases,,0,0.04944,,,,,
7102,MORT_100,Number of deaths,https://www.who.int/data/gho/indicator-metadata-registry/imr-details/3365,,,,PUBLISHED,Published,,2013.0,2013,,AFR,2013,2013,Africa,,NGA,Nigeria,,YEARS0-4,0-4 years,,,,,,,,CH17,InjuriesInjuries,,37101,37100.66000,,,,,
7103,MORT_200,Deaths per 1 000 live births,https://www.who.int/data/gho/indicator-metadata-registry/imr-details/3366,,,,PUBLISHED,Published,,2013.0,2013,,AFR,2013,2013,Africa,,NGA,Nigeria,,YEARS0-4,0-4 years,,,,,,,,CH17,InjuriesInjuries,,5.4,5.35323,,,,,
7104,MORT_300,Distribution of causes of death among children aged < 5 years (%),https://www.who.int/data/gho/indicator-metadata-registry/imr-details/89,,,,PUBLISHED,Published,,2013.0,2013,,AFR,2013,2013,Africa,,NGA,Nigeria,,YEARS0-4,0-4 years,,,,,,,,CH17,InjuriesInjuries,,0,0.04622,,,,,
7105,MORT_100,Number of deaths,https://www.who.int/data/gho/indicator-metadata-registry/imr-details/3365,,,,PUBLISHED,Published,,2014.0,2014,,AFR,2014,2014,Africa,,NGA,Nigeria,,DAYS0-27,0-27 days,,,,,,,,CH2,HIV/AIDSHIV/AIDS,,167,166.99000,,,,,
7106,MORT_300,Distribution of causes of death among children aged < 5 years (%),https://www.who.int/data/gho/indicator-metadata-registry/imr-details/89,,,,PUBLISHED,Published,,2014.0,2014,,AFR,2014,2014,Africa,,NGA,Nigeria,,MONTHS1-59,1-59 months,,,,,,,,CH3,Diarrhoeal diseasesDiarrhoeal diseases,,0.2,0.15800,,,,,
7107,MORT_100,Number of deaths,https://www.who.int/data/gho/indicator-metadata-registry/imr-details/3365,,,,PUBLISHED,Published,,2014.0,2014,,AFR,2014,2014,Africa,,NGA,Nigeria,,YEARS0-4,0-4 years,,,,,,,,CH3,Diarrhoeal diseasesDiarrhoeal diseases,,82540,82539.98000,,,,,
7108,MORT_200,Deaths per 1 000 live births,https://www.who.int/data/gho/indicator-metadata-registry/imr-details/3366,,,,PUBLISHED,Published,,2014.0,2014,,AFR,2014,2014,Africa,,NGA,Nigeria,,YEARS0-4,0-4 years,,,,,,,,CH3,Diarrhoeal diseasesDiarrhoeal diseases,,11.7,11.72764,,,,,
7109,MORT_300,Distribution of causes of death among children aged < 5 years (%),https://www.who.int/data/gho/indicator-metadata-registry/imr-details/89,,,,PUBLISHED,Published,,2014.0,2014,,AFR,2014,2014,Africa,,NGA,Nigeria,,YEARS0-4,0-4 years,,,,,,,,CH3,Diarrhoeal diseasesDiarrhoeal diseases,,0.1,0.10933,,,,,
7110,MORT_100,Number of deaths,https://www.who.int/data/gho/indicator-metadata-registry/imr-details/3365,,,,PUBLISHED,Published,,2014.0,2014,,AFR,2014,2014,Africa,,NGA,Nigeria,,MONTHS1-59,1-59 months,,,,,,,,CH6,MeaslesMeasles,,5823,5823.35900,,,,,
7111,MORT_200,Deaths per 1 000 live births,https://www.who.int/data/gho/indicator-metadata-registry/imr-details/3366,,,,PUBLISHED,Published,,2014.0,2014,,AFR,2014,2014,Africa,,NGA,Nigeria,,MONTHS1-59,1-59 months,,,,,,,,CH6,MeaslesMeasles,,0.8,0.82741,,,,,
7112,MORT_300,Distribution of causes of death among children aged < 5 years (%),https://www.who.int/data/gho/indicator-metadata-registry/imr-details/89,,,,PUBLISHED,Published,,2014.0,2014,,AFR,2014,2014,Africa,,NGA,Nigeria,,MONTHS1-59,1-59 months,,,,,,,,CH6,MeaslesMeasles,,0,0.01143,,,,,
7113,MORT_100,Number of deaths,https://www.who.int/data/gho/indicator-metadata-registry/imr-details/3365,,,,PUBLISHED,Published,,2014.0,2014,,AFR,2014,2014,Africa,,NGA,Nigeria,,YEARS0-4,0-4 years,,,,,,,,CH6,MeaslesMeasles,,5823,5823.35900,,,,,
7114,MORT_200,Deaths per 1 000 live births,https://www.who.int/data/gho/indicator-metadata-registry/imr-details/3366,,,,PUBLISHED,Published,,2014.0,2014,,AFR,2014,2014,Africa,,NGA,Nigeria,,YEARS0-4,0-4 years,,,,,,,,CH6,MeaslesMeasles,,0.8,0.82741,,,,,
7115,MORT_300,Distribution of causes of death among children aged < 5 years (%),https://www.who.int/data/gho/indicator-metadata-registry/imr-details/89,,,,PUBLISHED,Published,,2014.0,2014,,AFR,2014,2014,Africa,,NGA,Nigeria,,DAYS0-27,0-27 days,,,,,,,,CH8,MalariaMalaria,,0,0.00000,,,,,
7116,MORT_100,Number of deaths,https://www.who.int/data/gho/indicator-metadata-registry/imr-details/3365,,,,PUBLISHED,Published,,2014.0,2014,,AFR,2014,2014,Africa,,NGA,Nigeria,,MONTHS1-59,1-59 months,,,,,,,,CH8,MalariaMalaria,,97393,97393.20000,,,,,
7117,MORT_200,Deaths per 1 000 live births,https://www.who.int/data/gho/indicator-metadata-registry/imr-details/3366,,,,PUBLISHED,Published,,2014.0,2014,,AFR,2014,2014,Africa,,NGA,Nigeria,,MONTHS1-59,1-59 months,,,,,,,,CH8,MalariaMalaria,,13.8,13.83805,,,,,
7118,MORT_300,Distribution of causes of death among children aged < 5 years (%),https://www.who.int/data/gho/indicator-metadata-registry/imr-details/89,,,,PUBLISHED,Published,,2014.0,2014,,AFR,2014,2014,Africa,,NGA,Nigeria,,MONTHS1-59,1-59 months,,,,,,,,CH8,MalariaMalaria,,0.2,0.19124,,,,,
7119,MORT_200,Deaths per 1 000 live births,https://www.who.int/data/gho/indicator-metadata-registry/imr-details/3366,,,,PUBLISHED,Published,,2014.0,2014,,AFR,2014,2014,Africa,,NGA,Nigeria,,DAYS0-27,0-27 days,,,,,,,,CH10,PrematurityPrematurity,,10.9,10.85958,,,,,
7120,MORT_300,Distribution of causes of death among children aged < 5 years (%),https://www.who.int/data/gho/indicator-metadata-registry/imr-details/89,,,,PUBLISHED,Published,,2014.0,2014,,AFR,2014,2014,Africa,,NGA,Nigeria,,DAYS0-27,0-27 days,,,,,,,,CH10,PrematurityPrematurity,,0.3,0.31112,,,,,
7121,MORT_100,Number of deaths,https://www.who.int/data/gho/indicator-metadata-registry/imr-details/3365,,,,PUBLISHED,Published,,2014.0,2014,,AFR,2014,2014,Africa,,NGA,Nigeria,,MONTHS1-59,1-59 months,,,,,,,,CH10,PrematurityPrematurity,,9703,9703.29500,,,,,
7122,MORT_200,Deaths per 1 000 live births,https://www.who.int/data/gho/indicator-metadata-registry/imr-details/3366,,,,PUBLISHED,Published,,2014.0,2014,,AFR,2014,2014,Africa,,NGA,Nigeria,,MONTHS1-59,1-59 months,,,,,,,,CH10,PrematurityPrematurity,,1.4,1.37869,,,,,
7123,MORT_300,Distribution of causes of death among children aged < 5 years (%),https://www.who.int/data/gho/indicator-metadata-registry/imr-details/89,,,,PUBLISHED,Published,,2014.0,2014,,AFR,2014,2014,Africa,,NGA,Nigeria,,YEARS0-4,0-4 years,,,,,,,,CH11,Birth asphyxia and birth traumaBirth asphyxia and birth trauma,,0.1,0.11820,,,,,
7124,MORT_100,Number of deaths,https://www.who.int/data/gho/indicator-metadata-registry/imr-details/3365,,,,PUBLISHED,Published,,2014.0,2014,,AFR,2014,2014,Africa,,NGA,Nigeria,,DAYS0-27,0-27 days,,,,,,,,CH12,Sepsis and other infectious conditions of the newbornSepsis and other infectious conditions of the newborn,,31044,31043.81000,,,,,
7125,MORT_200,Deaths per 1 000 live births,https://www.who.int/data/gho/indicator-metadata-registry/imr-details/3366,,,,PUBLISHED,Published,,2014.0,2014,,AFR,2014,2014,Africa,,NGA,Nigeria,,DAYS0-27,0-27 days,,,,,,,,CH12,Sepsis and other infectious conditions of the newbornSepsis and other infectious conditions of the newborn,,4.4,4.41084,,,,,
7126,MORT_300,Distribution of causes of death among children aged < 5 years (%),https://www.who.int/data/gho/indicator-metadata-registry/imr-details/89,,,,PUBLISHED,Published,,2014.0,2014,,AFR,2014,2014,Africa,,NGA,Nigeria,,DAYS0-27,0-27 days,,,,,,,,CH12,Sepsis and other infectious conditions of the newbornSepsis and other infectious conditions of the newborn,,0.1,0.12637,,,,,
7127,MORT_100,Number of deaths,https://www.who.int/data/gho/indicator-metadata-registry/imr-details/3365,,,,PUBLISHED,Published,,2014.0,2014,,AFR,2014,2014,Africa,,NGA,Nigeria,,MONTHS1-59,1-59 months,,,,,,,,CH12,Sepsis and other infectious conditions of the newbornSepsis and other infectious conditions of the newborn,,0,0.00000,,,,,
7128,MORT_200,Deaths per 1 000 live births,https://www.who.int/data/gho/indicator-metadata-registry/imr-details/3366,,,,PUBLISHED,Published,,2014.0,2014,,AFR,2014,2014,Africa,,NGA,Nigeria,,YEARS0-4,0-4 years,,,,,,,,CH13,"Other communicable, perinatal and nutritional conditionsOther communicable, perinatal and nutritional conditions",,10.4,10.42566,,,,,
7129,MORT_300,Distribution of causes of death among children aged < 5 years (%),https://www.who.int/data/gho/indicator-metadata-registry/imr-details/89,,,,PUBLISHED,Published,,2014.0,2014,,AFR,2014,2014,Africa,,NGA,Nigeria,,YEARS0-4,0-4 years,,,,,,,,CH13,"Other communicable, perinatal and nutritional conditionsOther communicable, perinatal and nutritional conditions",,0.1,0.09719,,,,,
7130,MORT_100,Number of deaths,https://www.who.int/data/gho/indicator-metadata-registry/imr-details/3365,,,,PUBLISHED,Published,,2014.0,2014,,AFR,2014,2014,Africa,,NGA,Nigeria,,DAYS0-27,0-27 days,,,,,,,,CH15,Congenital anomaliesCongenital anomalies,,15164,15164.05000,,,,,
7131,MORT_200,Deaths per 1 000 live births,https://www.who.int/data/gho/indicator-metadata-registry/imr-details/3366,,,,PUBLISHED,Published,,2014.0,2014,,AFR,2014,2014,Africa,,NGA,Nigeria,,DAYS0-27,0-27 days,,,,,,,,CH15,Congenital anomaliesCongenital anomalies,,2.2,2.15457,,,,,
7132,MORT_100,Number of deaths,https://www.who.int/data/gho/indicator-metadata-registry/imr-details/3365,,,,PUBLISHED,Published,,2014.0,2014,,AFR,2014,2014,Africa,,NGA,Nigeria,,YEARS0-4,0-4 years,,,,,,,,CH16,Other noncommunicable diseasesOther noncommunicable diseases,,22371,22370.73000,,,,,
7133,MORT_200,Deaths per 1 000 live births,https://www.who.int/data/gho/indicator-metadata-registry/imr-details/3366,,,,PUBLISHED,Published,,2014.0,2014,,AFR,2014,2014,Africa,,NGA,Nigeria,,YEARS0-4,0-4 years,,,,,,,,CH16,Other noncommunicable diseasesOther noncommunicable diseases,,3.2,3.17853,,,,,
7134,MORT_300,Distribution of causes of death among children aged < 5 years (%),https://www.who.int/data/gho/indicator-metadata-registry/imr-details/89,,,,PUBLISHED,Published,,2014.0,2014,,AFR,2014,2014,Africa,,NGA,Nigeria,,YEARS0-4,0-4 years,,,,,,,,CH16,Other noncommunicable diseasesOther noncommunicable diseases,,0,0.02963,,,,,
7135,MORT_100,Number of deaths,https://www.who.int/data/gho/indicator-metadata-registry/imr-details/3365,,,,PUBLISHED,Published,,2014.0,2014,,AFR,2014,2014,Africa,,NGA,Nigeria,,DAYS0-27,0-27 days,,,,,,,,CH17,InjuriesInjuries,,3197,3196.72200,,,,,
7136,MORT_300,Distribution of causes of death among children aged < 5 years (%),https://www.who.int/data/gho/indicator-metadata-registry/imr-details/89,,,,PUBLISHED,Published,,2015.0,2015,,AFR,2015,2015,Africa,,NGA,Nigeria,,MONTHS1-59,1-59 months,,,,,,,,CH2,HIV/AIDSHIV/AIDS,,0,0.03180,,,,,
7137,MORT_100,Number of deaths,https://www.who.int/data/gho/indicator-metadata-registry/imr-details/3365,,,,PUBLISHED,Published,,2015.0,2015,,AFR,2015,2015,Africa,,NGA,Nigeria,,YEARS0-4,0-4 years,,,,,,,,CH2,HIV/AIDSHIV/AIDS,,16287,16287.00000,,,,,
7138,MORT_200,Deaths per 1 000 live births,https://www.who.int/data/gho/indicator-metadata-registry/imr-details/3366,,,,PUBLISHED,Published,,2015.0,2015,,AFR,2015,2015,Africa,,NGA,Nigeria,,YEARS0-4,0-4 years,,,,,,,,CH2,HIV/AIDSHIV/AIDS,,2.3,2.28091,,,,,
7139,MORT_300,Distribution of causes of death among children aged < 5 years (%),https://www.who.int/data/gho/indicator-metadata-registry/imr-details/89,,,,PUBLISHED,Published,,2015.0,2015,,AFR,2015,2015,Africa,,NGA,Nigeria,,YEARS0-4,0-4 years,,,,,,,,CH2,HIV/AIDSHIV/AIDS,,0,0.02168,,,,,
7140,MORT_100,Number of deaths,https://www.who.int/data/gho/indicator-metadata-registry/imr-details/3365,,,,PUBLISHED,Published,,2015.0,2015,,AFR,2015,2015,Africa,,NGA,Nigeria,,MONTHS1-59,1-59 months,,,,,,,,CH5,TetanusTetanus,,60,60.05412,,,,,
7141,MORT_200,Deaths per 1 000 live births,https://www.who.int/data/gho/indicator-metadata-registry/imr-details/3366,,,,PUBLISHED,Published,,2015.0,2015,,AFR,2015,2015,Africa,,NGA,Nigeria,,MONTHS1-59,1-59 months,,,,,,,,CH5,TetanusTetanus,,0,0.00841,,,,,
7142,MORT_300,Distribution of causes of death among children aged < 5 years (%),https://www.who.int/data/gho/indicator-metadata-registry/imr-details/89,,,,PUBLISHED,Published,,2015.0,2015,,AFR,2015,2015,Africa,,NGA,Nigeria,,MONTHS1-59,1-59 months,,,,,,,,CH5,TetanusTetanus,,0,0.00012,,,,,
7143,MORT_100,Number of deaths,https://www.who.int/data/gho/indicator-metadata-registry/imr-details/3365,,,,PUBLISHED,Published,,2015.0,2015,,AFR,2015,2015,Africa,,NGA,Nigeria,,YEARS0-4,0-4 years,,,,,,,,CH5,TetanusTetanus,,7002,7002.25600,,,,,
7144,MORT_300,Distribution of causes of death among children aged < 5 years (%),https://www.who.int/data/gho/indicator-metadata-registry/imr-details/89,,,,PUBLISHED,Published,,2015.0,2015,,AFR,2015,2015,Africa,,NGA,Nigeria,,DAYS0-27,0-27 days,,,,,,,,CH7,Meningitis/encephalitisMeningitis/encephalitis,,0,0.01342,,,,,
7145,MORT_100,Number of deaths,https://www.who.int/data/gho/indicator-metadata-registry/imr-details/3365,,,,PUBLISHED,Published,,2015.0,2015,,AFR,2015,2015,Africa,,NGA,Nigeria,,MONTHS1-59,1-59 months,,,,,,,,CH7,Meningitis/encephalitisMeningitis/encephalitis,,22744,22744.24000,,,,,
7146,MORT_200,Deaths per 1 000 live births,https://www.who.int/data/gho/indicator-metadata-registry/imr-details/3366,,,,PUBLISHED,Published,,2015.0,2015,,AFR,2015,2015,Africa,,NGA,Nigeria,,MONTHS1-59,1-59 months,,,,,,,,CH7,Meningitis/encephalitisMeningitis/encephalitis,,3.2,3.18521,,,,,
7147,MORT_300,Distribution of causes of death among children aged < 5 years (%),https://www.who.int/data/gho/indicator-metadata-registry/imr-details/89,,,,PUBLISHED,Published,,2015.0,2015,,AFR,2015,2015,Africa,,NGA,Nigeria,,MONTHS1-59,1-59 months,,,,,,,,CH7,Meningitis/encephalitisMeningitis/encephalitis,,0,0.04486,,,,,
7148,MORT_200,Deaths per 1 000 live births,https://www.who.int/data/gho/indicator-metadata-registry/imr-details/3366,,,,PUBLISHED,Published,,2015.0,2015,,AFR,2015,2015,Africa,,NGA,Nigeria,,DAYS0-27,0-27 days,,,,,,,,CH9,Acute lower respiratory infectionsAcute lower respiratory infections,,2.7,2.66370,,,,,
7149,MORT_300,Distribution of causes of death among children aged < 5 years (%),https://www.who.int/data/gho/indicator-metadata-registry/imr-details/89,,,,PUBLISHED,Published,,2015.0,2015,,AFR,2015,2015,Africa,,NGA,Nigeria,,DAYS0-27,0-27 days,,,,,,,,CH9,Acute lower respiratory infectionsAcute lower respiratory infections,,0.1,0.07791,,,,,
7150,MORT_100,Number of deaths,https://www.who.int/data/gho/indicator-metadata-registry/imr-details/3365,,,,PUBLISHED,Published,,2015.0,2015,,AFR,2015,2015,Africa,,NGA,Nigeria,,MONTHS1-59,1-59 months,,,,,,,,CH9,Acute lower respiratory infectionsAcute lower respiratory infections,,117776,117776.00000,,,,,
7151,MORT_200,Deaths per 1 000 live births,https://www.who.int/data/gho/indicator-metadata-registry/imr-details/3366,,,,PUBLISHED,Published,,2015.0,2015,,AFR,2015,2015,Africa,,NGA,Nigeria,,MONTHS1-59,1-59 months,,,,,,,,CH9,Acute lower respiratory infectionsAcute lower respiratory infections,,16.5,16.49389,,,,,
7152,MORT_300,Distribution of causes of death among children aged < 5 years (%),https://www.who.int/data/gho/indicator-metadata-registry/imr-details/89,,,,PUBLISHED,Published,,2015.0,2015,,AFR,2015,2015,Africa,,NGA,Nigeria,,YEARS0-4,0-4 years,,,,,,,,CH10,PrematurityPrematurity,,0.1,0.11456,,,,,
7153,MORT_100,Number of deaths,https://www.who.int/data/gho/indicator-metadata-registry/imr-details/3365,,,,PUBLISHED,Published,,2015.0,2015,,AFR,2015,2015,Africa,,NGA,Nigeria,,DAYS0-27,0-27 days,,,,,,,,CH11,Birth asphyxia and birth traumaBirth asphyxia and birth trauma,,77170,77169.72000,,,,,
7154,MORT_200,Deaths per 1 000 live births,https://www.who.int/data/gho/indicator-metadata-registry/imr-details/3366,,,,PUBLISHED,Published,,2015.0,2015,,AFR,2015,2015,Africa,,NGA,Nigeria,,DAYS0-27,0-27 days,,,,,,,,CH11,Birth asphyxia and birth traumaBirth asphyxia and birth trauma,,10.8,10.80720,,,,,
7155,MORT_300,Distribution of causes of death among children aged < 5 years (%),https://www.who.int/data/gho/indicator-metadata-registry/imr-details/89,,,,PUBLISHED,Published,,2015.0,2015,,AFR,2015,2015,Africa,,NGA,Nigeria,,DAYS0-27,0-27 days,,,,,,,,CH11,Birth asphyxia and birth traumaBirth asphyxia and birth trauma,,0.3,0.31611,,,,,
7156,MORT_100,Number of deaths,https://www.who.int/data/gho/indicator-metadata-registry/imr-details/3365,,,,PUBLISHED,Published,,2015.0,2015,,AFR,2015,2015,Africa,,NGA,Nigeria,,MONTHS1-59,1-59 months,,,,,,,,CH11,Birth asphyxia and birth traumaBirth asphyxia and birth trauma,,11620,11619.67000,,,,,
7157,MORT_200,Deaths per 1 000 live births,https://www.who.int/data/gho/indicator-metadata-registry/imr-details/3366,,,,PUBLISHED,Published,,2015.0,2015,,AFR,2015,2015,Africa,,NGA,Nigeria,,YEARS0-4,0-4 years,,,,,,,,CH12,Sepsis and other infectious conditions of the newbornSepsis and other infectious conditions of the newborn,,4.4,4.37058,,,,,
7158,MORT_300,Distribution of causes of death among children aged < 5 years (%),https://www.who.int/data/gho/indicator-metadata-registry/imr-details/89,,,,PUBLISHED,Published,,2015.0,2015,,AFR,2015,2015,Africa,,NGA,Nigeria,,YEARS0-4,0-4 years,,,,,,,,CH12,Sepsis and other infectious conditions of the newbornSepsis and other infectious conditions of the newborn,,0,0.04155,,,,,
7159,MORT_100,Number of deaths,https://www.who.int/data/gho/indicator-metadata-registry/imr-details/3365,,,,PUBLISHED,Published,,2015.0,2015,,AFR,2015,2015,Africa,,NGA,Nigeria,,DAYS0-27,0-27 days,,,,,,,,CH13,"Other communicable, perinatal and nutritional conditionsOther communicable, perinatal and nutritional conditions",,9285,9284.54900,,,,,
7160,MORT_200,Deaths per 1 000 live births,https://www.who.int/data/gho/indicator-metadata-registry/imr-details/3366,,,,PUBLISHED,Published,,2015.0,2015,,AFR,2015,2015,Africa,,NGA,Nigeria,,DAYS0-27,0-27 days,,,,,,,,CH13,"Other communicable, perinatal and nutritional conditionsOther communicable, perinatal and nutritional conditions",,1.3,1.30025,,,,,
7161,MORT_100,Number of deaths,https://www.who.int/data/gho/indicator-metadata-registry/imr-details/3365,,,,PUBLISHED,Published,,2015.0,2015,,AFR,2015,2015,Africa,,NGA,Nigeria,,YEARS0-4,0-4 years,,,,,,,,CH15,Congenital anomaliesCongenital anomalies,,35873,35873.40000,,,,,
7162,MORT_200,Deaths per 1 000 live births,https://www.who.int/data/gho/indicator-metadata-registry/imr-details/3366,,,,PUBLISHED,Published,,2015.0,2015,,AFR,2015,2015,Africa,,NGA,Nigeria,,YEARS0-4,0-4 years,,,,,,,,CH15,Congenital anomaliesCongenital anomalies,,5,5.02388,,,,,
7163,MORT_300,Distribution of causes of death among children aged < 5 years (%),https://www.who.int/data/gho/indicator-metadata-registry/imr-details/89,,,,PUBLISHED,Published,,2015.0,2015,,AFR,2015,2015,Africa,,NGA,Nigeria,,YEARS0-4,0-4 years,,,,,,,,CH15,Congenital anomaliesCongenital anomalies,,0,0.04776,,,,,
7164,MORT_100,Number of deaths,https://www.who.int/data/gho/indicator-metadata-registry/imr-details/3365,,,,PUBLISHED,Published,,2015.0,2015,,AFR,2015,2015,Africa,,NGA,Nigeria,,DAYS0-27,0-27 days,,,,,,,,CH16,Other noncommunicable diseasesOther noncommunicable diseases,,333,333.30130,,,,,
7165,MORT_300,Distribution of causes of death among children aged < 5 years (%),https://www.who.int/data/gho/indicator-metadata-registry/imr-details/89,,,,PUBLISHED,Published,,2015.0,2015,,AFR,2015,2015,Africa,,NGA,Nigeria,,MONTHS1-59,1-59 months,,,,,,,,CH17,InjuriesInjuries,,0.1,0.07340,,,,,
7166,MORT_100,Number of deaths,https://www.who.int/data/gho/indicator-metadata-registry/imr-details/3365,,,,PUBLISHED,Published,,2015.0,2015,,AFR,2015,2015,Africa,,NGA,Nigeria,,YEARS0-4,0-4 years,,,,,,,,CH17,InjuriesInjuries,,40374,40374.01000,,,,,
7167,MORT_200,Deaths per 1 000 live births,https://www.who.int/data/gho/indicator-metadata-registry/imr-details/3366,,,,PUBLISHED,Published,,2015.0,2015,,AFR,2015,2015,Africa,,NGA,Nigeria,,YEARS0-4,0-4 years,,,,,,,,CH17,InjuriesInjuries,,5.7,5.65416,,,,,
7168,MORT_300,Distribution of causes of death among children aged < 5 years (%),https://www.who.int/data/gho/indicator-metadata-registry/imr-details/89,,,,PUBLISHED,Published,,2015.0,2015,,AFR,2015,2015,Africa,,NGA,Nigeria,,YEARS0-4,0-4 years,,,,,,,,CH17,InjuriesInjuries,,0.1,0.05375,,,,,
7169,MORT_100,Number of deaths,https://www.who.int/data/gho/indicator-metadata-registry/imr-details/3365,,,,PUBLISHED,Published,,2016.0,2016,,AFR,2016,2016,Africa,,NGA,Nigeria,,MONTHS1-59,1-59 months,,,,,,,,CH3,Diarrhoeal diseasesDiarrhoeal diseases,,77591,77590.57000,,,,,
7170,MORT_200,Deaths per 1 000 live births,https://www.who.int/data/gho/indicator-metadata-registry/imr-details/3366,,,,PUBLISHED,Published,,2016.0,2016,,AFR,2016,2016,Africa,,NGA,Nigeria,,MONTHS1-59,1-59 months,,,,,,,,CH3,Diarrhoeal diseasesDiarrhoeal diseases,,10.7,10.71736,,,,,
7171,MORT_300,Distribution of causes of death among children aged < 5 years (%),https://www.who.int/data/gho/indicator-metadata-registry/imr-details/89,,,,PUBLISHED,Published,,2016.0,2016,,AFR,2016,2016,Africa,,NGA,Nigeria,,MONTHS1-59,1-59 months,,,,,,,,CH3,Diarrhoeal diseasesDiarrhoeal diseases,,0.2,0.15739,,,,,
7172,MORT_100,Number of deaths,https://www.who.int/data/gho/indicator-metadata-registry/imr-details/3365,,,,PUBLISHED,Published,,2016.0,2016,,AFR,2016,2016,Africa,,NGA,Nigeria,,YEARS0-4,0-4 years,,,,,,,,CH3,Diarrhoeal diseasesDiarrhoeal diseases,,79564,79563.63000,,,,,
7173,MORT_300,Distribution of causes of death among children aged < 5 years (%),https://www.who.int/data/gho/indicator-metadata-registry/imr-details/89,,,,PUBLISHED,Published,,2016.0,2016,,AFR,2016,2016,Africa,,NGA,Nigeria,,DAYS0-27,0-27 days,,,,,,,,CH6,MeaslesMeasles,,0,0.00000,,,,,
7174,MORT_100,Number of deaths,https://www.who.int/data/gho/indicator-metadata-registry/imr-details/3365,,,,PUBLISHED,Published,,2016.0,2016,,AFR,2016,2016,Africa,,NGA,Nigeria,,MONTHS1-59,1-59 months,,,,,,,,CH6,MeaslesMeasles,,13957,13956.51000,,,,,
7175,MORT_200,Deaths per 1 000 live births,https://www.who.int/data/gho/indicator-metadata-registry/imr-details/3366,,,,PUBLISHED,Published,,2016.0,2016,,AFR,2016,2016,Africa,,NGA,Nigeria,,MONTHS1-59,1-59 months,,,,,,,,CH6,MeaslesMeasles,,1.9,1.92777,,,,,
7176,MORT_300,Distribution of causes of death among children aged < 5 years (%),https://www.who.int/data/gho/indicator-metadata-registry/imr-details/89,,,,PUBLISHED,Published,,2016.0,2016,,AFR,2016,2016,Africa,,NGA,Nigeria,,MONTHS1-59,1-59 months,,,,,,,,CH6,MeaslesMeasles,,0,0.02831,,,,,
7177,MORT_200,Deaths per 1 000 live births,https://www.who.int/data/gho/indicator-metadata-registry/imr-details/3366,,,,PUBLISHED,Published,,2016.0,2016,,AFR,2016,2016,Africa,,NGA,Nigeria,,DAYS0-27,0-27 days,,,,,,,,CH8,MalariaMalaria,,0,0.00000,,,,,
7178,MORT_300,Distribution of causes of death among children aged < 5 years (%),https://www.who.int/data/gho/indicator-metadata-registry/imr-details/89,,,,PUBLISHED,Published,,2016.0,2016,,AFR,2016,2016,Africa,,NGA,Nigeria,,DAYS0-27,0-27 days,,,,,,,,CH8,MalariaMalaria,,0,0.00000,,,,,
7179,MORT_100,Number of deaths,https://www.who.int/data/gho/indicator-metadata-registry/imr-details/3365,,,,PUBLISHED,Published,,2016.0,2016,,AFR,2016,2016,Africa,,NGA,Nigeria,,MONTHS1-59,1-59 months,,,,,,,,CH8,MalariaMalaria,,79364,79364.29000,,,,,
7180,MORT_200,Deaths per 1 000 live births,https://www.who.int/data/gho/indicator-metadata-registry/imr-details/3366,,,,PUBLISHED,Published,,2016.0,2016,,AFR,2016,2016,Africa,,NGA,Nigeria,,MONTHS1-59,1-59 months,,,,,,,,CH8,MalariaMalaria,,11,10.96236,,,,,
7181,MORT_300,Distribution of causes of death among children aged < 5 years (%),https://www.who.int/data/gho/indicator-metadata-registry/imr-details/89,,,,PUBLISHED,Published,,2016.0,2016,,AFR,2016,2016,Africa,,NGA,Nigeria,,YEARS0-4,0-4 years,,,,,,,,CH9,Acute lower respiratory infectionsAcute lower respiratory infections,,0.2,0.18731,,,,,
7182,MORT_100,Number of deaths,https://www.who.int/data/gho/indicator-metadata-registry/imr-details/3365,,,,PUBLISHED,Published,,2016.0,2016,,AFR,2016,2016,Africa,,NGA,Nigeria,,DAYS0-27,0-27 days,,,,,,,,CH10,PrematurityPrematurity,,75035,75035.42000,,,,,
7183,MORT_200,Deaths per 1 000 live births,https://www.who.int/data/gho/indicator-metadata-registry/imr-details/3366,,,,PUBLISHED,Published,,2016.0,2016,,AFR,2016,2016,Africa,,NGA,Nigeria,,DAYS0-27,0-27 days,,,,,,,,CH10,PrematurityPrematurity,,10.4,10.36442,,,,,
7184,MORT_300,Distribution of causes of death among children aged < 5 years (%),https://www.who.int/data/gho/indicator-metadata-registry/imr-details/89,,,,PUBLISHED,Published,,2016.0,2016,,AFR,2016,2016,Africa,,NGA,Nigeria,,DAYS0-27,0-27 days,,,,,,,,CH10,PrematurityPrematurity,,0.3,0.30969,,,,,
7185,MORT_100,Number of deaths,https://www.who.int/data/gho/indicator-metadata-registry/imr-details/3365,,,,PUBLISHED,Published,,2016.0,2016,,AFR,2016,2016,Africa,,NGA,Nigeria,,MONTHS1-59,1-59 months,,,,,,,,CH10,PrematurityPrematurity,,10171,10171.49000,,,,,
7186,MORT_200,Deaths per 1 000 live births,https://www.who.int/data/gho/indicator-metadata-registry/imr-details/3366,,,,PUBLISHED,Published,,2016.0,2016,,AFR,2016,2016,Africa,,NGA,Nigeria,,YEARS0-4,0-4 years,,,,,,,,CH11,Birth asphyxia and birth traumaBirth asphyxia and birth trauma,,12.2,12.21703,,,,,
7187,MORT_300,Distribution of causes of death among children aged < 5 years (%),https://www.who.int/data/gho/indicator-metadata-registry/imr-details/89,,,,PUBLISHED,Published,,2016.0,2016,,AFR,2016,2016,Africa,,NGA,Nigeria,,YEARS0-4,0-4 years,,,,,,,,CH11,Birth asphyxia and birth traumaBirth asphyxia and birth trauma,,0.1,0.12029,,,,,
7188,MORT_100,Number of deaths,https://www.who.int/data/gho/indicator-metadata-registry/imr-details/3365,,,,PUBLISHED,Published,,2016.0,2016,,AFR,2016,2016,Africa,,NGA,Nigeria,,DAYS0-27,0-27 days,,,,,,,,CH12,Sepsis and other infectious conditions of the newbornSepsis and other infectious conditions of the newborn,,31436,31435.74000,,,,,
7189,MORT_200,Deaths per 1 000 live births,https://www.who.int/data/gho/indicator-metadata-registry/imr-details/3366,,,,PUBLISHED,Published,,2016.0,2016,,AFR,2016,2016,Africa,,NGA,Nigeria,,DAYS0-27,0-27 days,,,,,,,,CH12,Sepsis and other infectious conditions of the newbornSepsis and other infectious conditions of the newborn,,4.3,4.34213,,,,,
7190,MORT_100,Number of deaths,https://www.who.int/data/gho/indicator-metadata-registry/imr-details/3365,,,,PUBLISHED,Published,,2016.0,2016,,AFR,2016,2016,Africa,,NGA,Nigeria,,YEARS0-4,0-4 years,,,,,,,,CH13,"Other communicable, perinatal and nutritional conditionsOther communicable, perinatal and nutritional conditions",,75780,75780.32000,,,,,
7191,MORT_200,Deaths per 1 000 live births,https://www.who.int/data/gho/indicator-metadata-registry/imr-details/3366,,,,PUBLISHED,Published,,2016.0,2016,,AFR,2016,2016,Africa,,NGA,Nigeria,,YEARS0-4,0-4 years,,,,,,,,CH13,"Other communicable, perinatal and nutritional conditionsOther communicable, perinatal and nutritional conditions",,10.5,10.46731,,,,,
7192,MORT_300,Distribution of causes of death among children aged < 5 years (%),https://www.who.int/data/gho/indicator-metadata-registry/imr-details/89,,,,PUBLISHED,Published,,2016.0,2016,,AFR,2016,2016,Africa,,NGA,Nigeria,,YEARS0-4,0-4 years,,,,,,,,CH13,"Other communicable, perinatal and nutritional conditionsOther communicable, perinatal and nutritional conditions",,0.1,0.10306,,,,,
7193,MORT_100,Number of deaths,https://www.who.int/data/gho/indicator-metadata-registry/imr-details/3365,,,,PUBLISHED,Published,,2016.0,2016,,AFR,2016,2016,Africa,,NGA,Nigeria,,DAYS0-27,0-27 days,,,,,,,,CH15,Congenital anomaliesCongenital anomalies,,15738,15737.50000,,,,,
7194,MORT_300,Distribution of causes of death among children aged < 5 years (%),https://www.who.int/data/gho/indicator-metadata-registry/imr-details/89,,,,PUBLISHED,Published,,2016.0,2016,,AFR,2016,2016,Africa,,NGA,Nigeria,,MONTHS1-59,1-59 months,,,,,,,,CH16,Other noncommunicable diseasesOther noncommunicable diseases,,0,0.04727,,,,,
7195,MORT_100,Number of deaths,https://www.who.int/data/gho/indicator-metadata-registry/imr-details/3365,,,,PUBLISHED,Published,,2016.0,2016,,AFR,2016,2016,Africa,,NGA,Nigeria,,YEARS0-4,0-4 years,,,,,,,,CH16,Other noncommunicable diseasesOther noncommunicable diseases,,23636,23635.80000,,,,,
7196,MORT_200,Deaths per 1 000 live births,https://www.who.int/data/gho/indicator-metadata-registry/imr-details/3366,,,,PUBLISHED,Published,,2016.0,2016,,AFR,2016,2016,Africa,,NGA,Nigeria,,YEARS0-4,0-4 years,,,,,,,,CH16,Other noncommunicable diseasesOther noncommunicable diseases,,3.3,3.26474,,,,,
7197,MORT_300,Distribution of causes of death among children aged < 5 years (%),https://www.who.int/data/gho/indicator-metadata-registry/imr-details/89,,,,PUBLISHED,Published,,2016.0,2016,,AFR,2016,2016,Africa,,NGA,Nigeria,,YEARS0-4,0-4 years,,,,,,,,CH16,Other noncommunicable diseasesOther noncommunicable diseases,,0,0.03215,,,,,
7198,MORT_100,Number of deaths,https://www.who.int/data/gho/indicator-metadata-registry/imr-details/3365,,,,PUBLISHED,Published,,2017.0,2017,,AFR,2017,2017,Africa,,NGA,Nigeria,,MONTHS1-59,1-59 months,,,,,,,,CH2,HIV/AIDSHIV/AIDS,,18326,18325.89000,,,,,
7199,MORT_200,Deaths per 1 000 live births,https://www.who.int/data/gho/indicator-metadata-registry/imr-details/3366,,,,PUBLISHED,Published,,2017.0,2017,,AFR,2017,2017,Africa,,NGA,Nigeria,,MONTHS1-59,1-59 months,,,,,,,,CH2,HIV/AIDSHIV/AIDS,,2.5,2.49742,,,,,
7200,MORT_300,Distribution of causes of death among children aged < 5 years (%),https://www.who.int/data/gho/indicator-metadata-registry/imr-details/89,,,,PUBLISHED,Published,,2017.0,2017,,AFR,2017,2017,Africa,,NGA,Nigeria,,MONTHS1-59,1-59 months,,,,,,,,CH2,HIV/AIDSHIV/AIDS,,0,0.03837,,,,,
7201,MORT_100,Number of deaths,https://www.who.int/data/gho/indicator-metadata-registry/imr-details/3365,,,,PUBLISHED,Published,,2017.0,2017,,AFR,2017,2017,Africa,,NGA,Nigeria,,YEARS0-4,0-4 years,,,,,,,,CH2,HIV/AIDSHIV/AIDS,,18511,18510.78000,,,,,
7202,MORT_300,Distribution of causes of death among children aged < 5 years (%),https://www.who.int/data/gho/indicator-metadata-registry/imr-details/89,,,,PUBLISHED,Published,,2017.0,2017,,AFR,2017,2017,Africa,,NGA,Nigeria,,DAYS0-27,0-27 days,,,,,,,,CH5,TetanusTetanus,,0,0.02699,,,,,
7203,MORT_100,Number of deaths,https://www.who.int/data/gho/indicator-metadata-registry/imr-details/3365,,,,PUBLISHED,Published,,2017.0,2017,,AFR,2017,2017,Africa,,NGA,Nigeria,,MONTHS1-59,1-59 months,,,,,,,,CH5,TetanusTetanus,,57,56.85400,,,,,
7204,MORT_200,Deaths per 1 000 live births,https://www.who.int/data/gho/indicator-metadata-registry/imr-details/3366,,,,PUBLISHED,Published,,2017.0,2017,,AFR,2017,2017,Africa,,NGA,Nigeria,,MONTHS1-59,1-59 months,,,,,,,,CH5,TetanusTetanus,,0,0.00775,,,,,
7205,MORT_300,Distribution of causes of death among children aged < 5 years (%),https://www.who.int/data/gho/indicator-metadata-registry/imr-details/89,,,,PUBLISHED,Published,,2017.0,2017,,AFR,2017,2017,Africa,,NGA,Nigeria,,MONTHS1-59,1-59 months,,,,,,,,CH5,TetanusTetanus,,0,0.00012,,,,,
7206,MORT_200,Deaths per 1 000 live births,https://www.who.int/data/gho/indicator-metadata-registry/imr-details/3366,,,,PUBLISHED,Published,,2017.0,2017,,AFR,2017,2017,Africa,,NGA,Nigeria,,DAYS0-27,0-27 days,,,,,,,,CH7,Meningitis/encephalitisMeningitis/encephalitis,,0.4,0.43506,,,,,
7207,MORT_300,Distribution of causes of death among children aged < 5 years (%),https://www.who.int/data/gho/indicator-metadata-registry/imr-details/89,,,,PUBLISHED,Published,,2017.0,2017,,AFR,2017,2017,Africa,,NGA,Nigeria,,DAYS0-27,0-27 days,,,,,,,,CH7,Meningitis/encephalitisMeningitis/encephalitis,,0,0.01325,,,,,
7208,MORT_100,Number of deaths,https://www.who.int/data/gho/indicator-metadata-registry/imr-details/3365,,,,PUBLISHED,Published,,2017.0,2017,,AFR,2017,2017,Africa,,NGA,Nigeria,,MONTHS1-59,1-59 months,,,,,,,,CH7,Meningitis/encephalitisMeningitis/encephalitis,,22204,22204.26000,,,,,
7209,MORT_200,Deaths per 1 000 live births,https://www.who.int/data/gho/indicator-metadata-registry/imr-details/3366,,,,PUBLISHED,Published,,2017.0,2017,,AFR,2017,2017,Africa,,NGA,Nigeria,,MONTHS1-59,1-59 months,,,,,,,,CH7,Meningitis/encephalitisMeningitis/encephalitis,,3,3.02596,,,,,
7210,MORT_300,Distribution of causes of death among children aged < 5 years (%),https://www.who.int/data/gho/indicator-metadata-registry/imr-details/89,,,,PUBLISHED,Published,,2017.0,2017,,AFR,2017,2017,Africa,,NGA,Nigeria,,YEARS0-4,0-4 years,,,,,,,,CH8,MalariaMalaria,,0.1,0.09788,,,,,
7211,MORT_100,Number of deaths,https://www.who.int/data/gho/indicator-metadata-registry/imr-details/3365,,,,PUBLISHED,Published,,2017.0,2017,,AFR,2017,2017,Africa,,NGA,Nigeria,,DAYS0-27,0-27 days,,,,,,,,CH9,Acute lower respiratory infectionsAcute lower respiratory infections,,18767,18767.10000,,,,,
7212,MORT_200,Deaths per 1 000 live births,https://www.who.int/data/gho/indicator-metadata-registry/imr-details/3366,,,,PUBLISHED,Published,,2017.0,2017,,AFR,2017,2017,Africa,,NGA,Nigeria,,DAYS0-27,0-27 days,,,,,,,,CH9,Acute lower respiratory infectionsAcute lower respiratory infections,,2.6,2.55755,,,,,
7213,MORT_300,Distribution of causes of death among children aged < 5 years (%),https://www.who.int/data/gho/indicator-metadata-registry/imr-details/89,,,,PUBLISHED,Published,,2017.0,2017,,AFR,2017,2017,Africa,,NGA,Nigeria,,DAYS0-27,0-27 days,,,,,,,,CH9,Acute lower respiratory infectionsAcute lower respiratory infections,,0.1,0.07787,,,,,
7214,MORT_100,Number of deaths,https://www.who.int/data/gho/indicator-metadata-registry/imr-details/3365,,,,PUBLISHED,Published,,2017.0,2017,,AFR,2017,2017,Africa,,NGA,Nigeria,,MONTHS1-59,1-59 months,,,,,,,,CH9,Acute lower respiratory infectionsAcute lower respiratory infections,,115240,115240.30000,,,,,
7215,MORT_200,Deaths per 1 000 live births,https://www.who.int/data/gho/indicator-metadata-registry/imr-details/3366,,,,PUBLISHED,Published,,2017.0,2017,,AFR,2017,2017,Africa,,NGA,Nigeria,,YEARS0-4,0-4 years,,,,,,,,CH10,PrematurityPrematurity,,11.5,11.52099,,,,,
7216,MORT_300,Distribution of causes of death among children aged < 5 years (%),https://www.who.int/data/gho/indicator-metadata-registry/imr-details/89,,,,PUBLISHED,Published,,2017.0,2017,,AFR,2017,2017,Africa,,NGA,Nigeria,,YEARS0-4,0-4 years,,,,,,,,CH10,PrematurityPrematurity,,0.1,0.11765,,,,,
7217,MORT_100,Number of deaths,https://www.who.int/data/gho/indicator-metadata-registry/imr-details/3365,,,,PUBLISHED,Published,,2017.0,2017,,AFR,2017,2017,Africa,,NGA,Nigeria,,DAYS0-27,0-27 days,,,,,,,,CH11,Birth asphyxia and birth traumaBirth asphyxia and birth trauma,,76154,76154.20000,,,,,
7218,MORT_200,Deaths per 1 000 live births,https://www.who.int/data/gho/indicator-metadata-registry/imr-details/3366,,,,PUBLISHED,Published,,2017.0,2017,,AFR,2017,2017,Africa,,NGA,Nigeria,,DAYS0-27,0-27 days,,,,,,,,CH11,Birth asphyxia and birth traumaBirth asphyxia and birth trauma,,10.4,10.37816,,,,,
7219,MORT_100,Number of deaths,https://www.who.int/data/gho/indicator-metadata-registry/imr-details/3365,,,,PUBLISHED,Published,,2017.0,2017,,AFR,2017,2017,Africa,,NGA,Nigeria,,YEARS0-4,0-4 years,,,,,,,,CH12,Sepsis and other infectious conditions of the newbornSepsis and other infectious conditions of the newborn,,31275,31275.38000,,,,,
7220,MORT_200,Deaths per 1 000 live births,https://www.who.int/data/gho/indicator-metadata-registry/imr-details/3366,,,,PUBLISHED,Published,,2017.0,2017,,AFR,2017,2017,Africa,,NGA,Nigeria,,YEARS0-4,0-4 years,,,,,,,,CH12,Sepsis and other infectious conditions of the newbornSepsis and other infectious conditions of the newborn,,4.3,4.26215,,,,,
7221,MORT_300,Distribution of causes of death among children aged < 5 years (%),https://www.who.int/data/gho/indicator-metadata-registry/imr-details/89,,,,PUBLISHED,Published,,2017.0,2017,,AFR,2017,2017,Africa,,NGA,Nigeria,,YEARS0-4,0-4 years,,,,,,,,CH12,Sepsis and other infectious conditions of the newbornSepsis and other infectious conditions of the newborn,,0,0.04352,,,,,
7222,MORT_100,Number of deaths,https://www.who.int/data/gho/indicator-metadata-registry/imr-details/3365,,,,PUBLISHED,Published,,2017.0,2017,,AFR,2017,2017,Africa,,NGA,Nigeria,,DAYS0-27,0-27 days,,,,,,,,CH13,"Other communicable, perinatal and nutritional conditionsOther communicable, perinatal and nutritional conditions",,9215,9215.19800,,,,,
7223,MORT_300,Distribution of causes of death among children aged < 5 years (%),https://www.who.int/data/gho/indicator-metadata-registry/imr-details/89,,,,PUBLISHED,Published,,2017.0,2017,,AFR,2017,2017,Africa,,NGA,Nigeria,,MONTHS1-59,1-59 months,,,,,,,,CH15,Congenital anomaliesCongenital anomalies,,0,0.04370,,,,,
7224,MORT_100,Number of deaths,https://www.who.int/data/gho/indicator-metadata-registry/imr-details/3365,,,,PUBLISHED,Published,,2017.0,2017,,AFR,2017,2017,Africa,,NGA,Nigeria,,YEARS0-4,0-4 years,,,,,,,,CH15,Congenital anomaliesCongenital anomalies,,36522,36522.16000,,,,,
7225,MORT_200,Deaths per 1 000 live births,https://www.who.int/data/gho/indicator-metadata-registry/imr-details/3366,,,,PUBLISHED,Published,,2017.0,2017,,AFR,2017,2017,Africa,,NGA,Nigeria,,YEARS0-4,0-4 years,,,,,,,,CH15,Congenital anomaliesCongenital anomalies,,5,4.97718,,,,,
7226,MORT_300,Distribution of causes of death among children aged < 5 years (%),https://www.who.int/data/gho/indicator-metadata-registry/imr-details/89,,,,PUBLISHED,Published,,2017.0,2017,,AFR,2017,2017,Africa,,NGA,Nigeria,,YEARS0-4,0-4 years,,,,,,,,CH15,Congenital anomaliesCongenital anomalies,,0.1,0.05083,,,,,
7227,MORT_100,Number of deaths,https://www.who.int/data/gho/indicator-metadata-registry/imr-details/3365,,,,PUBLISHED,Published,,2017.0,2017,,AFR,2017,2017,Africa,,NGA,Nigeria,,MONTHS1-59,1-59 months,,,,,,,,CH17,InjuriesInjuries,,37921,37920.79000,,,,,
7228,MORT_200,Deaths per 1 000 live births,https://www.who.int/data/gho/indicator-metadata-registry/imr-details/3366,,,,PUBLISHED,Published,,2017.0,2017,,AFR,2017,2017,Africa,,NGA,Nigeria,,MONTHS1-59,1-59 months,,,,,,,,CH17,InjuriesInjuries,,5.2,5.16778,,,,,
7229,MORT_300,Distribution of causes of death among children aged < 5 years (%),https://www.who.int/data/gho/indicator-metadata-registry/imr-details/89,,,,PUBLISHED,Published,,2017.0,2017,,AFR,2017,2017,Africa,,NGA,Nigeria,,MONTHS1-59,1-59 months,,,,,,,,CH17,InjuriesInjuries,,0.1,0.07941,,,,,
7230,MORT_100,Number of deaths,https://www.who.int/data/gho/indicator-metadata-registry/imr-details/3365,,,,PUBLISHED,Published,,2017.0,2017,,AFR,2017,2017,Africa,,NGA,Nigeria,,YEARS0-4,0-4 years,,,,,,,,CH17,InjuriesInjuries,,41059,41058.51000,,,,,
7231,MORT_MATERNALNUM,Number of maternal deaths,https://www.who.int/data/gho/indicator-metadata-registry/imr-details/4622,,,,PUBLISHED,Published,,2001.0,2001,,AFR,2001,2001,Africa,,NGA,Nigeria,,,,,,,,,,,,,,65 000 [ 50 000 - 82 000 ],65000.00000,50000.0,82000.0,,,
7232,MORT_MATERNALNUM,Number of maternal deaths,https://www.who.int/data/gho/indicator-metadata-registry/imr-details/4622,,,,PUBLISHED,Published,,2002.0,2002,,AFR,2002,2002,Africa,,NGA,Nigeria,,,,,,,,,,,,,,66 000 [ 51 000 - 83 000 ],66000.00000,51000.0,83000.0,,,
7233,MORT_MATERNALNUM,Number of maternal deaths,https://www.who.int/data/gho/indicator-metadata-registry/imr-details/4622,,,,PUBLISHED,Published,,2003.0,2003,,AFR,2003,2003,Africa,,NGA,Nigeria,,,,,,,,,,,,,,66 000 [ 52 000 - 83 000 ],66000.00000,52000.0,83000.0,,,
7234,MORT_MATERNALNUM,Number of maternal deaths,https://www.who.int/data/gho/indicator-metadata-registry/imr-details/4622,,,,PUBLISHED,Published,,2004.0,2004,,AFR,2004,2004,Africa,,NGA,Nigeria,,,,,,,,,,,,,,65 000 [ 52 000 - 81 000 ],65000.00000,52000.0,81000.0,,,
7235,MDG_0000000026,Maternal mortality ratio (per 100 000 live births),https://www.who.int/data/gho/indicator-metadata-registry/imr-details/26,,,,PUBLISHED,Published,,2000.0,2000,,AFR,2000,2000,Africa,,NGA,Nigeria,,,,,,,,,,,,,,1 200 [ 916 - 1 540 ],1200.00000,916.0,1540.0,,,
7236,MDG_0000000026,Maternal mortality ratio (per 100 000 live births),https://www.who.int/data/gho/indicator-metadata-registry/imr-details/26,,,,PUBLISHED,Published,,2006.0,2006,,AFR,2006,2006,Africa,,NGA,Nigeria,,,,,,,,,,,,,,1 040 [ 833 - 1 290 ],1040.00000,833.0,1290.0,,,
7237,MDG_0000000026,Maternal mortality ratio (per 100 000 live births),https://www.who.int/data/gho/indicator-metadata-registry/imr-details/26,,,,PUBLISHED,Published,,2015.0,2015,,AFR,2015,2015,Africa,,NGA,Nigeria,,,,,,,,,,,,,,931 [ 687 - 1 290 ],931.00000,687.0,1290.0,,,
7238,MDG_0000000026,Maternal mortality ratio (per 100 000 live births),https://www.who.int/data/gho/indicator-metadata-registry/imr-details/26,,,,PUBLISHED,Published,,2010.0,2010,,AFR,2010,2010,Africa,,NGA,Nigeria,,,,,,,,,,,,,,978 [ 765 - 1 240 ],978.00000,765.0,1240.0,,,
7239,CHILDMORT5TO14,Mortality rate for 5-14 year-olds (probability of dying per 1000 children aged 5-14 years),https://www.who.int/data/gho/indicator-metadata-registry/imr-details/4802,,,,PUBLISHED,Published,,1977.0,1977,,AFR,1977,1977,Africa,,NGA,Nigeria,,,,,BTSX,Both sexes,,,,,,,,50.5 [40.5-62.5],50.48041,40.5082,62.49704,,,
7240,CHILDMORT5TO14,Mortality rate for 5-14 year-olds (probability of dying per 1000 children aged 5-14 years),https://www.who.int/data/gho/indicator-metadata-registry/imr-details/4802,,,,PUBLISHED,Published,,1978.0,1978,,AFR,1978,1978,Africa,,NGA,Nigeria,,,,,BTSX,Both sexes,,,,,,,,49.3 [39.7-60.4],49.27434,39.66699,60.3902,,,
7241,CHILDMORT5TO14,Mortality rate for 5-14 year-olds (probability of dying per 1000 children aged 5-14 years),https://www.who.int/data/gho/indicator-metadata-registry/imr-details/4802,,,,PUBLISHED,Published,,1979.0,1979,,AFR,1979,1979,Africa,,NGA,Nigeria,,,,,BTSX,Both sexes,,,,,,,,48.1 [38.9-58.4],48.07760,38.85598,58.44516,,,
7242,CHILDMORT5TO14,Mortality rate for 5-14 year-olds (probability of dying per 1000 children aged 5-14 years),https://www.who.int/data/gho/indicator-metadata-registry/imr-details/4802,,,,PUBLISHED,Published,,1980.0,1980,,AFR,1980,1980,Africa,,NGA,Nigeria,,,,,BTSX,Both sexes,,,,,,,,46.9 [38.0-56.5],46.92280,38.01401,56.46201,,,
7243,CHILDMORT5TO14,Mortality rate for 5-14 year-olds (probability of dying per 1000 children aged 5-14 years),https://www.who.int/data/gho/indicator-metadata-registry/imr-details/4802,,,,PUBLISHED,Published,,1993.0,1993,,AFR,1993,1993,Africa,,NGA,Nigeria,,,,,BTSX,Both sexes,,,,,,,,39.3 [34.8-45.8],39.30204,34.76372,45.76282,,,
7244,CHILDMORT5TO14,Mortality rate for 5-14 year-olds (probability of dying per 1000 children aged 5-14 years),https://www.who.int/data/gho/indicator-metadata-registry/imr-details/4802,,,,PUBLISHED,Published,,1994.0,1994,,AFR,1994,1994,Africa,,NGA,Nigeria,,,,,BTSX,Both sexes,,,,,,,,38.7 [34.4-45.1],38.74015,34.38196,45.05054,,,
7245,CHILDMORT5TO14,Mortality rate for 5-14 year-olds (probability of dying per 1000 children aged 5-14 years),https://www.who.int/data/gho/indicator-metadata-registry/imr-details/4802,,,,PUBLISHED,Published,,1995.0,1995,,AFR,1995,1995,Africa,,NGA,Nigeria,,,,,BTSX,Both sexes,,,,,,,,38.1 [33.9-44.2],38.05547,33.90009,44.18575,,,
7246,CHILDMORT5TO14,Mortality rate for 5-14 year-olds (probability of dying per 1000 children aged 5-14 years),https://www.who.int/data/gho/indicator-metadata-registry/imr-details/4802,,,,PUBLISHED,Published,,1996.0,1996,,AFR,1996,1996,Africa,,NGA,Nigeria,,,,,BTSX,Both sexes,,,,,,,,37.3 [33.4-43.0],37.28807,33.36196,42.956,,,
7247,CHILDMORT5TO14,Mortality rate for 5-14 year-olds (probability of dying per 1000 children aged 5-14 years),https://www.who.int/data/gho/indicator-metadata-registry/imr-details/4802,,,,PUBLISHED,Published,,1997.0,1997,,AFR,1997,1997,Africa,,NGA,Nigeria,,,,,BTSX,Both sexes,,,,,,,,36.4 [32.7-41.6],36.44012,32.67226,41.62671,,,
7248,CHILDMORT5TO14,Mortality rate for 5-14 year-olds (probability of dying per 1000 children aged 5-14 years),https://www.who.int/data/gho/indicator-metadata-registry/imr-details/4802,,,,PUBLISHED,Published,,2010.0,2010,,AFR,2010,2010,Africa,,NGA,Nigeria,,,,,BTSX,Both sexes,,,,,,,,25.2 [20.9-29.9],25.15398,20.91109,29.93916,,,
7249,CHILDMORT5TO14,Mortality rate for 5-14 year-olds (probability of dying per 1000 children aged 5-14 years),https://www.who.int/data/gho/indicator-metadata-registry/imr-details/4802,,,,PUBLISHED,Published,,2011.0,2011,,AFR,2011,2011,Africa,,NGA,Nigeria,,,,,BTSX,Both sexes,,,,,,,,24.4 [19.8-29.6],24.44711,19.84612,29.58151,,,
7250,CHILDMORT5TO14,Mortality rate for 5-14 year-olds (probability of dying per 1000 children aged 5-14 years),https://www.who.int/data/gho/indicator-metadata-registry/imr-details/4802,,,,PUBLISHED,Published,,2012.0,2012,,AFR,2012,2012,Africa,,NGA,Nigeria,,,,,BTSX,Both sexes,,,,,,,,23.8 [18.8-29.4],23.79746,18.79923,29.3574,,,
7251,CHILDMORT5TO14,Mortality rate for 5-14 year-olds (probability of dying per 1000 children aged 5-14 years),https://www.who.int/data/gho/indicator-metadata-registry/imr-details/4802,,,,PUBLISHED,Published,,2013.0,2013,,AFR,2013,2013,Africa,,NGA,Nigeria,,,,,BTSX,Both sexes,,,,,,,,23.1 [17.8-29.1],23.12024,17.76617,29.08321,,,
7252,CM_01,Number of under-five deaths (thousands),https://www.who.int/data/gho/indicator-metadata-registry/imr-details/2712,,,,PUBLISHED,Published,,2018.0,2018,,AFR,2018,2018,Africa,,NGA,Nigeria,,,,,MLE,Male,,,,,,,,470363,470363.00000,,,,,
7253,CM_01,Number of under-five deaths (thousands),https://www.who.int/data/gho/indicator-metadata-registry/imr-details/2712,,,,PUBLISHED,Published,,2017.0,2017,,AFR,2017,2017,Africa,,NGA,Nigeria,,,,,BTSX,Both sexes,,,,,,,,869716,869716.00000,,,,,
7254,CM_01,Number of under-five deaths (thousands),https://www.who.int/data/gho/indicator-metadata-registry/imr-details/2712,,,,PUBLISHED,Published,,2017.0,2017,,AFR,2017,2017,Africa,,NGA,Nigeria,,,,,FMLE,Female,,,,,,,,397649,397649.00000,,,,,
7255,CM_01,Number of under-five deaths (thousands),https://www.who.int/data/gho/indicator-metadata-registry/imr-details/2712,,,,PUBLISHED,Published,,2017.0,2017,,AFR,2017,2017,Africa,,NGA,Nigeria,,,,,MLE,Male,,,,,,,,472067,472067.00000,,,,,
7256,CM_01,Number of under-five deaths (thousands),https://www.who.int/data/gho/indicator-metadata-registry/imr-details/2712,,,,PUBLISHED,Published,,2012.0,2012,,AFR,2012,2012,Africa,,NGA,Nigeria,,,,,FMLE,Female,,,,,,,,391826,391826.00000,,,,,
7257,CM_01,Number of under-five deaths (thousands),https://www.who.int/data/gho/indicator-metadata-registry/imr-details/2712,,,,PUBLISHED,Published,,2012.0,2012,,AFR,2012,2012,Africa,,NGA,Nigeria,,,,,MLE,Male,,,,,,,,464850,464850.00000,,,,,
7258,CM_01,Number of under-five deaths (thousands),https://www.who.int/data/gho/indicator-metadata-registry/imr-details/2712,,,,PUBLISHED,Published,,2011.0,2011,,AFR,2011,2011,Africa,,NGA,Nigeria,,,,,BTSX,Both sexes,,,,,,,,853357,853357.00000,,,,,
7259,CM_01,Number of under-five deaths (thousands),https://www.who.int/data/gho/indicator-metadata-registry/imr-details/2712,,,,PUBLISHED,Published,,2011.0,2011,,AFR,2011,2011,Africa,,NGA,Nigeria,,,,,FMLE,Female,,,,,,,,390436,390436.00000,,,,,
7260,CM_01,Number of under-five deaths (thousands),https://www.who.int/data/gho/indicator-metadata-registry/imr-details/2712,,,,PUBLISHED,Published,,2007.0,2007,,AFR,2007,2007,Africa,,NGA,Nigeria,,,,,MLE,Male,,,,,,,,468405,468405.00000,,,,,
7261,CM_01,Number of under-five deaths (thousands),https://www.who.int/data/gho/indicator-metadata-registry/imr-details/2712,,,,PUBLISHED,Published,,2006.0,2006,,AFR,2006,2006,Africa,,NGA,Nigeria,,,,,BTSX,Both sexes,,,,,,,,873660,873660.00000,,,,,
7262,CM_01,Number of under-five deaths (thousands),https://www.who.int/data/gho/indicator-metadata-registry/imr-details/2712,,,,PUBLISHED,Published,,2006.0,2006,,AFR,2006,2006,Africa,,NGA,Nigeria,,,,,FMLE,Female,,,,,,,,400516,400516.00000,,,,,
7263,CM_01,Number of under-five deaths (thousands),https://www.who.int/data/gho/indicator-metadata-registry/imr-details/2712,,,,PUBLISHED,Published,,2006.0,2006,,AFR,2006,2006,Africa,,NGA,Nigeria,,,,,MLE,Male,,,,,,,,473144,473144.00000,,,,,
7264,CM_01,Number of under-five deaths (thousands),https://www.who.int/data/gho/indicator-metadata-registry/imr-details/2712,,,,PUBLISHED,Published,,2005.0,2005,,AFR,2005,2005,Africa,,NGA,Nigeria,,,,,BTSX,Both sexes,,,,,,,,883556,883556.00000,,,,,
7265,CM_01,Number of under-five deaths (thousands),https://www.who.int/data/gho/indicator-metadata-registry/imr-details/2712,,,,PUBLISHED,Published,,2001.0,2001,,AFR,2001,2001,Africa,,NGA,Nigeria,,,,,FMLE,Female,,,,,,,,426221,426221.00000,,,,,
7266,CM_01,Number of under-five deaths (thousands),https://www.who.int/data/gho/indicator-metadata-registry/imr-details/2712,,,,PUBLISHED,Published,,2001.0,2001,,AFR,2001,2001,Africa,,NGA,Nigeria,,,,,MLE,Male,,,,,,,,496795,496795.00000,,,,,
7267,CM_01,Number of under-five deaths (thousands),https://www.who.int/data/gho/indicator-metadata-registry/imr-details/2712,,,,PUBLISHED,Published,,2000.0,2000,,AFR,2000,2000,Africa,,NGA,Nigeria,,,,,BTSX,Both sexes,,,,,,,,929473,929473.00000,,,,,
7268,CM_01,Number of under-five deaths (thousands),https://www.who.int/data/gho/indicator-metadata-registry/imr-details/2712,,,,PUBLISHED,Published,,2000.0,2000,,AFR,2000,2000,Africa,,NGA,Nigeria,,,,,FMLE,Female,,,,,,,,429606,429606.00000,,,,,
7269,CM_01,Number of under-five deaths (thousands),https://www.who.int/data/gho/indicator-metadata-registry/imr-details/2712,,,,PUBLISHED,Published,,1995.0,1995,,AFR,1995,1995,Africa,,NGA,Nigeria,,,,,BTSX,Both sexes,,,,,,,,923627,923627.00000,,,,,
7270,CM_01,Number of under-five deaths (thousands),https://www.who.int/data/gho/indicator-metadata-registry/imr-details/2712,,,,PUBLISHED,Published,,1995.0,1995,,AFR,1995,1995,Africa,,NGA,Nigeria,,,,,FMLE,Female,,,,,,,,427166,427166.00000,,,,,
7271,CM_01,Number of under-five deaths (thousands),https://www.who.int/data/gho/indicator-metadata-registry/imr-details/2712,,,,PUBLISHED,Published,,1995.0,1995,,AFR,1995,1995,Africa,,NGA,Nigeria,,,,,MLE,Male,,,,,,,,496461,496461.00000,,,,,
7272,CM_01,Number of under-five deaths (thousands),https://www.who.int/data/gho/indicator-metadata-registry/imr-details/2712,,,,PUBLISHED,Published,,1994.0,1994,,AFR,1994,1994,Africa,,NGA,Nigeria,,,,,BTSX,Both sexes,,,,,,,,911987,911987.00000,,,,,
7273,CM_01,Number of under-five deaths (thousands),https://www.who.int/data/gho/indicator-metadata-registry/imr-details/2712,,,,PUBLISHED,Published,,1990.0,1990,,AFR,1990,1990,Africa,,NGA,Nigeria,,,,,MLE,Male,,,,,,,,459888,459888.00000,,,,,
7274,CM_01,Number of under-five deaths (thousands),https://www.who.int/data/gho/indicator-metadata-registry/imr-details/2712,,,,PUBLISHED,Published,,1989.0,1989,,AFR,1989,1989,Africa,,NGA,Nigeria,,,,,BTSX,Both sexes,,,,,,,,837297,837297.00000,,,,,
7275,CM_01,Number of under-five deaths (thousands),https://www.who.int/data/gho/indicator-metadata-registry/imr-details/2712,,,,PUBLISHED,Published,,1989.0,1989,,AFR,1989,1989,Africa,,NGA,Nigeria,,,,,FMLE,Female,,,,,,,,385985,385985.00000,,,,,
7276,CM_01,Number of under-five deaths (thousands),https://www.who.int/data/gho/indicator-metadata-registry/imr-details/2712,,,,PUBLISHED,Published,,1989.0,1989,,AFR,1989,1989,Africa,,NGA,Nigeria,,,,,MLE,Male,,,,,,,,451312,451312.00000,,,,,
7277,CM_01,Number of under-five deaths (thousands),https://www.who.int/data/gho/indicator-metadata-registry/imr-details/2712,,,,PUBLISHED,Published,,1984.0,1984,,AFR,1984,1984,Africa,,NGA,Nigeria,,,,,BTSX,Both sexes,,,,,,,,744895,744895.00000,,,,,
7278,CM_01,Number of under-five deaths (thousands),https://www.who.int/data/gho/indicator-metadata-registry/imr-details/2712,,,,PUBLISHED,Published,,1984.0,1984,,AFR,1984,1984,Africa,,NGA,Nigeria,,,,,FMLE,Female,,,,,,,,343668,343668.00000,,,,,
7279,CM_01,Number of under-five deaths (thousands),https://www.who.int/data/gho/indicator-metadata-registry/imr-details/2712,,,,PUBLISHED,Published,,1984.0,1984,,AFR,1984,1984,Africa,,NGA,Nigeria,,,,,MLE,Male,,,,,,,,401227,401227.00000,,,,,
7280,CM_01,Number of under-five deaths (thousands),https://www.who.int/data/gho/indicator-metadata-registry/imr-details/2712,,,,PUBLISHED,Published,,1983.0,1983,,AFR,1983,1983,Africa,,NGA,Nigeria,,,,,BTSX,Both sexes,,,,,,,,728063,728063.00000,,,,,
7281,CM_01,Number of under-five deaths (thousands),https://www.who.int/data/gho/indicator-metadata-registry/imr-details/2712,,,,PUBLISHED,Published,,1983.0,1983,,AFR,1983,1983,Africa,,NGA,Nigeria,,,,,FMLE,Female,,,,,,,,336037,336037.00000,,,,,
7282,CM_01,Number of under-five deaths (thousands),https://www.who.int/data/gho/indicator-metadata-registry/imr-details/2712,,,,PUBLISHED,Published,,1979.0,1979,,AFR,1979,1979,Africa,,NGA,Nigeria,,,,,MLE,Male,,,,,,,,371019,371019.00000,,,,,
7283,CM_01,Number of under-five deaths (thousands),https://www.who.int/data/gho/indicator-metadata-registry/imr-details/2712,,,,PUBLISHED,Published,,1978.0,1978,,AFR,1978,1978,Africa,,NGA,Nigeria,,,,,BTSX,Both sexes,,,,,,,,686940,686940.00000,,,,,
7284,CM_01,Number of under-five deaths (thousands),https://www.who.int/data/gho/indicator-metadata-registry/imr-details/2712,,,,PUBLISHED,Published,,1978.0,1978,,AFR,1978,1978,Africa,,NGA,Nigeria,,,,,FMLE,Female,,,,,,,,317529,317529.00000,,,,,
7285,CM_01,Number of under-five deaths (thousands),https://www.who.int/data/gho/indicator-metadata-registry/imr-details/2712,,,,PUBLISHED,Published,,1978.0,1978,,AFR,1978,1978,Africa,,NGA,Nigeria,,,,,MLE,Male,,,,,,,,369411,369411.00000,,,,,
7286,CM_01,Number of under-five deaths (thousands),https://www.who.int/data/gho/indicator-metadata-registry/imr-details/2712,,,,PUBLISHED,Published,,1973.0,1973,,AFR,1973,1973,Africa,,NGA,Nigeria,,,,,FMLE,Female,,,,,,,,321112,321112.00000,,,,,
7287,CM_01,Number of under-five deaths (thousands),https://www.who.int/data/gho/indicator-metadata-registry/imr-details/2712,,,,PUBLISHED,Published,,1973.0,1973,,AFR,1973,1973,Africa,,NGA,Nigeria,,,,,MLE,Male,,,,,,,,371337,371337.00000,,,,,
7288,CM_01,Number of under-five deaths (thousands),https://www.who.int/data/gho/indicator-metadata-registry/imr-details/2712,,,,PUBLISHED,Published,,1972.0,1972,,AFR,1972,1972,Africa,,NGA,Nigeria,,,,,BTSX,Both sexes,,,,,,,,694166,694166.00000,,,,,
7289,CM_01,Number of under-five deaths (thousands),https://www.who.int/data/gho/indicator-metadata-registry/imr-details/2712,,,,PUBLISHED,Published,,1972.0,1972,,AFR,1972,1972,Africa,,NGA,Nigeria,,,,,FMLE,Female,,,,,,,,321939,321939.00000,,,,,
7290,CM_02,Number of infant deaths (thousands),https://www.who.int/data/gho/indicator-metadata-registry/imr-details/2711,,,,PUBLISHED,Published,,2017.0,2017,,AFR,2017,2017,Africa,,NGA,Nigeria,,,,,FMLE,Female,,,,,,,,243150,243150.00000,,,,,
7291,CM_02,Number of infant deaths (thousands),https://www.who.int/data/gho/indicator-metadata-registry/imr-details/2711,,,,PUBLISHED,Published,,2017.0,2017,,AFR,2017,2017,Africa,,NGA,Nigeria,,,,,MLE,Male,,,,,,,,309831,309831.00000,,,,,
7292,CM_02,Number of infant deaths (thousands),https://www.who.int/data/gho/indicator-metadata-registry/imr-details/2711,,,,PUBLISHED,Published,,2016.0,2016,,AFR,2016,2016,Africa,,NGA,Nigeria,,,,,BTSX,Both sexes,,,,,,,,552485,552485.00000,,,,,
7293,CM_02,Number of infant deaths (thousands),https://www.who.int/data/gho/indicator-metadata-registry/imr-details/2711,,,,PUBLISHED,Published,,2016.0,2016,,AFR,2016,2016,Africa,,NGA,Nigeria,,,,,FMLE,Female,,,,,,,,243103,243103.00000,,,,,
7294,CM_02,Number of infant deaths (thousands),https://www.who.int/data/gho/indicator-metadata-registry/imr-details/2711,,,,PUBLISHED,Published,,2011.0,2011,,AFR,2011,2011,Africa,,NGA,Nigeria,,,,,BTSX,Both sexes,,,,,,,,540685,540685.00000,,,,,
7295,CM_02,Number of infant deaths (thousands),https://www.who.int/data/gho/indicator-metadata-registry/imr-details/2711,,,,PUBLISHED,Published,,2011.0,2011,,AFR,2011,2011,Africa,,NGA,Nigeria,,,,,FMLE,Female,,,,,,,,238050,238050.00000,,,,,
7296,CM_02,Number of infant deaths (thousands),https://www.who.int/data/gho/indicator-metadata-registry/imr-details/2711,,,,PUBLISHED,Published,,2011.0,2011,,AFR,2011,2011,Africa,,NGA,Nigeria,,,,,MLE,Male,,,,,,,,302635,302635.00000,,,,,
7297,CM_02,Number of infant deaths (thousands),https://www.who.int/data/gho/indicator-metadata-registry/imr-details/2711,,,,PUBLISHED,Published,,2010.0,2010,,AFR,2010,2010,Africa,,NGA,Nigeria,,,,,BTSX,Both sexes,,,,,,,,539637,539637.00000,,,,,
7298,CM_02,Number of infant deaths (thousands),https://www.who.int/data/gho/indicator-metadata-registry/imr-details/2711,,,,PUBLISHED,Published,,2006.0,2006,,AFR,2006,2006,Africa,,NGA,Nigeria,,,,,MLE,Male,,,,,,,,306079,306079.00000,,,,,
7299,CM_02,Number of infant deaths (thousands),https://www.who.int/data/gho/indicator-metadata-registry/imr-details/2711,,,,PUBLISHED,Published,,2005.0,2005,,AFR,2005,2005,Africa,,NGA,Nigeria,,,,,BTSX,Both sexes,,,,,,,,551128,551128.00000,,,,,
7300,CM_02,Number of infant deaths (thousands),https://www.who.int/data/gho/indicator-metadata-registry/imr-details/2711,,,,PUBLISHED,Published,,2005.0,2005,,AFR,2005,2005,Africa,,NGA,Nigeria,,,,,FMLE,Female,,,,,,,,243072,243072.00000,,,,,
7301,CM_02,Number of infant deaths (thousands),https://www.who.int/data/gho/indicator-metadata-registry/imr-details/2711,,,,PUBLISHED,Published,,2005.0,2005,,AFR,2005,2005,Africa,,NGA,Nigeria,,,,,MLE,Male,,,,,,,,308056,308056.00000,,,,,
7302,CM_02,Number of infant deaths (thousands),https://www.who.int/data/gho/indicator-metadata-registry/imr-details/2711,,,,PUBLISHED,Published,,2000.0,2000,,AFR,2000,2000,Africa,,NGA,Nigeria,,,,,BTSX,Both sexes,,,,,,,,568662,568662.00000,,,,,
7303,CM_02,Number of infant deaths (thousands),https://www.who.int/data/gho/indicator-metadata-registry/imr-details/2711,,,,PUBLISHED,Published,,2000.0,2000,,AFR,2000,2000,Africa,,NGA,Nigeria,,,,,FMLE,Female,,,,,,,,253447,253447.00000,,,,,
7304,CM_02,Number of infant deaths (thousands),https://www.who.int/data/gho/indicator-metadata-registry/imr-details/2711,,,,PUBLISHED,Published,,2000.0,2000,,AFR,2000,2000,Africa,,NGA,Nigeria,,,,,MLE,Male,,,,,,,,315215,315215.00000,,,,,
7305,CM_02,Number of infant deaths (thousands),https://www.who.int/data/gho/indicator-metadata-registry/imr-details/2711,,,,PUBLISHED,Published,,1999.0,1999,,AFR,1999,1999,Africa,,NGA,Nigeria,,,,,BTSX,Both sexes,,,,,,,,569264,569264.00000,,,,,
7306,CM_02,Number of infant deaths (thousands),https://www.who.int/data/gho/indicator-metadata-registry/imr-details/2711,,,,PUBLISHED,Published,,1999.0,1999,,AFR,1999,1999,Africa,,NGA,Nigeria,,,,,FMLE,Female,,,,,,,,253748,253748.00000,,,,,
7307,CM_02,Number of infant deaths (thousands),https://www.who.int/data/gho/indicator-metadata-registry/imr-details/2711,,,,PUBLISHED,Published,,1995.0,1995,,AFR,1995,1995,Africa,,NGA,Nigeria,,,,,MLE,Male,,,,,,,,308476,308476.00000,,,,,
7308,CM_02,Number of infant deaths (thousands),https://www.who.int/data/gho/indicator-metadata-registry/imr-details/2711,,,,PUBLISHED,Published,,1994.0,1994,,AFR,1994,1994,Africa,,NGA,Nigeria,,,,,BTSX,Both sexes,,,,,,,,548978,548978.00000,,,,,
7309,CM_02,Number of infant deaths (thousands),https://www.who.int/data/gho/indicator-metadata-registry/imr-details/2711,,,,PUBLISHED,Published,,1994.0,1994,,AFR,1994,1994,Africa,,NGA,Nigeria,,,,,FMLE,Female,,,,,,,,244755,244755.00000,,,,,
7310,CM_02,Number of infant deaths (thousands),https://www.who.int/data/gho/indicator-metadata-registry/imr-details/2711,,,,PUBLISHED,Published,,1994.0,1994,,AFR,1994,1994,Africa,,NGA,Nigeria,,,,,MLE,Male,,,,,,,,304223,304223.00000,,,,,
7311,CM_02,Number of infant deaths (thousands),https://www.who.int/data/gho/indicator-metadata-registry/imr-details/2711,,,,PUBLISHED,Published,,1989.0,1989,,AFR,1989,1989,Africa,,NGA,Nigeria,,,,,FMLE,Female,,,,,,,,223829,223829.00000,,,,,
7312,CM_02,Number of infant deaths (thousands),https://www.who.int/data/gho/indicator-metadata-registry/imr-details/2711,,,,PUBLISHED,Published,,1989.0,1989,,AFR,1989,1989,Africa,,NGA,Nigeria,,,,,MLE,Male,,,,,,,,278105,278105.00000,,,,,
7313,CM_02,Number of infant deaths (thousands),https://www.who.int/data/gho/indicator-metadata-registry/imr-details/2711,,,,PUBLISHED,Published,,1988.0,1988,,AFR,1988,1988,Africa,,NGA,Nigeria,,,,,BTSX,Both sexes,,,,,,,,491648,491648.00000,,,,,
7314,CM_02,Number of infant deaths (thousands),https://www.who.int/data/gho/indicator-metadata-registry/imr-details/2711,,,,PUBLISHED,Published,,1988.0,1988,,AFR,1988,1988,Africa,,NGA,Nigeria,,,,,FMLE,Female,,,,,,,,219283,219283.00000,,,,,
7315,CM_02,Number of infant deaths (thousands),https://www.who.int/data/gho/indicator-metadata-registry/imr-details/2711,,,,PUBLISHED,Published,,1984.0,1984,,AFR,1984,1984,Africa,,NGA,Nigeria,,,,,MLE,Male,,,,,,,,248100,248100.00000,,,,,
7316,CM_02,Number of infant deaths (thousands),https://www.who.int/data/gho/indicator-metadata-registry/imr-details/2711,,,,PUBLISHED,Published,,1983.0,1983,,AFR,1983,1983,Africa,,NGA,Nigeria,,,,,BTSX,Both sexes,,,,,,,,439147,439147.00000,,,,,
7317,CM_02,Number of infant deaths (thousands),https://www.who.int/data/gho/indicator-metadata-registry/imr-details/2711,,,,PUBLISHED,Published,,1983.0,1983,,AFR,1983,1983,Africa,,NGA,Nigeria,,,,,FMLE,Female,,,,,,,,196410,196410.00000,,,,,
7318,CM_02,Number of infant deaths (thousands),https://www.who.int/data/gho/indicator-metadata-registry/imr-details/2711,,,,PUBLISHED,Published,,1983.0,1983,,AFR,1983,1983,Africa,,NGA,Nigeria,,,,,MLE,Male,,,,,,,,242737,242737.00000,,,,,
7319,CM_02,Number of infant deaths (thousands),https://www.who.int/data/gho/indicator-metadata-registry/imr-details/2711,,,,PUBLISHED,Published,,1982.0,1982,,AFR,1982,1982,Africa,,NGA,Nigeria,,,,,BTSX,Both sexes,,,,,,,,431233,431233.00000,,,,,
7320,CM_02,Number of infant deaths (thousands),https://www.who.int/data/gho/indicator-metadata-registry/imr-details/2711,,,,PUBLISHED,Published,,1978.0,1978,,AFR,1978,1978,Africa,,NGA,Nigeria,,,,,FMLE,Female,,,,,,,,186398,186398.00000,,,,,
7321,CM_02,Number of infant deaths (thousands),https://www.who.int/data/gho/indicator-metadata-registry/imr-details/2711,,,,PUBLISHED,Published,,1978.0,1978,,AFR,1978,1978,Africa,,NGA,Nigeria,,,,,MLE,Male,,,,,,,,229411,229411.00000,,,,,
7322,CM_02,Number of infant deaths (thousands),https://www.who.int/data/gho/indicator-metadata-registry/imr-details/2711,,,,PUBLISHED,Published,,1977.0,1977,,AFR,1977,1977,Africa,,NGA,Nigeria,,,,,BTSX,Both sexes,,,,,,,,415803,415803.00000,,,,,
7323,CM_02,Number of infant deaths (thousands),https://www.who.int/data/gho/indicator-metadata-registry/imr-details/2711,,,,PUBLISHED,Published,,1977.0,1977,,AFR,1977,1977,Africa,,NGA,Nigeria,,,,,FMLE,Female,,,,,,,,186452,186452.00000,,,,,
7324,CM_02,Number of infant deaths (thousands),https://www.who.int/data/gho/indicator-metadata-registry/imr-details/2711,,,,PUBLISHED,Published,,1972.0,1972,,AFR,1972,1972,Africa,,NGA,Nigeria,,,,,BTSX,Both sexes,,,,,,,,420599,420599.00000,,,,,
7325,CM_02,Number of infant deaths (thousands),https://www.who.int/data/gho/indicator-metadata-registry/imr-details/2711,,,,PUBLISHED,Published,,1972.0,1972,,AFR,1972,1972,Africa,,NGA,Nigeria,,,,,FMLE,Female,,,,,,,,189119,189119.00000,,,,,
7326,CM_02,Number of infant deaths (thousands),https://www.who.int/data/gho/indicator-metadata-registry/imr-details/2711,,,,PUBLISHED,Published,,1972.0,1972,,AFR,1972,1972,Africa,,NGA,Nigeria,,,,,MLE,Male,,,,,,,,231480,231480.00000,,,,,
7327,CM_02,Number of infant deaths (thousands),https://www.who.int/data/gho/indicator-metadata-registry/imr-details/2711,,,,PUBLISHED,Published,,1971.0,1971,,AFR,1971,1971,Africa,,NGA,Nigeria,,,,,BTSX,Both sexes,,,,,,,,421234,421234.00000,,,,,
7328,CM_02,Number of infant deaths (thousands),https://www.who.int/data/gho/indicator-metadata-registry/imr-details/2711,,,,PUBLISHED,Published,,1967.0,1967,,AFR,1967,1967,Africa,,NGA,Nigeria,,,,,MLE,Male,,,,,,,,231532,231532.00000,,,,,
7329,CM_02,Number of infant deaths (thousands),https://www.who.int/data/gho/indicator-metadata-registry/imr-details/2711,,,,PUBLISHED,Published,,1966.0,1966,,AFR,1966,1966,Africa,,NGA,Nigeria,,,,,BTSX,Both sexes,,,,,,,,420871,420871.00000,,,,,
7330,CM_02,Number of infant deaths (thousands),https://www.who.int/data/gho/indicator-metadata-registry/imr-details/2711,,,,PUBLISHED,Published,,1966.0,1966,,AFR,1966,1966,Africa,,NGA,Nigeria,,,,,FMLE,Female,,,,,,,,189467,189467.00000,,,,,
7331,CM_02,Number of infant deaths (thousands),https://www.who.int/data/gho/indicator-metadata-registry/imr-details/2711,,,,PUBLISHED,Published,,1966.0,1966,,AFR,1966,1966,Africa,,NGA,Nigeria,,,,,MLE,Male,,,,,,,,231404,231404.00000,,,,,
7332,CM_03,Number of neonatal deaths (thousands),https://www.who.int/data/gho/indicator-metadata-registry/imr-details/2714,,,,PUBLISHED,Published,,2007.0,2007,,AFR,2007,2007,Africa,,NGA,Nigeria,,,,,BTSX,Both sexes,,,,,,,,246835,246835.00000,,,,,
7333,CM_03,Number of neonatal deaths (thousands),https://www.who.int/data/gho/indicator-metadata-registry/imr-details/2714,,,,PUBLISHED,Published,,2006.0,2006,,AFR,2006,2006,Africa,,NGA,Nigeria,,,,,BTSX,Both sexes,,,,,,,,246573,246573.00000,,,,,
7334,CM_03,Number of neonatal deaths (thousands),https://www.who.int/data/gho/indicator-metadata-registry/imr-details/2714,,,,PUBLISHED,Published,,2005.0,2005,,AFR,2005,2005,Africa,,NGA,Nigeria,,,,,BTSX,Both sexes,,,,,,,,246964,246964.00000,,,,,
7335,CM_03,Number of neonatal deaths (thousands),https://www.who.int/data/gho/indicator-metadata-registry/imr-details/2714,,,,PUBLISHED,Published,,2004.0,2004,,AFR,2004,2004,Africa,,NGA,Nigeria,,,,,BTSX,Both sexes,,,,,,,,247981,247981.00000,,,,,
7336,CM_03,Number of neonatal deaths (thousands),https://www.who.int/data/gho/indicator-metadata-registry/imr-details/2714,,,,PUBLISHED,Published,,1990.0,1990,,AFR,1990,1990,Africa,,NGA,Nigeria,,,,,BTSX,Both sexes,,,,,,,,210771,210771.00000,,,,,
7337,CM_03,Number of neonatal deaths (thousands),https://www.who.int/data/gho/indicator-metadata-registry/imr-details/2714,,,,PUBLISHED,Published,,1989.0,1989,,AFR,1989,1989,Africa,,NGA,Nigeria,,,,,BTSX,Both sexes,,,,,,,,205869,205869.00000,,,,,
7338,CM_03,Number of neonatal deaths (thousands),https://www.who.int/data/gho/indicator-metadata-registry/imr-details/2714,,,,PUBLISHED,Published,,1988.0,1988,,AFR,1988,1988,Africa,,NGA,Nigeria,,,,,BTSX,Both sexes,,,,,,,,201596,201596.00000,,,,,
7339,CM_03,Number of neonatal deaths (thousands),https://www.who.int/data/gho/indicator-metadata-registry/imr-details/2714,,,,PUBLISHED,Published,,1987.0,1987,,AFR,1987,1987,Africa,,NGA,Nigeria,,,,,BTSX,Both sexes,,,,,,,,197699,197699.00000,,,,,
7340,CM_03,Number of neonatal deaths (thousands),https://www.who.int/data/gho/indicator-metadata-registry/imr-details/2714,,,,PUBLISHED,Published,,1973.0,1973,,AFR,1973,1973,Africa,,NGA,Nigeria,,,,,BTSX,Both sexes,,,,,,,,179047,179047.00000,,,,,
7341,CM_03,Number of neonatal deaths (thousands),https://www.who.int/data/gho/indicator-metadata-registry/imr-details/2714,,,,PUBLISHED,Published,,1972.0,1972,,AFR,1972,1972,Africa,,NGA,Nigeria,,,,,BTSX,Both sexes,,,,,,,,177616,177616.00000,,,,,
7342,CM_03,Number of neonatal deaths (thousands),https://www.who.int/data/gho/indicator-metadata-registry/imr-details/2714,,,,PUBLISHED,Published,,1971.0,1971,,AFR,1971,1971,Africa,,NGA,Nigeria,,,,,BTSX,Both sexes,,,,,,,,175940,175940.00000,,,,,
7343,CM_03,Number of neonatal deaths (thousands),https://www.who.int/data/gho/indicator-metadata-registry/imr-details/2714,,,,PUBLISHED,Published,,1970.0,1970,,AFR,1970,1970,Africa,,NGA,Nigeria,,,,,BTSX,Both sexes,,,,,,,,174176,174176.00000,,,,,
7344,MDG_0000000001,Infant mortality rate (probability of dying between birth and age 1 per 1000 live births),https://www.who.int/data/gho/indicator-metadata-registry/imr-details/1,,,,PUBLISHED,Published,,2015.0,2015,,AFR,2015,2015,Africa,,NGA,Nigeria,,,,,FMLE,Female,,,,,,,,71.2,71.22855,,,,,
7345,MDG_0000000001,Infant mortality rate (probability of dying between birth and age 1 per 1000 live births),https://www.who.int/data/gho/indicator-metadata-registry/imr-details/1,,,,PUBLISHED,Published,,2015.0,2015,,AFR,2015,2015,Africa,,NGA,Nigeria,,,,,MLE,Male,,,,,,,,85.9,85.91454,,,,,
7346,MDG_0000000001,Infant mortality rate (probability of dying between birth and age 1 per 1000 live births),https://www.who.int/data/gho/indicator-metadata-registry/imr-details/1,,,,PUBLISHED,Published,,2014.0,2014,,AFR,2014,2014,Africa,,NGA,Nigeria,,,,,BTSX,Both sexes,,,,,,,,79.6,79.55886,,,,,
7347,MDG_0000000001,Infant mortality rate (probability of dying between birth and age 1 per 1000 live births),https://www.who.int/data/gho/indicator-metadata-registry/imr-details/1,,,,PUBLISHED,Published,,2014.0,2014,,AFR,2014,2014,Africa,,NGA,Nigeria,,,,,FMLE,Female,,,,,,,,72,72.03639,,,,,
7348,MDG_0000000001,Infant mortality rate (probability of dying between birth and age 1 per 1000 live births),https://www.who.int/data/gho/indicator-metadata-registry/imr-details/1,,,,PUBLISHED,Published,,2010.0,2010,,AFR,2010,2010,Africa,,NGA,Nigeria,,,,,MLE,Male,,,,,,,,91.7,91.71854,,,,,
7349,MDG_0000000001,Infant mortality rate (probability of dying between birth and age 1 per 1000 live births),https://www.who.int/data/gho/indicator-metadata-registry/imr-details/1,,,,PUBLISHED,Published,,2009.0,2009,,AFR,2009,2009,Africa,,NGA,Nigeria,,,,,BTSX,Both sexes,,,,,,,,85.9,85.86673,,,,,
7350,MDG_0000000001,Infant mortality rate (probability of dying between birth and age 1 per 1000 live births),https://www.who.int/data/gho/indicator-metadata-registry/imr-details/1,,,,PUBLISHED,Published,,2009.0,2009,,AFR,2009,2009,Africa,,NGA,Nigeria,,,,,FMLE,Female,,,,,,,,77.7,77.73269,,,,,
7351,MDG_0000000001,Infant mortality rate (probability of dying between birth and age 1 per 1000 live births),https://www.who.int/data/gho/indicator-metadata-registry/imr-details/1,,,,PUBLISHED,Published,,2009.0,2009,,AFR,2009,2009,Africa,,NGA,Nigeria,,,,,MLE,Male,,,,,,,,93.6,93.61044,,,,,
7352,MDG_0000000001,Infant mortality rate (probability of dying between birth and age 1 per 1000 live births),https://www.who.int/data/gho/indicator-metadata-registry/imr-details/1,,,,PUBLISHED,Published,,2008.0,2008,,AFR,2008,2008,Africa,,NGA,Nigeria,,,,,BTSX,Both sexes,,,,,,,,87.9,87.88430,,,,,
7353,MDG_0000000001,Infant mortality rate (probability of dying between birth and age 1 per 1000 live births),https://www.who.int/data/gho/indicator-metadata-registry/imr-details/1,,,,PUBLISHED,Published,,2004.0,2004,,AFR,2004,2004,Africa,,NGA,Nigeria,,,,,FMLE,Female,,,,,,,,89.6,89.55992,,,,,
7354,MDG_0000000001,Infant mortality rate (probability of dying between birth and age 1 per 1000 live births),https://www.who.int/data/gho/indicator-metadata-registry/imr-details/1,,,,PUBLISHED,Published,,2004.0,2004,,AFR,2004,2004,Africa,,NGA,Nigeria,,,,,MLE,Male,,,,,,,,107.2,107.20647,,,,,
7355,MDG_0000000001,Infant mortality rate (probability of dying between birth and age 1 per 1000 live births),https://www.who.int/data/gho/indicator-metadata-registry/imr-details/1,,,,PUBLISHED,Published,,2003.0,2003,,AFR,2003,2003,Africa,,NGA,Nigeria,,,,,BTSX,Both sexes,,,,,,,,101.6,101.64144,,,,,
7356,MDG_0000000001,Infant mortality rate (probability of dying between birth and age 1 per 1000 live births),https://www.who.int/data/gho/indicator-metadata-registry/imr-details/1,,,,PUBLISHED,Published,,2003.0,2003,,AFR,2003,2003,Africa,,NGA,Nigeria,,,,,FMLE,Female,,,,,,,,92.6,92.62560,,,,,
7357,MDG_0000000001,Infant mortality rate (probability of dying between birth and age 1 per 1000 live births),https://www.who.int/data/gho/indicator-metadata-registry/imr-details/1,,,,PUBLISHED,Published,,1998.0,1998,,AFR,1998,1998,Africa,,NGA,Nigeria,,,,,BTSX,Both sexes,,,,,,,,116.5,116.46240,,,,,
7358,MDG_0000000001,Infant mortality rate (probability of dying between birth and age 1 per 1000 live births),https://www.who.int/data/gho/indicator-metadata-registry/imr-details/1,,,,PUBLISHED,Published,,1998.0,1998,,AFR,1998,1998,Africa,,NGA,Nigeria,,,,,FMLE,Female,,,,,,,,106.7,106.70920,,,,,
7359,MDG_0000000001,Infant mortality rate (probability of dying between birth and age 1 per 1000 live births),https://www.who.int/data/gho/indicator-metadata-registry/imr-details/1,,,,PUBLISHED,Published,,1998.0,1998,,AFR,1998,1998,Africa,,NGA,Nigeria,,,,,MLE,Male,,,,,,,,125.8,125.80337,,,,,
7360,MDG_0000000001,Infant mortality rate (probability of dying between birth and age 1 per 1000 live births),https://www.who.int/data/gho/indicator-metadata-registry/imr-details/1,,,,PUBLISHED,Published,,1997.0,1997,,AFR,1997,1997,Africa,,NGA,Nigeria,,,,,BTSX,Both sexes,,,,,,,,118.9,118.88213,,,,,
7361,MDG_0000000001,Infant mortality rate (probability of dying between birth and age 1 per 1000 live births),https://www.who.int/data/gho/indicator-metadata-registry/imr-details/1,,,,PUBLISHED,Published,,1993.0,1993,,AFR,1993,1993,Africa,,NGA,Nigeria,,,,,FMLE,Female,,,,,,,,113.6,113.64555,,,,,
7362,MDG_0000000001,Infant mortality rate (probability of dying between birth and age 1 per 1000 live births),https://www.who.int/data/gho/indicator-metadata-registry/imr-details/1,,,,PUBLISHED,Published,,1993.0,1993,,AFR,1993,1993,Africa,,NGA,Nigeria,,,,,MLE,Male,,,,,,,,133.9,133.94418,,,,,
7363,MDG_0000000001,Infant mortality rate (probability of dying between birth and age 1 per 1000 live births),https://www.who.int/data/gho/indicator-metadata-registry/imr-details/1,,,,PUBLISHED,Published,,1992.0,1992,,AFR,1992,1992,Africa,,NGA,Nigeria,,,,,BTSX,Both sexes,,,,,,,,124.5,124.48955,,,,,
7364,MDG_0000000001,Infant mortality rate (probability of dying between birth and age 1 per 1000 live births),https://www.who.int/data/gho/indicator-metadata-registry/imr-details/1,,,,PUBLISHED,Published,,1992.0,1992,,AFR,1992,1992,Africa,,NGA,Nigeria,,,,,FMLE,Female,,,,,,,,113.9,113.89880,,,,,
7365,MDG_0000000001,Infant mortality rate (probability of dying between birth and age 1 per 1000 live births),https://www.who.int/data/gho/indicator-metadata-registry/imr-details/1,,,,PUBLISHED,Published,,1992.0,1992,,AFR,1992,1992,Africa,,NGA,Nigeria,,,,,MLE,Male,,,,,,,,134.6,134.56394,,,,,
7366,MDG_0000000001,Infant mortality rate (probability of dying between birth and age 1 per 1000 live births),https://www.who.int/data/gho/indicator-metadata-registry/imr-details/1,,,,PUBLISHED,Published,,1987.0,1987,,AFR,1987,1987,Africa,,NGA,Nigeria,,,,,BTSX,Both sexes,,,,,,,,124.7,124.66523,,,,,
7367,MDG_0000000001,Infant mortality rate (probability of dying between birth and age 1 per 1000 live births),https://www.who.int/data/gho/indicator-metadata-registry/imr-details/1,,,,PUBLISHED,Published,,1987.0,1987,,AFR,1987,1987,Africa,,NGA,Nigeria,,,,,FMLE,Female,,,,,,,,114.3,114.34405,,,,,
7368,MDG_0000000001,Infant mortality rate (probability of dying between birth and age 1 per 1000 live births),https://www.who.int/data/gho/indicator-metadata-registry/imr-details/1,,,,PUBLISHED,Published,,1987.0,1987,,AFR,1987,1987,Africa,,NGA,Nigeria,,,,,MLE,Male,,,,,,,,134.5,134.50826,,,,,
7369,MDG_0000000001,Infant mortality rate (probability of dying between birth and age 1 per 1000 live births),https://www.who.int/data/gho/indicator-metadata-registry/imr-details/1,,,,PUBLISHED,Published,,1986.0,1986,,AFR,1986,1986,Africa,,NGA,Nigeria,,,,,BTSX,Both sexes,,,,,,,,124.2,124.15094,,,,,
7370,MDG_0000000001,Infant mortality rate (probability of dying between birth and age 1 per 1000 live births),https://www.who.int/data/gho/indicator-metadata-registry/imr-details/1,,,,PUBLISHED,Published,,1982.0,1982,,AFR,1982,1982,Africa,,NGA,Nigeria,,,,,MLE,Male,,,,,,,,133,133.02584,,,,,
7371,MDG_0000000001,Infant mortality rate (probability of dying between birth and age 1 per 1000 live births),https://www.who.int/data/gho/indicator-metadata-registry/imr-details/1,,,,PUBLISHED,Published,,1981.0,1981,,AFR,1981,1981,Africa,,NGA,Nigeria,,,,,BTSX,Both sexes,,,,,,,,124.7,124.72810,,,,,
7372,MDG_0000000001,Infant mortality rate (probability of dying between birth and age 1 per 1000 live births),https://www.who.int/data/gho/indicator-metadata-registry/imr-details/1,,,,PUBLISHED,Published,,1981.0,1981,,AFR,1981,1981,Africa,,NGA,Nigeria,,,,,FMLE,Female,,,,,,,,114.9,114.90480,,,,,
7373,MDG_0000000001,Infant mortality rate (probability of dying between birth and age 1 per 1000 live births),https://www.who.int/data/gho/indicator-metadata-registry/imr-details/1,,,,PUBLISHED,Published,,1981.0,1981,,AFR,1981,1981,Africa,,NGA,Nigeria,,,,,MLE,Male,,,,,,,,134.1,134.12009,,,,,
7374,MDG_0000000001,Infant mortality rate (probability of dying between birth and age 1 per 1000 live births),https://www.who.int/data/gho/indicator-metadata-registry/imr-details/1,,,,PUBLISHED,Published,,1976.0,1976,,AFR,1976,1976,Africa,,NGA,Nigeria,,,,,FMLE,Female,,,,,,,,128.7,128.70393,,,,,
7375,MDG_0000000001,Infant mortality rate (probability of dying between birth and age 1 per 1000 live births),https://www.who.int/data/gho/indicator-metadata-registry/imr-details/1,,,,PUBLISHED,Published,,1976.0,1976,,AFR,1976,1976,Africa,,NGA,Nigeria,,,,,MLE,Male,,,,,,,,149.9,149.90491,,,,,
7376,MDG_0000000001,Infant mortality rate (probability of dying between birth and age 1 per 1000 live births),https://www.who.int/data/gho/indicator-metadata-registry/imr-details/1,,,,PUBLISHED,Published,,1975.0,1975,,AFR,1975,1975,Africa,,NGA,Nigeria,,,,,BTSX,Both sexes,,,,,,,,144.1,144.09382,,,,,
7377,MDG_0000000001,Infant mortality rate (probability of dying between birth and age 1 per 1000 live births),https://www.who.int/data/gho/indicator-metadata-registry/imr-details/1,,,,PUBLISHED,Published,,1975.0,1975,,AFR,1975,1975,Africa,,NGA,Nigeria,,,,,FMLE,Female,,,,,,,,132.9,132.92632,,,,,
7378,MDG_0000000001,Infant mortality rate (probability of dying between birth and age 1 per 1000 live births),https://www.who.int/data/gho/indicator-metadata-registry/imr-details/1,,,,PUBLISHED,Published,,1971.0,1971,,AFR,1971,1971,Africa,,NGA,Nigeria,,,,,MLE,Male,,,,,,,,176,176.01948,,,,,
7379,MDG_0000000001,Infant mortality rate (probability of dying between birth and age 1 per 1000 live births),https://www.who.int/data/gho/indicator-metadata-registry/imr-details/1,,,,PUBLISHED,Published,,1970.0,1970,,AFR,1970,1970,Africa,,NGA,Nigeria,,,,,BTSX,Both sexes,,,,,,,,169,169.04050,,,,,
7380,MDG_0000000001,Infant mortality rate (probability of dying between birth and age 1 per 1000 live births),https://www.who.int/data/gho/indicator-metadata-registry/imr-details/1,,,,PUBLISHED,Published,,1970.0,1970,,AFR,1970,1970,Africa,,NGA,Nigeria,,,,,FMLE,Female,,,,,,,,156.1,156.08656,,,,,
7381,MDG_0000000001,Infant mortality rate (probability of dying between birth and age 1 per 1000 live births),https://www.who.int/data/gho/indicator-metadata-registry/imr-details/1,,,,PUBLISHED,Published,,1970.0,1970,,AFR,1970,1970,Africa,,NGA,Nigeria,,,,,MLE,Male,,,,,,,,181.2,181.21210,,,,,
7382,MDG_0000000001,Infant mortality rate (probability of dying between birth and age 1 per 1000 live births),https://www.who.int/data/gho/indicator-metadata-registry/imr-details/1,,,,PUBLISHED,Published,,1969.0,1969,,AFR,1969,1969,Africa,,NGA,Nigeria,,,,,BTSX,Both sexes,,,,,,,,173.7,173.71729,,,,,
7383,MDG_0000000001,Infant mortality rate (probability of dying between birth and age 1 per 1000 live births),https://www.who.int/data/gho/indicator-metadata-registry/imr-details/1,,,,PUBLISHED,Published,,1965.0,1965,,AFR,1965,1965,Africa,,NGA,Nigeria,,,,,FMLE,Female,,,,,,,,176.5,176.47544,,,,,
7384,MDG_0000000001,Infant mortality rate (probability of dying between birth and age 1 per 1000 live births),https://www.who.int/data/gho/indicator-metadata-registry/imr-details/1,,,,PUBLISHED,Published,,1965.0,1965,,AFR,1965,1965,Africa,,NGA,Nigeria,,,,,MLE,Male,,,,,,,,204.5,204.45538,,,,,
7385,MDG_0000000001,Infant mortality rate (probability of dying between birth and age 1 per 1000 live births),https://www.who.int/data/gho/indicator-metadata-registry/imr-details/1,,,,PUBLISHED,Published,,1964.0,1964,,AFR,1964,1964,Africa,,NGA,Nigeria,,,,,BTSX,Both sexes,,,,,,,,195,194.99117,,,,,
7386,MDG_0000000001,Infant mortality rate (probability of dying between birth and age 1 per 1000 live births),https://www.who.int/data/gho/indicator-metadata-registry/imr-details/1,,,,PUBLISHED,Published,,1964.0,1964,,AFR,1964,1964,Africa,,NGA,Nigeria,,,,,FMLE,Female,,,,,,,,180.3,180.28078,,,,,
7387,MDG_0000000007,Under-five mortality rate (probability of dying by age 5 per 1000 live births),https://www.who.int/data/gho/indicator-metadata-registry/imr-details/7,,,,PUBLISHED,Published,,2018.0,2018,,AFR,2018,2018,Africa,,NGA,Nigeria,,,,,FMLE,Female,,,,,,,,112.8,112.79981,,,,,
7388,MDG_0000000007,Under-five mortality rate (probability of dying by age 5 per 1000 live births),https://www.who.int/data/gho/indicator-metadata-registry/imr-details/7,,,,PUBLISHED,Published,,2018.0,2018,,AFR,2018,2018,Africa,,NGA,Nigeria,,,,,MLE,Male,,,,,,,,126.7,126.69608,,,,,
7389,MDG_0000000007,Under-five mortality rate (probability of dying by age 5 per 1000 live births),https://www.who.int/data/gho/indicator-metadata-registry/imr-details/7,,,,PUBLISHED,Published,,2017.0,2017,,AFR,2017,2017,Africa,,NGA,Nigeria,,,,,BTSX,Both sexes,,,,,,,,122.1,122.09563,,,,,
7390,MDG_0000000007,Under-five mortality rate (probability of dying by age 5 per 1000 live births),https://www.who.int/data/gho/indicator-metadata-registry/imr-details/7,,,,PUBLISHED,Published,,2017.0,2017,,AFR,2017,2017,Africa,,NGA,Nigeria,,,,,FMLE,Female,,,,,,,,115,115.02094,,,,,
7391,MDG_0000000007,Under-five mortality rate (probability of dying by age 5 per 1000 live births),https://www.who.int/data/gho/indicator-metadata-registry/imr-details/7,,,,PUBLISHED,Published,,2012.0,2012,,AFR,2012,2012,Africa,,NGA,Nigeria,,,,,BTSX,Both sexes,,,,,,,,130.5,130.46711,,,,,
7392,MDG_0000000007,Under-five mortality rate (probability of dying by age 5 per 1000 live births),https://www.who.int/data/gho/indicator-metadata-registry/imr-details/7,,,,PUBLISHED,Published,,2012.0,2012,,AFR,2012,2012,Africa,,NGA,Nigeria,,,,,FMLE,Female,,,,,,,,122.8,122.84785,,,,,
7393,MDG_0000000007,Under-five mortality rate (probability of dying by age 5 per 1000 live births),https://www.who.int/data/gho/indicator-metadata-registry/imr-details/7,,,,PUBLISHED,Published,,2012.0,2012,,AFR,2012,2012,Africa,,NGA,Nigeria,,,,,MLE,Male,,,,,,,,137.7,137.65144,,,,,
7394,MDG_0000000007,Under-five mortality rate (probability of dying by age 5 per 1000 live births),https://www.who.int/data/gho/indicator-metadata-registry/imr-details/7,,,,PUBLISHED,Published,,2011.0,2011,,AFR,2011,2011,Africa,,NGA,Nigeria,,,,,BTSX,Both sexes,,,,,,,,132.5,132.53032,,,,,
7395,MDG_0000000007,Under-five mortality rate (probability of dying by age 5 per 1000 live births),https://www.who.int/data/gho/indicator-metadata-registry/imr-details/7,,,,PUBLISHED,Published,,2007.0,2007,,AFR,2007,2007,Africa,,NGA,Nigeria,,,,,FMLE,Female,,,,,,,,138.1,138.09648,,,,,
7396,MDG_0000000007,Under-five mortality rate (probability of dying by age 5 per 1000 live births),https://www.who.int/data/gho/indicator-metadata-registry/imr-details/7,,,,PUBLISHED,Published,,2007.0,2007,,AFR,2007,2007,Africa,,NGA,Nigeria,,,,,MLE,Male,,,,,,,,154.1,154.06113,,,,,
7397,MDG_0000000007,Under-five mortality rate (probability of dying by age 5 per 1000 live births),https://www.who.int/data/gho/indicator-metadata-registry/imr-details/7,,,,PUBLISHED,Published,,2006.0,2006,,AFR,2006,2006,Africa,,NGA,Nigeria,,,,,BTSX,Both sexes,,,,,,,,151.1,151.05514,,,,,
7398,MDG_0000000007,Under-five mortality rate (probability of dying by age 5 per 1000 live births),https://www.who.int/data/gho/indicator-metadata-registry/imr-details/7,,,,PUBLISHED,Published,,2006.0,2006,,AFR,2006,2006,Africa,,NGA,Nigeria,,,,,FMLE,Female,,,,,,,,142.6,142.61139,,,,,
7399,MDG_0000000007,Under-five mortality rate (probability of dying by age 5 per 1000 live births),https://www.who.int/data/gho/indicator-metadata-registry/imr-details/7,,,,PUBLISHED,Published,,2001.0,2001,,AFR,2001,2001,Africa,,NGA,Nigeria,,,,,BTSX,Both sexes,,,,,,,,179.2,179.19605,,,,,
7400,MDG_0000000007,Under-five mortality rate (probability of dying by age 5 per 1000 live births),https://www.who.int/data/gho/indicator-metadata-registry/imr-details/7,,,,PUBLISHED,Published,,2001.0,2001,,AFR,2001,2001,Africa,,NGA,Nigeria,,,,,FMLE,Female,,,,,,,,170.4,170.36411,,,,,
7401,MDG_0000000007,Under-five mortality rate (probability of dying by age 5 per 1000 live births),https://www.who.int/data/gho/indicator-metadata-registry/imr-details/7,,,,PUBLISHED,Published,,2001.0,2001,,AFR,2001,2001,Africa,,NGA,Nigeria,,,,,MLE,Male,,,,,,,,187.5,187.53812,,,,,
7402,MDG_0000000007,Under-five mortality rate (probability of dying by age 5 per 1000 live births),https://www.who.int/data/gho/indicator-metadata-registry/imr-details/7,,,,PUBLISHED,Published,,2000.0,2000,,AFR,2000,2000,Africa,,NGA,Nigeria,,,,,BTSX,Both sexes,,,,,,,,184.8,184.79966,,,,,
7403,MDG_0000000007,Under-five mortality rate (probability of dying by age 5 per 1000 live births),https://www.who.int/data/gho/indicator-metadata-registry/imr-details/7,,,,PUBLISHED,Published,,1996.0,1996,,AFR,1996,1996,Africa,,NGA,Nigeria,,,,,MLE,Male,,,,,,,,212.5,212.50426,,,,,
7404,MDG_0000000007,Under-five mortality rate (probability of dying by age 5 per 1000 live births),https://www.who.int/data/gho/indicator-metadata-registry/imr-details/7,,,,PUBLISHED,Published,,1995.0,1995,,AFR,1995,1995,Africa,,NGA,Nigeria,,,,,BTSX,Both sexes,,,,,,,,205.9,205.94091,,,,,
7405,MDG_0000000007,Under-five mortality rate (probability of dying by age 5 per 1000 live births),https://www.who.int/data/gho/indicator-metadata-registry/imr-details/7,,,,PUBLISHED,Published,,1995.0,1995,,AFR,1995,1995,Africa,,NGA,Nigeria,,,,,FMLE,Female,,,,,,,,196,196.04928,,,,,
7406,MDG_0000000007,Under-five mortality rate (probability of dying by age 5 per 1000 live births),https://www.who.int/data/gho/indicator-metadata-registry/imr-details/7,,,,PUBLISHED,Published,,1995.0,1995,,AFR,1995,1995,Africa,,NGA,Nigeria,,,,,MLE,Male,,,,,,,,215.3,215.32034,,,,,
7407,MDG_0000000007,Under-five mortality rate (probability of dying by age 5 per 1000 live births),https://www.who.int/data/gho/indicator-metadata-registry/imr-details/7,,,,PUBLISHED,Published,,1990.0,1990,,AFR,1990,1990,Africa,,NGA,Nigeria,,,,,BTSX,Both sexes,,,,,,,,210.9,210.91621,,,,,
7408,MDG_0000000007,Under-five mortality rate (probability of dying by age 5 per 1000 live births),https://www.who.int/data/gho/indicator-metadata-registry/imr-details/7,,,,PUBLISHED,Published,,1990.0,1990,,AFR,1990,1990,Africa,,NGA,Nigeria,,,,,FMLE,Female,,,,,,,,200.1,200.12528,,,,,
7409,MDG_0000000007,Under-five mortality rate (probability of dying by age 5 per 1000 live births),https://www.who.int/data/gho/indicator-metadata-registry/imr-details/7,,,,PUBLISHED,Published,,1990.0,1990,,AFR,1990,1990,Africa,,NGA,Nigeria,,,,,MLE,Male,,,,,,,,221.2,221.17449,,,,,
7410,MDG_0000000007,Under-five mortality rate (probability of dying by age 5 per 1000 live births),https://www.who.int/data/gho/indicator-metadata-registry/imr-details/7,,,,PUBLISHED,Published,,1989.0,1989,,AFR,1989,1989,Africa,,NGA,Nigeria,,,,,BTSX,Both sexes,,,,,,,,211.1,211.05086,,,,,
7411,MDG_0000000007,Under-five mortality rate (probability of dying by age 5 per 1000 live births),https://www.who.int/data/gho/indicator-metadata-registry/imr-details/7,,,,PUBLISHED,Published,,1989.0,1989,,AFR,1989,1989,Africa,,NGA,Nigeria,,,,,FMLE,Female,,,,,,,,200.2,200.20832,,,,,
7412,MDG_0000000007,Under-five mortality rate (probability of dying by age 5 per 1000 live births),https://www.who.int/data/gho/indicator-metadata-registry/imr-details/7,,,,PUBLISHED,Published,,1985.0,1985,,AFR,1985,1985,Africa,,NGA,Nigeria,,,,,MLE,Male,,,,,,,,218.4,218.41146,,,,,
7413,MDG_0000000007,Under-five mortality rate (probability of dying by age 5 per 1000 live births),https://www.who.int/data/gho/indicator-metadata-registry/imr-details/7,,,,PUBLISHED,Published,,1984.0,1984,,AFR,1984,1984,Africa,,NGA,Nigeria,,,,,BTSX,Both sexes,,,,,,,,207.7,207.67273,,,,,
7414,MDG_0000000007,Under-five mortality rate (probability of dying by age 5 per 1000 live births),https://www.who.int/data/gho/indicator-metadata-registry/imr-details/7,,,,PUBLISHED,Published,,1984.0,1984,,AFR,1984,1984,Africa,,NGA,Nigeria,,,,,FMLE,Female,,,,,,,,197.3,197.28097,,,,,
7415,MDG_0000000007,Under-five mortality rate (probability of dying by age 5 per 1000 live births),https://www.who.int/data/gho/indicator-metadata-registry/imr-details/7,,,,PUBLISHED,Published,,1984.0,1984,,AFR,1984,1984,Africa,,NGA,Nigeria,,,,,MLE,Male,,,,,,,,217.6,217.60418,,,,,
7416,MDG_0000000007,Under-five mortality rate (probability of dying by age 5 per 1000 live births),https://www.who.int/data/gho/indicator-metadata-registry/imr-details/7,,,,PUBLISHED,Published,,1979.0,1979,,AFR,1979,1979,Africa,,NGA,Nigeria,,,,,FMLE,Female,,,,,,,,206.9,206.92789,,,,,
7417,MDG_0000000007,Under-five mortality rate (probability of dying by age 5 per 1000 live births),https://www.who.int/data/gho/indicator-metadata-registry/imr-details/7,,,,PUBLISHED,Published,,1979.0,1979,,AFR,1979,1979,Africa,,NGA,Nigeria,,,,,MLE,Male,,,,,,,,227.7,227.66517,,,,,
7418,MDG_0000000007,Under-five mortality rate (probability of dying by age 5 per 1000 live births),https://www.who.int/data/gho/indicator-metadata-registry/imr-details/7,,,,PUBLISHED,Published,,1978.0,1978,,AFR,1978,1978,Africa,,NGA,Nigeria,,,,,BTSX,Both sexes,,,,,,,,222.9,222.87952,,,,,
7419,MDG_0000000007,Under-five mortality rate (probability of dying by age 5 per 1000 live births),https://www.who.int/data/gho/indicator-metadata-registry/imr-details/7,,,,PUBLISHED,Published,,1978.0,1978,,AFR,1978,1978,Africa,,NGA,Nigeria,,,,,FMLE,Female,,,,,,,,212.1,212.13328,,,,,
7420,MDG_0000000007,Under-five mortality rate (probability of dying by age 5 per 1000 live births),https://www.who.int/data/gho/indicator-metadata-registry/imr-details/7,,,,PUBLISHED,Published,,1973.0,1973,,AFR,1973,1973,Africa,,NGA,Nigeria,,,,,BTSX,Both sexes,,,,,,,,260.3,260.32340,,,,,
7421,MDG_0000000007,Under-five mortality rate (probability of dying by age 5 per 1000 live births),https://www.who.int/data/gho/indicator-metadata-registry/imr-details/7,,,,PUBLISHED,Published,,1973.0,1973,,AFR,1973,1973,Africa,,NGA,Nigeria,,,,,FMLE,Female,,,,,,,,248.5,248.51037,,,,,
7422,MDG_0000000007,Under-five mortality rate (probability of dying by age 5 per 1000 live births),https://www.who.int/data/gho/indicator-metadata-registry/imr-details/7,,,,PUBLISHED,Published,,1973.0,1973,,AFR,1973,1973,Africa,,NGA,Nigeria,,,,,MLE,Male,,,,,,,,271.6,271.57829,,,,,
7423,MDG_0000000007,Under-five mortality rate (probability of dying by age 5 per 1000 live births),https://www.who.int/data/gho/indicator-metadata-registry/imr-details/7,,,,PUBLISHED,Published,,1972.0,1972,,AFR,1972,1972,Africa,,NGA,Nigeria,,,,,BTSX,Both sexes,,,,,,,,268.7,268.69734,,,,,
7424,MDG_0000000007,Under-five mortality rate (probability of dying by age 5 per 1000 live births),https://www.who.int/data/gho/indicator-metadata-registry/imr-details/7,,,,PUBLISHED,Published,,1968.0,1968,,AFR,1968,1968,Africa,,NGA,Nigeria,,,,,FMLE,Female,,,,,,,,287,286.95733,,,,,
7425,MDG_0000000007,Under-five mortality rate (probability of dying by age 5 per 1000 live births),https://www.who.int/data/gho/indicator-metadata-registry/imr-details/7,,,,PUBLISHED,Published,,1968.0,1968,,AFR,1968,1968,Africa,,NGA,Nigeria,,,,,MLE,Male,,,,,,,,312.3,312.26322,,,,,
7426,MDG_0000000007,Under-five mortality rate (probability of dying by age 5 per 1000 live births),https://www.who.int/data/gho/indicator-metadata-registry/imr-details/7,,,,PUBLISHED,Published,,1967.0,1967,,AFR,1967,1967,Africa,,NGA,Nigeria,,,,,BTSX,Both sexes,,,,,,,,306.8,306.82437,,,,,
7427,MDG_0000000007,Under-five mortality rate (probability of dying by age 5 per 1000 live births),https://www.who.int/data/gho/indicator-metadata-registry/imr-details/7,,,,PUBLISHED,Published,,1967.0,1967,,AFR,1967,1967,Africa,,NGA,Nigeria,,,,,FMLE,Female,,,,,,,,293.8,293.79314,,,,,
7428,WHOSIS_000003,Neonatal mortality rate (per 1000 live births),https://www.who.int/data/gho/indicator-metadata-registry/imr-details/67,,,,PUBLISHED,Published,,2006.0,2006,,AFR,2006,2006,Africa,,NGA,Nigeria,,,,,BTSX,Both sexes,,,,,,,,40.8,40.80642,,,,,
7429,WHOSIS_000003,Neonatal mortality rate (per 1000 live births),https://www.who.int/data/gho/indicator-metadata-registry/imr-details/67,,,,PUBLISHED,Published,,2005.0,2005,,AFR,2005,2005,Africa,,NGA,Nigeria,,,,,BTSX,Both sexes,,,,,,,,41.8,41.75377,,,,,
7430,WHOSIS_000003,Neonatal mortality rate (per 1000 live births),https://www.who.int/data/gho/indicator-metadata-registry/imr-details/67,,,,PUBLISHED,Published,,2004.0,2004,,AFR,2004,2004,Africa,,NGA,Nigeria,,,,,BTSX,Both sexes,,,,,,,,42.8,42.84464,,,,,
7431,WHOSIS_000003,Neonatal mortality rate (per 1000 live births),https://www.who.int/data/gho/indicator-metadata-registry/imr-details/67,,,,PUBLISHED,Published,,2003.0,2003,,AFR,2003,2003,Africa,,NGA,Nigeria,,,,,BTSX,Both sexes,,,,,,,,44.1,44.06004,,,,,
7432,WHOSIS_000003,Neonatal mortality rate (per 1000 live births),https://www.who.int/data/gho/indicator-metadata-registry/imr-details/67,,,,PUBLISHED,Published,,1989.0,1989,,AFR,1989,1989,Africa,,NGA,Nigeria,,,,,BTSX,Both sexes,,,,,,,,49.9,49.85524,,,,,
7433,WHOSIS_000003,Neonatal mortality rate (per 1000 live births),https://www.who.int/data/gho/indicator-metadata-registry/imr-details/67,,,,PUBLISHED,Published,,1988.0,1988,,AFR,1988,1988,Africa,,NGA,Nigeria,,,,,BTSX,Both sexes,,,,,,,,49.8,49.78312,,,,,
7434,WHOSIS_000003,Neonatal mortality rate (per 1000 live births),https://www.who.int/data/gho/indicator-metadata-registry/imr-details/67,,,,PUBLISHED,Published,,1987.0,1987,,AFR,1987,1987,Africa,,NGA,Nigeria,,,,,BTSX,Both sexes,,,,,,,,49.8,49.77168,,,,,
7435,WHOSIS_000003,Neonatal mortality rate (per 1000 live births),https://www.who.int/data/gho/indicator-metadata-registry/imr-details/67,,,,PUBLISHED,Published,,1986.0,1986,,AFR,1986,1986,Africa,,NGA,Nigeria,,,,,BTSX,Both sexes,,,,,,,,49.8,49.84710,,,,,
7436,WHOSIS_000003,Neonatal mortality rate (per 1000 live births),https://www.who.int/data/gho/indicator-metadata-registry/imr-details/67,,,,PUBLISHED,Published,,1972.0,1972,,AFR,1972,1972,Africa,,NGA,Nigeria,,,,,BTSX,Both sexes,,,,,,,,64.5,64.52375,,,,,
7437,WHOSIS_000003,Neonatal mortality rate (per 1000 live births),https://www.who.int/data/gho/indicator-metadata-registry/imr-details/67,,,,PUBLISHED,Published,,1971.0,1971,,AFR,1971,1971,Africa,,NGA,Nigeria,,,,,BTSX,Both sexes,,,,,,,,65.8,65.83819,,,,,
7438,WHOSIS_000003,Neonatal mortality rate (per 1000 live births),https://www.who.int/data/gho/indicator-metadata-registry/imr-details/67,,,,PUBLISHED,Published,,1970.0,1970,,AFR,1970,1970,Africa,,NGA,Nigeria,,,,,BTSX,Both sexes,,,,,,,,67.1,67.08845,,,,,
7439,WHOSIS_000003,Neonatal mortality rate (per 1000 live births),https://www.who.int/data/gho/indicator-metadata-registry/imr-details/67,,,,PUBLISHED,Published,,1969.0,1969,,AFR,1969,1969,Africa,,NGA,Nigeria,,,,,BTSX,Both sexes,,,,,,,,68.3,68.33547,,,,,
7440,MORT_100,Number of deaths,https://www.who.int/data/gho/indicator-metadata-registry/imr-details/3365,,,,PUBLISHED,Published,,2013.0,2013,,AFR,2013,2013,Africa,,NGA,Nigeria,,YEARS0-4,0-4 years,,,,,,,,CH8,MalariaMalaria,,106297,106296.50000,,,,,
7441,MORT_200,Deaths per 1 000 live births,https://www.who.int/data/gho/indicator-metadata-registry/imr-details/3366,,,,PUBLISHED,Published,,2013.0,2013,,AFR,2013,2013,Africa,,NGA,Nigeria,,DAYS0-27,0-27 days,,,,,,,,CH10,PrematurityPrematurity,,11,10.98138,,,,,
7442,MORT_300,Distribution of causes of death among children aged < 5 years (%),https://www.who.int/data/gho/indicator-metadata-registry/imr-details/89,,,,PUBLISHED,Published,,2013.0,2013,,AFR,2013,2013,Africa,,NGA,Nigeria,,DAYS0-27,0-27 days,,,,,,,,CH10,PrematurityPrematurity,,0.3,0.30840,,,,,
7443,MORT_100,Number of deaths,https://www.who.int/data/gho/indicator-metadata-registry/imr-details/3365,,,,PUBLISHED,Published,,2013.0,2013,,AFR,2013,2013,Africa,,NGA,Nigeria,,MONTHS1-59,1-59 months,,,,,,,,CH10,PrematurityPrematurity,,9290,9289.93900,,,,,
7444,MORT_200,Deaths per 1 000 live births,https://www.who.int/data/gho/indicator-metadata-registry/imr-details/3366,,,,PUBLISHED,Published,,2013.0,2013,,AFR,2013,2013,Africa,,NGA,Nigeria,,MONTHS1-59,1-59 months,,,,,,,,CH10,PrematurityPrematurity,,1.3,1.34044,,,,,
7445,MORT_300,Distribution of causes of death among children aged < 5 years (%),https://www.who.int/data/gho/indicator-metadata-registry/imr-details/89,,,,PUBLISHED,Published,,2013.0,2013,,AFR,2013,2013,Africa,,NGA,Nigeria,,MONTHS1-59,1-59 months,,,,,,,,CH10,PrematurityPrematurity,,0,0.01671,,,,,
7446,MORT_100,Number of deaths,https://www.who.int/data/gho/indicator-metadata-registry/imr-details/3365,,,,PUBLISHED,Published,,2013.0,2013,,AFR,2013,2013,Africa,,NGA,Nigeria,,DAYS0-27,0-27 days,,,,,,,,CH12,Sepsis and other infectious conditions of the newbornSepsis and other infectious conditions of the newborn,,30929,30928.93000,,,,,
7447,MORT_200,Deaths per 1 000 live births,https://www.who.int/data/gho/indicator-metadata-registry/imr-details/3366,,,,PUBLISHED,Published,,2013.0,2013,,AFR,2013,2013,Africa,,NGA,Nigeria,,DAYS0-27,0-27 days,,,,,,,,CH12,Sepsis and other infectious conditions of the newbornSepsis and other infectious conditions of the newborn,,4.5,4.46272,,,,,
7448,MORT_300,Distribution of causes of death among children aged < 5 years (%),https://www.who.int/data/gho/indicator-metadata-registry/imr-details/89,,,,PUBLISHED,Published,,2013.0,2013,,AFR,2013,2013,Africa,,NGA,Nigeria,,DAYS0-27,0-27 days,,,,,,,,CH12,Sepsis and other infectious conditions of the newbornSepsis and other infectious conditions of the newborn,,0.1,0.12533,,,,,
7449,MORT_100,Number of deaths,https://www.who.int/data/gho/indicator-metadata-registry/imr-details/3365,,,,PUBLISHED,Published,,2013.0,2013,,AFR,2013,2013,Africa,,NGA,Nigeria,,MONTHS1-59,1-59 months,,,,,,,,CH12,Sepsis and other infectious conditions of the newbornSepsis and other infectious conditions of the newborn,,0,0.00000,,,,,
7450,MORT_300,Distribution of causes of death among children aged < 5 years (%),https://www.who.int/data/gho/indicator-metadata-registry/imr-details/89,,,,PUBLISHED,Published,,2013.0,2013,,AFR,2013,2013,Africa,,NGA,Nigeria,,YEARS0-4,0-4 years,,,,,,,,CH13,"Other communicable, perinatal and nutritional conditionsOther communicable, perinatal and nutritional conditions",,0.1,0.08856,,,,,
7451,MORT_100,Number of deaths,https://www.who.int/data/gho/indicator-metadata-registry/imr-details/3365,,,,PUBLISHED,Published,,2013.0,2013,,AFR,2013,2013,Africa,,NGA,Nigeria,,DAYS0-27,0-27 days,,,,,,,,CH15,Congenital anomaliesCongenital anomalies,,14937,14937.20000,,,,,
7452,MORT_200,Deaths per 1 000 live births,https://www.who.int/data/gho/indicator-metadata-registry/imr-details/3366,,,,PUBLISHED,Published,,2013.0,2013,,AFR,2013,2013,Africa,,NGA,Nigeria,,DAYS0-27,0-27 days,,,,,,,,CH15,Congenital anomaliesCongenital anomalies,,2.2,2.15528,,,,,
7453,MORT_300,Distribution of causes of death among children aged < 5 years (%),https://www.who.int/data/gho/indicator-metadata-registry/imr-details/89,,,,PUBLISHED,Published,,2013.0,2013,,AFR,2013,2013,Africa,,NGA,Nigeria,,DAYS0-27,0-27 days,,,,,,,,CH15,Congenital anomaliesCongenital anomalies,,0.1,0.06053,,,,,
7454,MORT_200,Deaths per 1 000 live births,https://www.who.int/data/gho/indicator-metadata-registry/imr-details/3366,,,,PUBLISHED,Published,,2013.0,2013,,AFR,2013,2013,Africa,,NGA,Nigeria,,YEARS0-4,0-4 years,,,,,,,,CH16,Other noncommunicable diseasesOther noncommunicable diseases,,3.1,3.08028,,,,,
7455,MORT_300,Distribution of causes of death among children aged < 5 years (%),https://www.who.int/data/gho/indicator-metadata-registry/imr-details/89,,,,PUBLISHED,Published,,2013.0,2013,,AFR,2013,2013,Africa,,NGA,Nigeria,,YEARS0-4,0-4 years,,,,,,,,CH16,Other noncommunicable diseasesOther noncommunicable diseases,,0,0.02660,,,,,
7456,MORT_100,Number of deaths,https://www.who.int/data/gho/indicator-metadata-registry/imr-details/3365,,,,PUBLISHED,Published,,2013.0,2013,,AFR,2013,2013,Africa,,NGA,Nigeria,,DAYS0-27,0-27 days,,,,,,,,CH17,InjuriesInjuries,,3250,3250.10200,,,,,
7457,MORT_200,Deaths per 1 000 live births,https://www.who.int/data/gho/indicator-metadata-registry/imr-details/3366,,,,PUBLISHED,Published,,2013.0,2013,,AFR,2013,2013,Africa,,NGA,Nigeria,,DAYS0-27,0-27 days,,,,,,,,CH17,InjuriesInjuries,,0.5,0.46896,,,,,
7458,MORT_300,Distribution of causes of death among children aged < 5 years (%),https://www.who.int/data/gho/indicator-metadata-registry/imr-details/89,,,,PUBLISHED,Published,,2014.0,2014,,AFR,2014,2014,Africa,,NGA,Nigeria,,MONTHS1-59,1-59 months,,,,,,,,CH2,HIV/AIDSHIV/AIDS,,0,0.03246,,,,,
7459,MORT_100,Number of deaths,https://www.who.int/data/gho/indicator-metadata-registry/imr-details/3365,,,,PUBLISHED,Published,,2014.0,2014,,AFR,2014,2014,Africa,,NGA,Nigeria,,YEARS0-4,0-4 years,,,,,,,,CH2,HIV/AIDSHIV/AIDS,,16699,16699.00000,,,,,
7460,MORT_200,Deaths per 1 000 live births,https://www.who.int/data/gho/indicator-metadata-registry/imr-details/3366,,,,PUBLISHED,Published,,2014.0,2014,,AFR,2014,2014,Africa,,NGA,Nigeria,,YEARS0-4,0-4 years,,,,,,,,CH2,HIV/AIDSHIV/AIDS,,2.4,2.37267,,,,,
7461,MORT_300,Distribution of causes of death among children aged < 5 years (%),https://www.who.int/data/gho/indicator-metadata-registry/imr-details/89,,,,PUBLISHED,Published,,2014.0,2014,,AFR,2014,2014,Africa,,NGA,Nigeria,,YEARS0-4,0-4 years,,,,,,,,CH2,HIV/AIDSHIV/AIDS,,0,0.02212,,,,,
7462,MORT_200,Deaths per 1 000 live births,https://www.who.int/data/gho/indicator-metadata-registry/imr-details/3366,,,,PUBLISHED,Published,,2014.0,2014,,AFR,2014,2014,Africa,,NGA,Nigeria,,MONTHS1-59,1-59 months,,,,,,,,CH5,TetanusTetanus,,0,0.00877,,,,,
7463,MORT_300,Distribution of causes of death among children aged < 5 years (%),https://www.who.int/data/gho/indicator-metadata-registry/imr-details/89,,,,PUBLISHED,Published,,2014.0,2014,,AFR,2014,2014,Africa,,NGA,Nigeria,,MONTHS1-59,1-59 months,,,,,,,,CH5,TetanusTetanus,,0,0.00012,,,,,
7464,MORT_100,Number of deaths,https://www.who.int/data/gho/indicator-metadata-registry/imr-details/3365,,,,PUBLISHED,Published,,2014.0,2014,,AFR,2014,2014,Africa,,NGA,Nigeria,,YEARS0-4,0-4 years,,,,,,,,CH5,TetanusTetanus,,7451,7450.91900,,,,,
7465,MORT_200,Deaths per 1 000 live births,https://www.who.int/data/gho/indicator-metadata-registry/imr-details/3366,,,,PUBLISHED,Published,,2014.0,2014,,AFR,2014,2014,Africa,,NGA,Nigeria,,YEARS0-4,0-4 years,,,,,,,,CH5,TetanusTetanus,,1.1,1.05866,,,,,
7466,MORT_100,Number of deaths,https://www.who.int/data/gho/indicator-metadata-registry/imr-details/3365,,,,PUBLISHED,Published,,2014.0,2014,,AFR,2014,2014,Africa,,NGA,Nigeria,,MONTHS1-59,1-59 months,,,,,,,,CH7,Meningitis/encephalitisMeningitis/encephalitis,,16658,16657.70000,,,,,
7467,MORT_200,Deaths per 1 000 live births,https://www.who.int/data/gho/indicator-metadata-registry/imr-details/3366,,,,PUBLISHED,Published,,2014.0,2014,,AFR,2014,2014,Africa,,NGA,Nigeria,,MONTHS1-59,1-59 months,,,,,,,,CH7,Meningitis/encephalitisMeningitis/encephalitis,,2.4,2.36680,,,,,
7468,MORT_300,Distribution of causes of death among children aged < 5 years (%),https://www.who.int/data/gho/indicator-metadata-registry/imr-details/89,,,,PUBLISHED,Published,,2014.0,2014,,AFR,2014,2014,Africa,,NGA,Nigeria,,MONTHS1-59,1-59 months,,,,,,,,CH7,Meningitis/encephalitisMeningitis/encephalitis,,0,0.03271,,,,,
7469,MORT_100,Number of deaths,https://www.who.int/data/gho/indicator-metadata-registry/imr-details/3365,,,,PUBLISHED,Published,,2014.0,2014,,AFR,2014,2014,Africa,,NGA,Nigeria,,YEARS0-4,0-4 years,,,,,,,,CH7,Meningitis/encephalitisMeningitis/encephalitis,,19977,19977.15000,,,,,
7470,MORT_200,Deaths per 1 000 live births,https://www.who.int/data/gho/indicator-metadata-registry/imr-details/3366,,,,PUBLISHED,Published,,2014.0,2014,,AFR,2014,2014,Africa,,NGA,Nigeria,,DAYS0-27,0-27 days,,,,,,,,CH9,Acute lower respiratory infectionsAcute lower respiratory infections,,2.7,2.72594,,,,,
7471,MORT_300,Distribution of causes of death among children aged < 5 years (%),https://www.who.int/data/gho/indicator-metadata-registry/imr-details/89,,,,PUBLISHED,Published,,2014.0,2014,,AFR,2014,2014,Africa,,NGA,Nigeria,,DAYS0-27,0-27 days,,,,,,,,CH9,Acute lower respiratory infectionsAcute lower respiratory infections,,0.1,0.07810,,,,,
7472,MORT_100,Number of deaths,https://www.who.int/data/gho/indicator-metadata-registry/imr-details/3365,,,,PUBLISHED,Published,,2014.0,2014,,AFR,2014,2014,Africa,,NGA,Nigeria,,MONTHS1-59,1-59 months,,,,,,,,CH9,Acute lower respiratory infectionsAcute lower respiratory infections,,129842,129842.30000,,,,,
7473,MORT_200,Deaths per 1 000 live births,https://www.who.int/data/gho/indicator-metadata-registry/imr-details/3366,,,,PUBLISHED,Published,,2014.0,2014,,AFR,2014,2014,Africa,,NGA,Nigeria,,MONTHS1-59,1-59 months,,,,,,,,CH9,Acute lower respiratory infectionsAcute lower respiratory infections,,18.4,18.44855,,,,,
7474,MORT_300,Distribution of causes of death among children aged < 5 years (%),https://www.who.int/data/gho/indicator-metadata-registry/imr-details/89,,,,PUBLISHED,Published,,2014.0,2014,,AFR,2014,2014,Africa,,NGA,Nigeria,,MONTHS1-59,1-59 months,,,,,,,,CH9,Acute lower respiratory infectionsAcute lower respiratory infections,,0.3,0.25495,,,,,
7475,MORT_100,Number of deaths,https://www.who.int/data/gho/indicator-metadata-registry/imr-details/3365,,,,PUBLISHED,Published,,2014.0,2014,,AFR,2014,2014,Africa,,NGA,Nigeria,,DAYS0-27,0-27 days,,,,,,,,CH11,Birth asphyxia and birth traumaBirth asphyxia and birth trauma,,77970,77969.93000,,,,,
7476,MORT_200,Deaths per 1 000 live births,https://www.who.int/data/gho/indicator-metadata-registry/imr-details/3366,,,,PUBLISHED,Published,,2014.0,2014,,AFR,2014,2014,Africa,,NGA,Nigeria,,DAYS0-27,0-27 days,,,,,,,,CH11,Birth asphyxia and birth traumaBirth asphyxia and birth trauma,,11.1,11.07831,,,,,
7477,MORT_300,Distribution of causes of death among children aged < 5 years (%),https://www.who.int/data/gho/indicator-metadata-registry/imr-details/89,,,,PUBLISHED,Published,,2014.0,2014,,AFR,2014,2014,Africa,,NGA,Nigeria,,DAYS0-27,0-27 days,,,,,,,,CH11,Birth asphyxia and birth traumaBirth asphyxia and birth trauma,,0.3,0.31738,,,,,
7478,MORT_100,Number of deaths,https://www.who.int/data/gho/indicator-metadata-registry/imr-details/3365,,,,PUBLISHED,Published,,2014.0,2014,,AFR,2014,2014,Africa,,NGA,Nigeria,,MONTHS1-59,1-59 months,,,,,,,,CH11,Birth asphyxia and birth traumaBirth asphyxia and birth trauma,,11262,11262.10000,,,,,
7479,MORT_300,Distribution of causes of death among children aged < 5 years (%),https://www.who.int/data/gho/indicator-metadata-registry/imr-details/89,,,,PUBLISHED,Published,,2014.0,2014,,AFR,2014,2014,Africa,,NGA,Nigeria,,YEARS0-4,0-4 years,,,,,,,,CH12,Sepsis and other infectious conditions of the newbornSepsis and other infectious conditions of the newborn,,0,0.04112,,,,,
7480,MORT_100,Number of deaths,https://www.who.int/data/gho/indicator-metadata-registry/imr-details/3365,,,,PUBLISHED,Published,,2014.0,2014,,AFR,2014,2014,Africa,,NGA,Nigeria,,DAYS0-27,0-27 days,,,,,,,,CH13,"Other communicable, perinatal and nutritional conditionsOther communicable, perinatal and nutritional conditions",,9388,9388.48000,,,,,
7481,MORT_200,Deaths per 1 000 live births,https://www.who.int/data/gho/indicator-metadata-registry/imr-details/3366,,,,PUBLISHED,Published,,2014.0,2014,,AFR,2014,2014,Africa,,NGA,Nigeria,,DAYS0-27,0-27 days,,,,,,,,CH13,"Other communicable, perinatal and nutritional conditionsOther communicable, perinatal and nutritional conditions",,1.3,1.33396,,,,,
7482,MORT_300,Distribution of causes of death among children aged < 5 years (%),https://www.who.int/data/gho/indicator-metadata-registry/imr-details/89,,,,PUBLISHED,Published,,2014.0,2014,,AFR,2014,2014,Africa,,NGA,Nigeria,,DAYS0-27,0-27 days,,,,,,,,CH13,"Other communicable, perinatal and nutritional conditionsOther communicable, perinatal and nutritional conditions",,0,0.03822,,,,,
7483,MORT_200,Deaths per 1 000 live births,https://www.who.int/data/gho/indicator-metadata-registry/imr-details/3366,,,,PUBLISHED,Published,,2014.0,2014,,AFR,2014,2014,Africa,,NGA,Nigeria,,YEARS0-4,0-4 years,,,,,,,,CH15,Congenital anomaliesCongenital anomalies,,5,4.95547,,,,,
7484,MORT_300,Distribution of causes of death among children aged < 5 years (%),https://www.who.int/data/gho/indicator-metadata-registry/imr-details/89,,,,PUBLISHED,Published,,2014.0,2014,,AFR,2014,2014,Africa,,NGA,Nigeria,,YEARS0-4,0-4 years,,,,,,,,CH15,Congenital anomaliesCongenital anomalies,,0,0.04620,,,,,
7485,MORT_100,Number of deaths,https://www.who.int/data/gho/indicator-metadata-registry/imr-details/3365,,,,PUBLISHED,Published,,2014.0,2014,,AFR,2014,2014,Africa,,NGA,Nigeria,,DAYS0-27,0-27 days,,,,,,,,CH16,Other noncommunicable diseasesOther noncommunicable diseases,,337,337.03230,,,,,
7486,MORT_200,Deaths per 1 000 live births,https://www.who.int/data/gho/indicator-metadata-registry/imr-details/3366,,,,PUBLISHED,Published,,2014.0,2014,,AFR,2014,2014,Africa,,NGA,Nigeria,,DAYS0-27,0-27 days,,,,,,,,CH16,Other noncommunicable diseasesOther noncommunicable diseases,,0,0.04789,,,,,
7487,MORT_300,Distribution of causes of death among children aged < 5 years (%),https://www.who.int/data/gho/indicator-metadata-registry/imr-details/89,,,,PUBLISHED,Published,,2014.0,2014,,AFR,2014,2014,Africa,,NGA,Nigeria,,MONTHS1-59,1-59 months,,,,,,,,CH17,InjuriesInjuries,,0.1,0.07030,,,,,
7488,MORT_100,Number of deaths,https://www.who.int/data/gho/indicator-metadata-registry/imr-details/3365,,,,PUBLISHED,Published,,2014.0,2014,,AFR,2014,2014,Africa,,NGA,Nigeria,,YEARS0-4,0-4 years,,,,,,,,CH17,InjuriesInjuries,,38998,38998.19000,,,,,
7489,MORT_200,Deaths per 1 000 live births,https://www.who.int/data/gho/indicator-metadata-registry/imr-details/3366,,,,PUBLISHED,Published,,2014.0,2014,,AFR,2014,2014,Africa,,NGA,Nigeria,,YEARS0-4,0-4 years,,,,,,,,CH17,InjuriesInjuries,,5.5,5.54103,,,,,
7490,MORT_300,Distribution of causes of death among children aged < 5 years (%),https://www.who.int/data/gho/indicator-metadata-registry/imr-details/89,,,,PUBLISHED,Published,,2014.0,2014,,AFR,2014,2014,Africa,,NGA,Nigeria,,YEARS0-4,0-4 years,,,,,,,,CH17,InjuriesInjuries,,0.1,0.05166,,,,,
7491,MORT_200,Deaths per 1 000 live births,https://www.who.int/data/gho/indicator-metadata-registry/imr-details/3366,,,,PUBLISHED,Published,,2015.0,2015,,AFR,2015,2015,Africa,,NGA,Nigeria,,MONTHS1-59,1-59 months,,,,,,,,CH3,Diarrhoeal diseasesDiarrhoeal diseases,,11.1,11.07750,,,,,
7492,MORT_300,Distribution of causes of death among children aged < 5 years (%),https://www.who.int/data/gho/indicator-metadata-registry/imr-details/89,,,,PUBLISHED,Published,,2015.0,2015,,AFR,2015,2015,Africa,,NGA,Nigeria,,MONTHS1-59,1-59 months,,,,,,,,CH3,Diarrhoeal diseasesDiarrhoeal diseases,,0.2,0.15602,,,,,
7493,MORT_100,Number of deaths,https://www.who.int/data/gho/indicator-metadata-registry/imr-details/3365,,,,PUBLISHED,Published,,2015.0,2015,,AFR,2015,2015,Africa,,NGA,Nigeria,,YEARS0-4,0-4 years,,,,,,,,CH3,Diarrhoeal diseasesDiarrhoeal diseases,,81127,81127.01000,,,,,
7494,MORT_200,Deaths per 1 000 live births,https://www.who.int/data/gho/indicator-metadata-registry/imr-details/3366,,,,PUBLISHED,Published,,2015.0,2015,,AFR,2015,2015,Africa,,NGA,Nigeria,,YEARS0-4,0-4 years,,,,,,,,CH3,Diarrhoeal diseasesDiarrhoeal diseases,,11.4,11.36140,,,,,
7495,MORT_100,Number of deaths,https://www.who.int/data/gho/indicator-metadata-registry/imr-details/3365,,,,PUBLISHED,Published,,2015.0,2015,,AFR,2015,2015,Africa,,NGA,Nigeria,,MONTHS1-59,1-59 months,,,,,,,,CH6,MeaslesMeasles,,16186,16185.92000,,,,,
7496,MORT_200,Deaths per 1 000 live births,https://www.who.int/data/gho/indicator-metadata-registry/imr-details/3366,,,,PUBLISHED,Published,,2015.0,2015,,AFR,2015,2015,Africa,,NGA,Nigeria,,MONTHS1-59,1-59 months,,,,,,,,CH6,MeaslesMeasles,,2.3,2.26675,,,,,
7497,MORT_300,Distribution of causes of death among children aged < 5 years (%),https://www.who.int/data/gho/indicator-metadata-registry/imr-details/89,,,,PUBLISHED,Published,,2015.0,2015,,AFR,2015,2015,Africa,,NGA,Nigeria,,MONTHS1-59,1-59 months,,,,,,,,CH6,MeaslesMeasles,,0,0.03193,,,,,
7498,MORT_100,Number of deaths,https://www.who.int/data/gho/indicator-metadata-registry/imr-details/3365,,,,PUBLISHED,Published,,2015.0,2015,,AFR,2015,2015,Africa,,NGA,Nigeria,,YEARS0-4,0-4 years,,,,,,,,CH6,MeaslesMeasles,,16186,16185.92000,,,,,
7499,MORT_200,Deaths per 1 000 live births,https://www.who.int/data/gho/indicator-metadata-registry/imr-details/3366,,,,PUBLISHED,Published,,2015.0,2015,,AFR,2015,2015,Africa,,NGA,Nigeria,,DAYS0-27,0-27 days,,,,,,,,CH8,MalariaMalaria,,0,0.00000,,,,,
7500,MORT_300,Distribution of causes of death among children aged < 5 years (%),https://www.who.int/data/gho/indicator-metadata-registry/imr-details/89,,,,PUBLISHED,Published,,2015.0,2015,,AFR,2015,2015,Africa,,NGA,Nigeria,,DAYS0-27,0-27 days,,,,,,,,CH8,MalariaMalaria,,0,0.00000,,,,,
7501,MORT_100,Number of deaths,https://www.who.int/data/gho/indicator-metadata-registry/imr-details/3365,,,,PUBLISHED,Published,,2015.0,2015,,AFR,2015,2015,Africa,,NGA,Nigeria,,MONTHS1-59,1-59 months,,,,,,,,CH8,MalariaMalaria,,87748,87748.40000,,,,,
7502,MORT_200,Deaths per 1 000 live births,https://www.who.int/data/gho/indicator-metadata-registry/imr-details/3366,,,,PUBLISHED,Published,,2015.0,2015,,AFR,2015,2015,Africa,,NGA,Nigeria,,MONTHS1-59,1-59 months,,,,,,,,CH8,MalariaMalaria,,12.3,12.28869,,,,,
7503,MORT_300,Distribution of causes of death among children aged < 5 years (%),https://www.who.int/data/gho/indicator-metadata-registry/imr-details/89,,,,PUBLISHED,Published,,2015.0,2015,,AFR,2015,2015,Africa,,NGA,Nigeria,,MONTHS1-59,1-59 months,,,,,,,,CH8,MalariaMalaria,,0.2,0.17308,,,,,
7504,MORT_100,Number of deaths,https://www.who.int/data/gho/indicator-metadata-registry/imr-details/3365,,,,PUBLISHED,Published,,2015.0,2015,,AFR,2015,2015,Africa,,NGA,Nigeria,,DAYS0-27,0-27 days,,,,,,,,CH10,PrematurityPrematurity,,76126,76126.28000,,,,,
7505,MORT_200,Deaths per 1 000 live births,https://www.who.int/data/gho/indicator-metadata-registry/imr-details/3366,,,,PUBLISHED,Published,,2015.0,2015,,AFR,2015,2015,Africa,,NGA,Nigeria,,DAYS0-27,0-27 days,,,,,,,,CH10,PrematurityPrematurity,,10.7,10.66107,,,,,
7506,MORT_300,Distribution of causes of death among children aged < 5 years (%),https://www.who.int/data/gho/indicator-metadata-registry/imr-details/89,,,,PUBLISHED,Published,,2015.0,2015,,AFR,2015,2015,Africa,,NGA,Nigeria,,DAYS0-27,0-27 days,,,,,,,,CH10,PrematurityPrematurity,,0.3,0.31184,,,,,
7507,MORT_100,Number of deaths,https://www.who.int/data/gho/indicator-metadata-registry/imr-details/3365,,,,PUBLISHED,Published,,2015.0,2015,,AFR,2015,2015,Africa,,NGA,Nigeria,,MONTHS1-59,1-59 months,,,,,,,,CH10,PrematurityPrematurity,,9921,9921.26300,,,,,
7508,MORT_300,Distribution of causes of death among children aged < 5 years (%),https://www.who.int/data/gho/indicator-metadata-registry/imr-details/89,,,,PUBLISHED,Published,,2015.0,2015,,AFR,2015,2015,Africa,,NGA,Nigeria,,YEARS0-4,0-4 years,,,,,,,,CH11,Birth asphyxia and birth traumaBirth asphyxia and birth trauma,,0.1,0.11821,,,,,
7509,MORT_100,Number of deaths,https://www.who.int/data/gho/indicator-metadata-registry/imr-details/3365,,,,PUBLISHED,Published,,2015.0,2015,,AFR,2015,2015,Africa,,NGA,Nigeria,,DAYS0-27,0-27 days,,,,,,,,CH12,Sepsis and other infectious conditions of the newbornSepsis and other infectious conditions of the newborn,,31209,31208.51000,,,,,
7510,MORT_200,Deaths per 1 000 live births,https://www.who.int/data/gho/indicator-metadata-registry/imr-details/3366,,,,PUBLISHED,Published,,2015.0,2015,,AFR,2015,2015,Africa,,NGA,Nigeria,,DAYS0-27,0-27 days,,,,,,,,CH12,Sepsis and other infectious conditions of the newbornSepsis and other infectious conditions of the newborn,,4.4,4.37058,,,,,
7511,MORT_300,Distribution of causes of death among children aged < 5 years (%),https://www.who.int/data/gho/indicator-metadata-registry/imr-details/89,,,,PUBLISHED,Published,,2015.0,2015,,AFR,2015,2015,Africa,,NGA,Nigeria,,DAYS0-27,0-27 days,,,,,,,,CH12,Sepsis and other infectious conditions of the newbornSepsis and other infectious conditions of the newborn,,0.1,0.12784,,,,,
7512,MORT_200,Deaths per 1 000 live births,https://www.who.int/data/gho/indicator-metadata-registry/imr-details/3366,,,,PUBLISHED,Published,,2015.0,2015,,AFR,2015,2015,Africa,,NGA,Nigeria,,YEARS0-4,0-4 years,,,,,,,,CH13,"Other communicable, perinatal and nutritional conditionsOther communicable, perinatal and nutritional conditions",,10.4,10.44634,,,,,
7513,MORT_300,Distribution of causes of death among children aged < 5 years (%),https://www.who.int/data/gho/indicator-metadata-registry/imr-details/89,,,,PUBLISHED,Published,,2015.0,2015,,AFR,2015,2015,Africa,,NGA,Nigeria,,YEARS0-4,0-4 years,,,,,,,,CH13,"Other communicable, perinatal and nutritional conditionsOther communicable, perinatal and nutritional conditions",,0.1,0.09931,,,,,
7514,MORT_100,Number of deaths,https://www.who.int/data/gho/indicator-metadata-registry/imr-details/3365,,,,PUBLISHED,Published,,2015.0,2015,,AFR,2015,2015,Africa,,NGA,Nigeria,,DAYS0-27,0-27 days,,,,,,,,CH15,Congenital anomaliesCongenital anomalies,,15409,15408.50000,,,,,
7515,MORT_200,Deaths per 1 000 live births,https://www.who.int/data/gho/indicator-metadata-registry/imr-details/3366,,,,PUBLISHED,Published,,2015.0,2015,,AFR,2015,2015,Africa,,NGA,Nigeria,,DAYS0-27,0-27 days,,,,,,,,CH15,Congenital anomaliesCongenital anomalies,,2.2,2.15788,,,,,
7516,MORT_300,Distribution of causes of death among children aged < 5 years (%),https://www.who.int/data/gho/indicator-metadata-registry/imr-details/89,,,,PUBLISHED,Published,,2015.0,2015,,AFR,2015,2015,Africa,,NGA,Nigeria,,MONTHS1-59,1-59 months,,,,,,,,CH16,Other noncommunicable diseasesOther noncommunicable diseases,,0,0.04483,,,,,
7517,MORT_100,Number of deaths,https://www.who.int/data/gho/indicator-metadata-registry/imr-details/3365,,,,PUBLISHED,Published,,2015.0,2015,,AFR,2015,2015,Africa,,NGA,Nigeria,,YEARS0-4,0-4 years,,,,,,,,CH16,Other noncommunicable diseasesOther noncommunicable diseases,,23063,23063.39000,,,,,
7518,MORT_200,Deaths per 1 000 live births,https://www.who.int/data/gho/indicator-metadata-registry/imr-details/3366,,,,PUBLISHED,Published,,2015.0,2015,,AFR,2015,2015,Africa,,NGA,Nigeria,,YEARS0-4,0-4 years,,,,,,,,CH16,Other noncommunicable diseasesOther noncommunicable diseases,,3.2,3.22990,,,,,
7519,MORT_300,Distribution of causes of death among children aged < 5 years (%),https://www.who.int/data/gho/indicator-metadata-registry/imr-details/89,,,,PUBLISHED,Published,,2015.0,2015,,AFR,2015,2015,Africa,,NGA,Nigeria,,YEARS0-4,0-4 years,,,,,,,,CH16,Other noncommunicable diseasesOther noncommunicable diseases,,0,0.03071,,,,,
7520,MORT_200,Deaths per 1 000 live births,https://www.who.int/data/gho/indicator-metadata-registry/imr-details/3366,,,,PUBLISHED,Published,,2016.0,2016,,AFR,2016,2016,Africa,,NGA,Nigeria,,MONTHS1-59,1-59 months,,,,,,,,CH2,HIV/AIDSHIV/AIDS,,2.3,2.32509,,,,,
7521,MORT_300,Distribution of causes of death among children aged < 5 years (%),https://www.who.int/data/gho/indicator-metadata-registry/imr-details/89,,,,PUBLISHED,Published,,2016.0,2016,,AFR,2016,2016,Africa,,NGA,Nigeria,,MONTHS1-59,1-59 months,,,,,,,,CH2,HIV/AIDSHIV/AIDS,,0,0.03415,,,,,
7522,MORT_100,Number of deaths,https://www.who.int/data/gho/indicator-metadata-registry/imr-details/3365,,,,PUBLISHED,Published,,2016.0,2016,,AFR,2016,2016,Africa,,NGA,Nigeria,,YEARS0-4,0-4 years,,,,,,,,CH2,HIV/AIDSHIV/AIDS,,17003,17003.00000,,,,,
7523,MORT_200,Deaths per 1 000 live births,https://www.who.int/data/gho/indicator-metadata-registry/imr-details/3366,,,,PUBLISHED,Published,,2016.0,2016,,AFR,2016,2016,Africa,,NGA,Nigeria,,YEARS0-4,0-4 years,,,,,,,,CH2,HIV/AIDSHIV/AIDS,,2.3,2.34857,,,,,
7524,MORT_100,Number of deaths,https://www.who.int/data/gho/indicator-metadata-registry/imr-details/3365,,,,PUBLISHED,Published,,2016.0,2016,,AFR,2016,2016,Africa,,NGA,Nigeria,,MONTHS1-59,1-59 months,,,,,,,,CH5,TetanusTetanus,,59,58.51023,,,,,
7525,MORT_200,Deaths per 1 000 live births,https://www.who.int/data/gho/indicator-metadata-registry/imr-details/3366,,,,PUBLISHED,Published,,2016.0,2016,,AFR,2016,2016,Africa,,NGA,Nigeria,,MONTHS1-59,1-59 months,,,,,,,,CH5,TetanusTetanus,,0,0.00808,,,,,
7526,MORT_300,Distribution of causes of death among children aged < 5 years (%),https://www.who.int/data/gho/indicator-metadata-registry/imr-details/89,,,,PUBLISHED,Published,,2016.0,2016,,AFR,2016,2016,Africa,,NGA,Nigeria,,MONTHS1-59,1-59 months,,,,,,,,CH5,TetanusTetanus,,0,0.00012,,,,,
7527,MORT_100,Number of deaths,https://www.who.int/data/gho/indicator-metadata-registry/imr-details/3365,,,,PUBLISHED,Published,,2016.0,2016,,AFR,2016,2016,Africa,,NGA,Nigeria,,YEARS0-4,0-4 years,,,,,,,,CH5,TetanusTetanus,,6597,6597.39400,,,,,
7528,MORT_200,Deaths per 1 000 live births,https://www.who.int/data/gho/indicator-metadata-registry/imr-details/3366,,,,PUBLISHED,Published,,2016.0,2016,,AFR,2016,2016,Africa,,NGA,Nigeria,,DAYS0-27,0-27 days,,,,,,,,CH7,Meningitis/encephalitisMeningitis/encephalitis,,0.4,0.44615,,,,,
7529,MORT_300,Distribution of causes of death among children aged < 5 years (%),https://www.who.int/data/gho/indicator-metadata-registry/imr-details/89,,,,PUBLISHED,Published,,2016.0,2016,,AFR,2016,2016,Africa,,NGA,Nigeria,,DAYS0-27,0-27 days,,,,,,,,CH7,Meningitis/encephalitisMeningitis/encephalitis,,0,0.01333,,,,,
7530,MORT_100,Number of deaths,https://www.who.int/data/gho/indicator-metadata-registry/imr-details/3365,,,,PUBLISHED,Published,,2016.0,2016,,AFR,2016,2016,Africa,,NGA,Nigeria,,MONTHS1-59,1-59 months,,,,,,,,CH7,Meningitis/encephalitisMeningitis/encephalitis,,14755,14755.37000,,,,,
7531,MORT_200,Deaths per 1 000 live births,https://www.who.int/data/gho/indicator-metadata-registry/imr-details/3366,,,,PUBLISHED,Published,,2016.0,2016,,AFR,2016,2016,Africa,,NGA,Nigeria,,MONTHS1-59,1-59 months,,,,,,,,CH7,Meningitis/encephalitisMeningitis/encephalitis,,2,2.03812,,,,,
7532,MORT_300,Distribution of causes of death among children aged < 5 years (%),https://www.who.int/data/gho/indicator-metadata-registry/imr-details/89,,,,PUBLISHED,Published,,2016.0,2016,,AFR,2016,2016,Africa,,NGA,Nigeria,,MONTHS1-59,1-59 months,,,,,,,,CH7,Meningitis/encephalitisMeningitis/encephalitis,,0,0.02993,,,,,
7533,MORT_100,Number of deaths,https://www.who.int/data/gho/indicator-metadata-registry/imr-details/3365,,,,PUBLISHED,Published,,2016.0,2016,,AFR,2016,2016,Africa,,NGA,Nigeria,,DAYS0-27,0-27 days,,,,,,,,CH9,Acute lower respiratory infectionsAcute lower respiratory infections,,18866,18866.22000,,,,,
7534,MORT_200,Deaths per 1 000 live births,https://www.who.int/data/gho/indicator-metadata-registry/imr-details/3366,,,,PUBLISHED,Published,,2016.0,2016,,AFR,2016,2016,Africa,,NGA,Nigeria,,DAYS0-27,0-27 days,,,,,,,,CH9,Acute lower respiratory infectionsAcute lower respiratory infections,,2.6,2.60594,,,,,
7535,MORT_300,Distribution of causes of death among children aged < 5 years (%),https://www.who.int/data/gho/indicator-metadata-registry/imr-details/89,,,,PUBLISHED,Published,,2016.0,2016,,AFR,2016,2016,Africa,,NGA,Nigeria,,DAYS0-27,0-27 days,,,,,,,,CH9,Acute lower respiratory infectionsAcute lower respiratory infections,,0.1,0.07787,,,,,
7536,MORT_100,Number of deaths,https://www.who.int/data/gho/indicator-metadata-registry/imr-details/3365,,,,PUBLISHED,Published,,2016.0,2016,,AFR,2016,2016,Africa,,NGA,Nigeria,,MONTHS1-59,1-59 months,,,,,,,,CH9,Acute lower respiratory infectionsAcute lower respiratory infections,,118858,118858.30000,,,,,
7537,MORT_300,Distribution of causes of death among children aged < 5 years (%),https://www.who.int/data/gho/indicator-metadata-registry/imr-details/89,,,,PUBLISHED,Published,,2016.0,2016,,AFR,2016,2016,Africa,,NGA,Nigeria,,YEARS0-4,0-4 years,,,,,,,,CH10,PrematurityPrematurity,,0.1,0.11588,,,,,
7538,MORT_100,Number of deaths,https://www.who.int/data/gho/indicator-metadata-registry/imr-details/3365,,,,PUBLISHED,Published,,2016.0,2016,,AFR,2016,2016,Africa,,NGA,Nigeria,,DAYS0-27,0-27 days,,,,,,,,CH11,Birth asphyxia and birth traumaBirth asphyxia and birth trauma,,76556,76556.41000,,,,,
7539,MORT_200,Deaths per 1 000 live births,https://www.who.int/data/gho/indicator-metadata-registry/imr-details/3366,,,,PUBLISHED,Published,,2016.0,2016,,AFR,2016,2016,Africa,,NGA,Nigeria,,DAYS0-27,0-27 days,,,,,,,,CH11,Birth asphyxia and birth traumaBirth asphyxia and birth trauma,,10.6,10.57451,,,,,
7540,MORT_300,Distribution of causes of death among children aged < 5 years (%),https://www.who.int/data/gho/indicator-metadata-registry/imr-details/89,,,,PUBLISHED,Published,,2016.0,2016,,AFR,2016,2016,Africa,,NGA,Nigeria,,DAYS0-27,0-27 days,,,,,,,,CH11,Birth asphyxia and birth traumaBirth asphyxia and birth trauma,,0.3,0.31597,,,,,
7541,MORT_200,Deaths per 1 000 live births,https://www.who.int/data/gho/indicator-metadata-registry/imr-details/3366,,,,PUBLISHED,Published,,2016.0,2016,,AFR,2016,2016,Africa,,NGA,Nigeria,,YEARS0-4,0-4 years,,,,,,,,CH12,Sepsis and other infectious conditions of the newbornSepsis and other infectious conditions of the newborn,,4.3,4.34213,,,,,
7542,MORT_300,Distribution of causes of death among children aged < 5 years (%),https://www.who.int/data/gho/indicator-metadata-registry/imr-details/89,,,,PUBLISHED,Published,,2016.0,2016,,AFR,2016,2016,Africa,,NGA,Nigeria,,YEARS0-4,0-4 years,,,,,,,,CH12,Sepsis and other infectious conditions of the newbornSepsis and other infectious conditions of the newborn,,0,0.04275,,,,,
7543,MORT_100,Number of deaths,https://www.who.int/data/gho/indicator-metadata-registry/imr-details/3365,,,,PUBLISHED,Published,,2016.0,2016,,AFR,2016,2016,Africa,,NGA,Nigeria,,DAYS0-27,0-27 days,,,,,,,,CH13,"Other communicable, perinatal and nutritional conditionsOther communicable, perinatal and nutritional conditions",,9264,9263.86800,,,,,
7544,MORT_200,Deaths per 1 000 live births,https://www.who.int/data/gho/indicator-metadata-registry/imr-details/3366,,,,PUBLISHED,Published,,2016.0,2016,,AFR,2016,2016,Africa,,NGA,Nigeria,,DAYS0-27,0-27 days,,,,,,,,CH13,"Other communicable, perinatal and nutritional conditionsOther communicable, perinatal and nutritional conditions",,1.3,1.27959,,,,,
7545,MORT_300,Distribution of causes of death among children aged < 5 years (%),https://www.who.int/data/gho/indicator-metadata-registry/imr-details/89,,,,PUBLISHED,Published,,2016.0,2016,,AFR,2016,2016,Africa,,NGA,Nigeria,,MONTHS1-59,1-59 months,,,,,,,,CH15,Congenital anomaliesCongenital anomalies,,0,0.04296,,,,,
7546,MORT_100,Number of deaths,https://www.who.int/data/gho/indicator-metadata-registry/imr-details/3365,,,,PUBLISHED,Published,,2016.0,2016,,AFR,2016,2016,Africa,,NGA,Nigeria,,YEARS0-4,0-4 years,,,,,,,,CH15,Congenital anomaliesCongenital anomalies,,36916,36916.42000,,,,,
7547,MORT_200,Deaths per 1 000 live births,https://www.who.int/data/gho/indicator-metadata-registry/imr-details/3366,,,,PUBLISHED,Published,,2016.0,2016,,AFR,2016,2016,Africa,,NGA,Nigeria,,YEARS0-4,0-4 years,,,,,,,,CH15,Congenital anomaliesCongenital anomalies,,5.1,5.09916,,,,,
7548,MORT_300,Distribution of causes of death among children aged < 5 years (%),https://www.who.int/data/gho/indicator-metadata-registry/imr-details/89,,,,PUBLISHED,Published,,2016.0,2016,,AFR,2016,2016,Africa,,NGA,Nigeria,,YEARS0-4,0-4 years,,,,,,,,CH15,Congenital anomaliesCongenital anomalies,,0.1,0.05021,,,,,
7549,MORT_200,Deaths per 1 000 live births,https://www.who.int/data/gho/indicator-metadata-registry/imr-details/3366,,,,PUBLISHED,Published,,2016.0,2016,,AFR,2016,2016,Africa,,NGA,Nigeria,,MONTHS1-59,1-59 months,,,,,,,,CH17,InjuriesInjuries,,5.3,5.31818,,,,,
7550,MORT_300,Distribution of causes of death among children aged < 5 years (%),https://www.who.int/data/gho/indicator-metadata-registry/imr-details/89,,,,PUBLISHED,Published,,2016.0,2016,,AFR,2016,2016,Africa,,NGA,Nigeria,,MONTHS1-59,1-59 months,,,,,,,,CH17,InjuriesInjuries,,0.1,0.07810,,,,,
7551,MORT_100,Number of deaths,https://www.who.int/data/gho/indicator-metadata-registry/imr-details/3365,,,,PUBLISHED,Published,,2016.0,2016,,AFR,2016,2016,Africa,,NGA,Nigeria,,YEARS0-4,0-4 years,,,,,,,,CH17,InjuriesInjuries,,41656,41656.41000,,,,,
7552,MORT_200,Deaths per 1 000 live births,https://www.who.int/data/gho/indicator-metadata-registry/imr-details/3366,,,,PUBLISHED,Published,,2016.0,2016,,AFR,2016,2016,Africa,,NGA,Nigeria,,YEARS0-4,0-4 years,,,,,,,,CH17,InjuriesInjuries,,5.8,5.75388,,,,,
7553,MORT_100,Number of deaths,https://www.who.int/data/gho/indicator-metadata-registry/imr-details/3365,,,,PUBLISHED,Published,,2017.0,2017,,AFR,2017,2017,Africa,,NGA,Nigeria,,MONTHS1-59,1-59 months,,,,,,,,CH3,Diarrhoeal diseasesDiarrhoeal diseases,,72469,72468.70000,,,,,
7554,MORT_200,Deaths per 1 000 live births,https://www.who.int/data/gho/indicator-metadata-registry/imr-details/3366,,,,PUBLISHED,Published,,2017.0,2017,,AFR,2017,2017,Africa,,NGA,Nigeria,,MONTHS1-59,1-59 months,,,,,,,,CH3,Diarrhoeal diseasesDiarrhoeal diseases,,9.9,9.87591,,,,,
7555,MORT_300,Distribution of causes of death among children aged < 5 years (%),https://www.who.int/data/gho/indicator-metadata-registry/imr-details/89,,,,PUBLISHED,Published,,2017.0,2017,,AFR,2017,2017,Africa,,NGA,Nigeria,,MONTHS1-59,1-59 months,,,,,,,,CH3,Diarrhoeal diseasesDiarrhoeal diseases,,0.2,0.15175,,,,,
7556,MORT_100,Number of deaths,https://www.who.int/data/gho/indicator-metadata-registry/imr-details/3365,,,,PUBLISHED,Published,,2017.0,2017,,AFR,2017,2017,Africa,,NGA,Nigeria,,YEARS0-4,0-4 years,,,,,,,,CH3,Diarrhoeal diseasesDiarrhoeal diseases,,74431,74431.40000,,,,,
7557,MORT_200,Deaths per 1 000 live births,https://www.who.int/data/gho/indicator-metadata-registry/imr-details/3366,,,,PUBLISHED,Published,,2017.0,2017,,AFR,2017,2017,Africa,,NGA,Nigeria,,DAYS0-27,0-27 days,,,,,,,,CH6,MeaslesMeasles,,0,0.00000,,,,,
7558,MORT_300,Distribution of causes of death among children aged < 5 years (%),https://www.who.int/data/gho/indicator-metadata-registry/imr-details/89,,,,PUBLISHED,Published,,2017.0,2017,,AFR,2017,2017,Africa,,NGA,Nigeria,,DAYS0-27,0-27 days,,,,,,,,CH6,MeaslesMeasles,,0,0.00000,,,,,
7559,MORT_100,Number of deaths,https://www.who.int/data/gho/indicator-metadata-registry/imr-details/3365,,,,PUBLISHED,Published,,2017.0,2017,,AFR,2017,2017,Africa,,NGA,Nigeria,,MONTHS1-59,1-59 months,,,,,,,,CH6,MeaslesMeasles,,11383,11383.03000,,,,,
7560,MORT_200,Deaths per 1 000 live births,https://www.who.int/data/gho/indicator-metadata-registry/imr-details/3366,,,,PUBLISHED,Published,,2017.0,2017,,AFR,2017,2017,Africa,,NGA,Nigeria,,MONTHS1-59,1-59 months,,,,,,,,CH6,MeaslesMeasles,,1.6,1.55126,,,,,
7561,MORT_300,Distribution of causes of death among children aged < 5 years (%),https://www.who.int/data/gho/indicator-metadata-registry/imr-details/89,,,,PUBLISHED,Published,,2017.0,2017,,AFR,2017,2017,Africa,,NGA,Nigeria,,MONTHS1-59,1-59 months,,,,,,,,CH6,MeaslesMeasles,,0,0.02384,,,,,
7562,MORT_100,Number of deaths,https://www.who.int/data/gho/indicator-metadata-registry/imr-details/3365,,,,PUBLISHED,Published,,2017.0,2017,,AFR,2017,2017,Africa,,NGA,Nigeria,,DAYS0-27,0-27 days,,,,,,,,CH8,MalariaMalaria,,0,0.00000,,,,,
7563,MORT_200,Deaths per 1 000 live births,https://www.who.int/data/gho/indicator-metadata-registry/imr-details/3366,,,,PUBLISHED,Published,,2017.0,2017,,AFR,2017,2017,Africa,,NGA,Nigeria,,DAYS0-27,0-27 days,,,,,,,,CH8,MalariaMalaria,,0,0.00000,,,,,
7564,MORT_300,Distribution of causes of death among children aged < 5 years (%),https://www.who.int/data/gho/indicator-metadata-registry/imr-details/89,,,,PUBLISHED,Published,,2017.0,2017,,AFR,2017,2017,Africa,,NGA,Nigeria,,DAYS0-27,0-27 days,,,,,,,,CH8,MalariaMalaria,,0,0.00000,,,,,
7565,MORT_100,Number of deaths,https://www.who.int/data/gho/indicator-metadata-registry/imr-details/3365,,,,PUBLISHED,Published,,2017.0,2017,,AFR,2017,2017,Africa,,NGA,Nigeria,,MONTHS1-59,1-59 months,,,,,,,,CH8,MalariaMalaria,,70336,70336.27000,,,,,
7566,MORT_300,Distribution of causes of death among children aged < 5 years (%),https://www.who.int/data/gho/indicator-metadata-registry/imr-details/89,,,,PUBLISHED,Published,,2017.0,2017,,AFR,2017,2017,Africa,,NGA,Nigeria,,YEARS0-4,0-4 years,,,,,,,,CH9,Acute lower respiratory infectionsAcute lower respiratory infections,,0.2,0.18649,,,,,
7567,MORT_100,Number of deaths,https://www.who.int/data/gho/indicator-metadata-registry/imr-details/3365,,,,PUBLISHED,Published,,2017.0,2017,,AFR,2017,2017,Africa,,NGA,Nigeria,,DAYS0-27,0-27 days,,,,,,,,CH10,PrematurityPrematurity,,74641,74641.20000,,,,,
7568,MORT_200,Deaths per 1 000 live births,https://www.who.int/data/gho/indicator-metadata-registry/imr-details/3366,,,,PUBLISHED,Published,,2017.0,2017,,AFR,2017,2017,Africa,,NGA,Nigeria,,DAYS0-27,0-27 days,,,,,,,,CH10,PrematurityPrematurity,,10.2,10.17197,,,,,
7569,MORT_300,Distribution of causes of death among children aged < 5 years (%),https://www.who.int/data/gho/indicator-metadata-registry/imr-details/89,,,,PUBLISHED,Published,,2017.0,2017,,AFR,2017,2017,Africa,,NGA,Nigeria,,DAYS0-27,0-27 days,,,,,,,,CH10,PrematurityPrematurity,,0.3,0.30969,,,,,
7570,MORT_200,Deaths per 1 000 live births,https://www.who.int/data/gho/indicator-metadata-registry/imr-details/3366,,,,PUBLISHED,Published,,2017.0,2017,,AFR,2017,2017,Africa,,NGA,Nigeria,,YEARS0-4,0-4 years,,,,,,,,CH11,Birth asphyxia and birth traumaBirth asphyxia and birth trauma,,12,11.96108,,,,,
7571,MORT_300,Distribution of causes of death among children aged < 5 years (%),https://www.who.int/data/gho/indicator-metadata-registry/imr-details/89,,,,PUBLISHED,Published,,2017.0,2017,,AFR,2017,2017,Africa,,NGA,Nigeria,,YEARS0-4,0-4 years,,,,,,,,CH11,Birth asphyxia and birth traumaBirth asphyxia and birth trauma,,0.1,0.12214,,,,,
7572,MORT_100,Number of deaths,https://www.who.int/data/gho/indicator-metadata-registry/imr-details/3365,,,,PUBLISHED,Published,,2017.0,2017,,AFR,2017,2017,Africa,,NGA,Nigeria,,DAYS0-27,0-27 days,,,,,,,,CH12,Sepsis and other infectious conditions of the newbornSepsis and other infectious conditions of the newborn,,31275,31275.38000,,,,,
7573,MORT_200,Deaths per 1 000 live births,https://www.who.int/data/gho/indicator-metadata-registry/imr-details/3366,,,,PUBLISHED,Published,,2017.0,2017,,AFR,2017,2017,Africa,,NGA,Nigeria,,DAYS0-27,0-27 days,,,,,,,,CH12,Sepsis and other infectious conditions of the newbornSepsis and other infectious conditions of the newborn,,4.3,4.26215,,,,,
7574,MORT_300,Distribution of causes of death among children aged < 5 years (%),https://www.who.int/data/gho/indicator-metadata-registry/imr-details/89,,,,PUBLISHED,Published,,2017.0,2017,,AFR,2017,2017,Africa,,NGA,Nigeria,,MONTHS1-59,1-59 months,,,,,,,,CH13,"Other communicable, perinatal and nutritional conditionsOther communicable, perinatal and nutritional conditions",,0.1,0.13487,,,,,
7575,MORT_100,Number of deaths,https://www.who.int/data/gho/indicator-metadata-registry/imr-details/3365,,,,PUBLISHED,Published,,2017.0,2017,,AFR,2017,2017,Africa,,NGA,Nigeria,,YEARS0-4,0-4 years,,,,,,,,CH13,"Other communicable, perinatal and nutritional conditionsOther communicable, perinatal and nutritional conditions",,73624,73624.38000,,,,,
7576,MORT_200,Deaths per 1 000 live births,https://www.who.int/data/gho/indicator-metadata-registry/imr-details/3366,,,,PUBLISHED,Published,,2017.0,2017,,AFR,2017,2017,Africa,,NGA,Nigeria,,YEARS0-4,0-4 years,,,,,,,,CH13,"Other communicable, perinatal and nutritional conditionsOther communicable, perinatal and nutritional conditions",,10,10.03340,,,,,
7577,MORT_300,Distribution of causes of death among children aged < 5 years (%),https://www.who.int/data/gho/indicator-metadata-registry/imr-details/89,,,,PUBLISHED,Published,,2017.0,2017,,AFR,2017,2017,Africa,,NGA,Nigeria,,YEARS0-4,0-4 years,,,,,,,,CH13,"Other communicable, perinatal and nutritional conditionsOther communicable, perinatal and nutritional conditions",,0.1,0.10246,,,,,
7578,MORT_200,Deaths per 1 000 live births,https://www.who.int/data/gho/indicator-metadata-registry/imr-details/3366,,,,PUBLISHED,Published,,2017.0,2017,,AFR,2017,2017,Africa,,NGA,Nigeria,,MONTHS1-59,1-59 months,,,,,,,,CH16,Other noncommunicable diseasesOther noncommunicable diseases,,3.1,3.11164,,,,,
7579,MORT_300,Distribution of causes of death among children aged < 5 years (%),https://www.who.int/data/gho/indicator-metadata-registry/imr-details/89,,,,PUBLISHED,Published,,2017.0,2017,,AFR,2017,2017,Africa,,NGA,Nigeria,,MONTHS1-59,1-59 months,,,,,,,,CH16,Other noncommunicable diseasesOther noncommunicable diseases,,0,0.04781,,,,,
7580,MORT_100,Number of deaths,https://www.who.int/data/gho/indicator-metadata-registry/imr-details/3365,,,,PUBLISHED,Published,,2017.0,2017,,AFR,2017,2017,Africa,,NGA,Nigeria,,YEARS0-4,0-4 years,,,,,,,,CH16,Other noncommunicable diseasesOther noncommunicable diseases,,23164,23163.79000,,,,,
7581,MORT_200,Deaths per 1 000 live births,https://www.who.int/data/gho/indicator-metadata-registry/imr-details/3366,,,,PUBLISHED,Published,,2017.0,2017,,AFR,2017,2017,Africa,,NGA,Nigeria,,YEARS0-4,0-4 years,,,,,,,,CH16,Other noncommunicable diseasesOther noncommunicable diseases,,3.2,3.15672,,,,,
7582,MORT_MATERNALNUM,Number of maternal deaths,https://www.who.int/data/gho/indicator-metadata-registry/imr-details/4622,,,,PUBLISHED,Published,,2010.0,2010,,AFR,2010,2010,Africa,,NGA,Nigeria,,,,,,,,,,,,,,64 000 [ 50 000 - 82 000 ],64000.00000,50000.0,82000.0,,,
7583,MORT_MATERNALNUM,Number of maternal deaths,https://www.who.int/data/gho/indicator-metadata-registry/imr-details/4622,,,,PUBLISHED,Published,,2011.0,2011,,AFR,2011,2011,Africa,,NGA,Nigeria,,,,,,,,,,,,,,65 000 [ 50 000 - 84 000 ],65000.00000,50000.0,84000.0,,,
7584,MORT_MATERNALNUM,Number of maternal deaths,https://www.who.int/data/gho/indicator-metadata-registry/imr-details/4622,,,,PUBLISHED,Published,,2012.0,2012,,AFR,2012,2012,Africa,,NGA,Nigeria,,,,,,,,,,,,,,66 000 [ 50 000 - 86 000 ],66000.00000,50000.0,86000.0,,,
7585,MORT_MATERNALNUM,Number of maternal deaths,https://www.who.int/data/gho/indicator-metadata-registry/imr-details/4622,,,,PUBLISHED,Published,,2013.0,2013,,AFR,2013,2013,Africa,,NGA,Nigeria,,,,,,,,,,,,,,66 000 [ 50 000 - 87 000 ],66000.00000,50000.0,87000.0,,,
7586,MDG_0000000026,Maternal mortality ratio (per 100 000 live births),https://www.who.int/data/gho/indicator-metadata-registry/imr-details/26,,,,PUBLISHED,Published,,2002.0,2002,,AFR,2002,2002,Africa,,NGA,Nigeria,,,,,,,,,,,,,,1 180 [ 923 - 1 490 ],1180.00000,923.0,1490.0,,,
7587,MDG_0000000026,Maternal mortality ratio (per 100 000 live births),https://www.who.int/data/gho/indicator-metadata-registry/imr-details/26,,,,PUBLISHED,Published,,2007.0,2007,,AFR,2007,2007,Africa,,NGA,Nigeria,,,,,,,,,,,,,,1 010 [ 807 - 1 250 ],1010.00000,807.0,1250.0,,,
7588,MDG_0000000026,Maternal mortality ratio (per 100 000 live births),https://www.who.int/data/gho/indicator-metadata-registry/imr-details/26,,,,PUBLISHED,Published,,2011.0,2011,,AFR,2011,2011,Africa,,NGA,Nigeria,,,,,,,,,,,,,,972 [ 751 - 1 250 ],972.00000,751.0,1250.0,,,
7589,CHILDMORT5TO14,Mortality rate for 5-14 year-olds (probability of dying per 1000 children aged 5-14 years),https://www.who.int/data/gho/indicator-metadata-registry/imr-details/4802,,,,PUBLISHED,Published,,1968.0,1968,,AFR,1968,1968,Africa,,NGA,Nigeria,,,,,BTSX,Both sexes,,,,,,,,62.1 [46.6-83.9],62.10016,46.59384,83.87969,,,
7590,CHILDMORT5TO14,Mortality rate for 5-14 year-olds (probability of dying per 1000 children aged 5-14 years),https://www.who.int/data/gho/indicator-metadata-registry/imr-details/4802,,,,PUBLISHED,Published,,1969.0,1969,,AFR,1969,1969,Africa,,NGA,Nigeria,,,,,BTSX,Both sexes,,,,,,,,60.7 [46.0-81.5],60.70861,45.98758,81.50216,,,
7591,CHILDMORT5TO14,Mortality rate for 5-14 year-olds (probability of dying per 1000 children aged 5-14 years),https://www.who.int/data/gho/indicator-metadata-registry/imr-details/4802,,,,PUBLISHED,Published,,1970.0,1970,,AFR,1970,1970,Africa,,NGA,Nigeria,,,,,BTSX,Both sexes,,,,,,,,59.4 [45.5-78.9],59.38601,45.45467,78.88432,,,
7592,CHILDMORT5TO14,Mortality rate for 5-14 year-olds (probability of dying per 1000 children aged 5-14 years),https://www.who.int/data/gho/indicator-metadata-registry/imr-details/4802,,,,PUBLISHED,Published,,1971.0,1971,,AFR,1971,1971,Africa,,NGA,Nigeria,,,,,BTSX,Both sexes,,,,,,,,58.0 [44.7-76.4],58.03117,44.7235,76.39588,,,
7593,CHILDMORT5TO14,Mortality rate for 5-14 year-olds (probability of dying per 1000 children aged 5-14 years),https://www.who.int/data/gho/indicator-metadata-registry/imr-details/4802,,,,PUBLISHED,Published,,1972.0,1972,,AFR,1972,1972,Africa,,NGA,Nigeria,,,,,BTSX,Both sexes,,,,,,,,56.7 [44.0-74.2],56.69665,44.04088,74.20855,,,
7594,CHILDMORT5TO14,Mortality rate for 5-14 year-olds (probability of dying per 1000 children aged 5-14 years),https://www.who.int/data/gho/indicator-metadata-registry/imr-details/4802,,,,PUBLISHED,Published,,1985.0,1985,,AFR,1985,1985,Africa,,NGA,Nigeria,,,,,BTSX,Both sexes,,,,,,,,42.7 [34.6-50.1],42.66037,34.55404,50.09381,,,
7595,CHILDMORT5TO14,Mortality rate for 5-14 year-olds (probability of dying per 1000 children aged 5-14 years),https://www.who.int/data/gho/indicator-metadata-registry/imr-details/4802,,,,PUBLISHED,Published,,1986.0,1986,,AFR,1986,1986,Africa,,NGA,Nigeria,,,,,BTSX,Both sexes,,,,,,,,42.1 [34.5-49.3],42.12683,34.46115,49.28331,,,
7596,CHILDMORT5TO14,Mortality rate for 5-14 year-olds (probability of dying per 1000 children aged 5-14 years),https://www.who.int/data/gho/indicator-metadata-registry/imr-details/4802,,,,PUBLISHED,Published,,1987.0,1987,,AFR,1987,1987,Africa,,NGA,Nigeria,,,,,BTSX,Both sexes,,,,,,,,41.7 [34.6-48.5],41.68502,34.62935,48.47541,,,
7597,CHILDMORT5TO14,Mortality rate for 5-14 year-olds (probability of dying per 1000 children aged 5-14 years),https://www.who.int/data/gho/indicator-metadata-registry/imr-details/4802,,,,PUBLISHED,Published,,1988.0,1988,,AFR,1988,1988,Africa,,NGA,Nigeria,,,,,BTSX,Both sexes,,,,,,,,41.3 [34.9-47.8],41.28964,34.85775,47.84183,,,
7598,CHILDMORT5TO14,Mortality rate for 5-14 year-olds (probability of dying per 1000 children aged 5-14 years),https://www.who.int/data/gho/indicator-metadata-registry/imr-details/4802,,,,PUBLISHED,Published,,2002.0,2002,,AFR,2002,2002,Africa,,NGA,Nigeria,,,,,BTSX,Both sexes,,,,,,,,31.5 [28.5-35.0],31.54557,28.49592,35.00516,,,
7599,CHILDMORT5TO14,Mortality rate for 5-14 year-olds (probability of dying per 1000 children aged 5-14 years),https://www.who.int/data/gho/indicator-metadata-registry/imr-details/4802,,,,PUBLISHED,Published,,2003.0,2003,,AFR,2003,2003,Africa,,NGA,Nigeria,,,,,BTSX,Both sexes,,,,,,,,30.6 [27.5-34.1],30.60205,27.52878,34.07054,,,
7600,CHILDMORT5TO14,Mortality rate for 5-14 year-olds (probability of dying per 1000 children aged 5-14 years),https://www.who.int/data/gho/indicator-metadata-registry/imr-details/4802,,,,PUBLISHED,Published,,2004.0,2004,,AFR,2004,2004,Africa,,NGA,Nigeria,,,,,BTSX,Both sexes,,,,,,,,29.8 [26.6-33.3],29.75313,26.61196,33.25152,,,
7601,CHILDMORT5TO14,Mortality rate for 5-14 year-olds (probability of dying per 1000 children aged 5-14 years),https://www.who.int/data/gho/indicator-metadata-registry/imr-details/4802,,,,PUBLISHED,Published,,2005.0,2005,,AFR,2005,2005,Africa,,NGA,Nigeria,,,,,BTSX,Both sexes,,,,,,,,28.9 [25.7-32.6],28.91076,25.707,32.55944,,,
7602,CHILDMORT5TO14,Mortality rate for 5-14 year-olds (probability of dying per 1000 children aged 5-14 years),https://www.who.int/data/gho/indicator-metadata-registry/imr-details/4802,,,,PUBLISHED,Published,,2018.0,2018,,AFR,2018,2018,Africa,,NGA,Nigeria,,,,,BTSX,Both sexes,,,,,,,,19.9 [13.3-28.3],19.85486,13.3277,28.27534,,,
7603,CM_01,Number of under-five deaths (thousands),https://www.who.int/data/gho/indicator-metadata-registry/imr-details/2712,,,,PUBLISHED,Published,,2015.0,2015,,AFR,2015,2015,Africa,,NGA,Nigeria,,,,,FMLE,Female,,,,,,,,396763,396763.00000,,,,,
7604,CM_01,Number of under-five deaths (thousands),https://www.who.int/data/gho/indicator-metadata-registry/imr-details/2712,,,,PUBLISHED,Published,,2015.0,2015,,AFR,2015,2015,Africa,,NGA,Nigeria,,,,,MLE,Male,,,,,,,,470506,470506.00000,,,,,
7605,CM_01,Number of under-five deaths (thousands),https://www.who.int/data/gho/indicator-metadata-registry/imr-details/2712,,,,PUBLISHED,Published,,2014.0,2014,,AFR,2014,2014,Africa,,NGA,Nigeria,,,,,BTSX,Both sexes,,,,,,,,863618,863618.00000,,,,,
7606,CM_01,Number of under-five deaths (thousands),https://www.who.int/data/gho/indicator-metadata-registry/imr-details/2712,,,,PUBLISHED,Published,,2014.0,2014,,AFR,2014,2014,Africa,,NGA,Nigeria,,,,,FMLE,Female,,,,,,,,395082,395082.00000,,,,,
7607,CM_01,Number of under-five deaths (thousands),https://www.who.int/data/gho/indicator-metadata-registry/imr-details/2712,,,,PUBLISHED,Published,,2014.0,2014,,AFR,2014,2014,Africa,,NGA,Nigeria,,,,,MLE,Male,,,,,,,,468536,468536.00000,,,,,
7608,CM_01,Number of under-five deaths (thousands),https://www.who.int/data/gho/indicator-metadata-registry/imr-details/2712,,,,PUBLISHED,Published,,2009.0,2009,,AFR,2009,2009,Africa,,NGA,Nigeria,,,,,BTSX,Both sexes,,,,,,,,854437,854437.00000,,,,,
7609,CM_01,Number of under-five deaths (thousands),https://www.who.int/data/gho/indicator-metadata-registry/imr-details/2712,,,,PUBLISHED,Published,,2009.0,2009,,AFR,2009,2009,Africa,,NGA,Nigeria,,,,,FMLE,Female,,,,,,,,391315,391315.00000,,,,,
7610,CM_01,Number of under-five deaths (thousands),https://www.who.int/data/gho/indicator-metadata-registry/imr-details/2712,,,,PUBLISHED,Published,,2009.0,2009,,AFR,2009,2009,Africa,,NGA,Nigeria,,,,,MLE,Male,,,,,,,,463122,463122.00000,,,,,
7611,CM_01,Number of under-five deaths (thousands),https://www.who.int/data/gho/indicator-metadata-registry/imr-details/2712,,,,PUBLISHED,Published,,2008.0,2008,,AFR,2008,2008,Africa,,NGA,Nigeria,,,,,BTSX,Both sexes,,,,,,,,858503,858503.00000,,,,,
7612,CM_01,Number of under-five deaths (thousands),https://www.who.int/data/gho/indicator-metadata-registry/imr-details/2712,,,,PUBLISHED,Published,,2004.0,2004,,AFR,2004,2004,Africa,,NGA,Nigeria,,,,,MLE,Male,,,,,,,,483048,483048.00000,,,,,
7613,CM_01,Number of under-five deaths (thousands),https://www.who.int/data/gho/indicator-metadata-registry/imr-details/2712,,,,PUBLISHED,Published,,2003.0,2003,,AFR,2003,2003,Africa,,NGA,Nigeria,,,,,BTSX,Both sexes,,,,,,,,904519,904519.00000,,,,,
7614,CM_01,Number of under-five deaths (thousands),https://www.who.int/data/gho/indicator-metadata-registry/imr-details/2712,,,,PUBLISHED,Published,,2003.0,2003,,AFR,2003,2003,Africa,,NGA,Nigeria,,,,,FMLE,Female,,,,,,,,416559,416559.00000,,,,,
7615,CM_01,Number of under-five deaths (thousands),https://www.who.int/data/gho/indicator-metadata-registry/imr-details/2712,,,,PUBLISHED,Published,,2003.0,2003,,AFR,2003,2003,Africa,,NGA,Nigeria,,,,,MLE,Male,,,,,,,,487960,487960.00000,,,,,
7616,CM_01,Number of under-five deaths (thousands),https://www.who.int/data/gho/indicator-metadata-registry/imr-details/2712,,,,PUBLISHED,Published,,1998.0,1998,,AFR,1998,1998,Africa,,NGA,Nigeria,,,,,FMLE,Female,,,,,,,,432639,432639.00000,,,,,
7617,CM_01,Number of under-five deaths (thousands),https://www.who.int/data/gho/indicator-metadata-registry/imr-details/2712,,,,PUBLISHED,Published,,1998.0,1998,,AFR,1998,1998,Africa,,NGA,Nigeria,,,,,MLE,Male,,,,,,,,503857,503857.00000,,,,,
7618,CM_01,Number of under-five deaths (thousands),https://www.who.int/data/gho/indicator-metadata-registry/imr-details/2712,,,,PUBLISHED,Published,,1997.0,1997,,AFR,1997,1997,Africa,,NGA,Nigeria,,,,,BTSX,Both sexes,,,,,,,,936084,936084.00000,,,,,
7619,CM_01,Number of under-five deaths (thousands),https://www.who.int/data/gho/indicator-metadata-registry/imr-details/2712,,,,PUBLISHED,Published,,1997.0,1997,,AFR,1997,1997,Africa,,NGA,Nigeria,,,,,FMLE,Female,,,,,,,,432899,432899.00000,,,,,
7620,CM_01,Number of under-five deaths (thousands),https://www.who.int/data/gho/indicator-metadata-registry/imr-details/2712,,,,PUBLISHED,Published,,1993.0,1993,,AFR,1993,1993,Africa,,NGA,Nigeria,,,,,MLE,Male,,,,,,,,483197,483197.00000,,,,,
7621,CM_01,Number of under-five deaths (thousands),https://www.who.int/data/gho/indicator-metadata-registry/imr-details/2712,,,,PUBLISHED,Published,,1992.0,1992,,AFR,1992,1992,Africa,,NGA,Nigeria,,,,,BTSX,Both sexes,,,,,,,,883270,883270.00000,,,,,
7622,CM_01,Number of under-five deaths (thousands),https://www.who.int/data/gho/indicator-metadata-registry/imr-details/2712,,,,PUBLISHED,Published,,1992.0,1992,,AFR,1992,1992,Africa,,NGA,Nigeria,,,,,FMLE,Female,,,,,,,,407480,407480.00000,,,,,
7623,CM_01,Number of under-five deaths (thousands),https://www.who.int/data/gho/indicator-metadata-registry/imr-details/2712,,,,PUBLISHED,Published,,1992.0,1992,,AFR,1992,1992,Africa,,NGA,Nigeria,,,,,MLE,Male,,,,,,,,475790,475790.00000,,,,,
7624,CM_01,Number of under-five deaths (thousands),https://www.who.int/data/gho/indicator-metadata-registry/imr-details/2712,,,,PUBLISHED,Published,,1987.0,1987,,AFR,1987,1987,Africa,,NGA,Nigeria,,,,,FMLE,Female,,,,,,,,369770,369770.00000,,,,,
7625,CM_01,Number of under-five deaths (thousands),https://www.who.int/data/gho/indicator-metadata-registry/imr-details/2712,,,,PUBLISHED,Published,,1987.0,1987,,AFR,1987,1987,Africa,,NGA,Nigeria,,,,,MLE,Male,,,,,,,,432303,432303.00000,,,,,
7626,CM_01,Number of under-five deaths (thousands),https://www.who.int/data/gho/indicator-metadata-registry/imr-details/2712,,,,PUBLISHED,Published,,1986.0,1986,,AFR,1986,1986,Africa,,NGA,Nigeria,,,,,BTSX,Both sexes,,,,,,,,782753,782753.00000,,,,,
7627,CM_01,Number of under-five deaths (thousands),https://www.who.int/data/gho/indicator-metadata-registry/imr-details/2712,,,,PUBLISHED,Published,,1986.0,1986,,AFR,1986,1986,Africa,,NGA,Nigeria,,,,,FMLE,Female,,,,,,,,360980,360980.00000,,,,,
7628,CM_01,Number of under-five deaths (thousands),https://www.who.int/data/gho/indicator-metadata-registry/imr-details/2712,,,,PUBLISHED,Published,,1981.0,1981,,AFR,1981,1981,Africa,,NGA,Nigeria,,,,,BTSX,Both sexes,,,,,,,,702682,702682.00000,,,,,
7629,CM_01,Number of under-five deaths (thousands),https://www.who.int/data/gho/indicator-metadata-registry/imr-details/2712,,,,PUBLISHED,Published,,1981.0,1981,,AFR,1981,1981,Africa,,NGA,Nigeria,,,,,FMLE,Female,,,,,,,,324530,324530.00000,,,,,
7630,CM_01,Number of under-five deaths (thousands),https://www.who.int/data/gho/indicator-metadata-registry/imr-details/2712,,,,PUBLISHED,Published,,1981.0,1981,,AFR,1981,1981,Africa,,NGA,Nigeria,,,,,MLE,Male,,,,,,,,378152,378152.00000,,,,,
7631,CM_01,Number of under-five deaths (thousands),https://www.who.int/data/gho/indicator-metadata-registry/imr-details/2712,,,,PUBLISHED,Published,,1980.0,1980,,AFR,1980,1980,Africa,,NGA,Nigeria,,,,,BTSX,Both sexes,,,,,,,,694667,694667.00000,,,,,
7632,CM_01,Number of under-five deaths (thousands),https://www.who.int/data/gho/indicator-metadata-registry/imr-details/2712,,,,PUBLISHED,Published,,1976.0,1976,,AFR,1976,1976,Africa,,NGA,Nigeria,,,,,FMLE,Female,,,,,,,,317807,317807.00000,,,,,
7633,CM_01,Number of under-five deaths (thousands),https://www.who.int/data/gho/indicator-metadata-registry/imr-details/2712,,,,PUBLISHED,Published,,1976.0,1976,,AFR,1976,1976,Africa,,NGA,Nigeria,,,,,MLE,Male,,,,,,,,369008,369008.00000,,,,,
7634,CM_01,Number of under-five deaths (thousands),https://www.who.int/data/gho/indicator-metadata-registry/imr-details/2712,,,,PUBLISHED,Published,,1975.0,1975,,AFR,1975,1975,Africa,,NGA,Nigeria,,,,,BTSX,Both sexes,,,,,,,,688247,688247.00000,,,,,
7635,CM_01,Number of under-five deaths (thousands),https://www.who.int/data/gho/indicator-metadata-registry/imr-details/2712,,,,PUBLISHED,Published,,1975.0,1975,,AFR,1975,1975,Africa,,NGA,Nigeria,,,,,FMLE,Female,,,,,,,,318698,318698.00000,,,,,
7636,CM_01,Number of under-five deaths (thousands),https://www.who.int/data/gho/indicator-metadata-registry/imr-details/2712,,,,PUBLISHED,Published,,1975.0,1975,,AFR,1975,1975,Africa,,NGA,Nigeria,,,,,MLE,Male,,,,,,,,369549,369549.00000,,,,,
7637,CM_01,Number of under-five deaths (thousands),https://www.who.int/data/gho/indicator-metadata-registry/imr-details/2712,,,,PUBLISHED,Published,,1970.0,1970,,AFR,1970,1970,Africa,,NGA,Nigeria,,,,,BTSX,Both sexes,,,,,,,,697104,697104.00000,,,,,
7638,CM_01,Number of under-five deaths (thousands),https://www.who.int/data/gho/indicator-metadata-registry/imr-details/2712,,,,PUBLISHED,Published,,1970.0,1970,,AFR,1970,1970,Africa,,NGA,Nigeria,,,,,FMLE,Female,,,,,,,,323759,323759.00000,,,,,
7639,CM_01,Number of under-five deaths (thousands),https://www.who.int/data/gho/indicator-metadata-registry/imr-details/2712,,,,PUBLISHED,Published,,1970.0,1970,,AFR,1970,1970,Africa,,NGA,Nigeria,,,,,MLE,Male,,,,,,,,373345,373345.00000,,,,,
7640,CM_01,Number of under-five deaths (thousands),https://www.who.int/data/gho/indicator-metadata-registry/imr-details/2712,,,,PUBLISHED,Published,,1969.0,1969,,AFR,1969,1969,Africa,,NGA,Nigeria,,,,,BTSX,Both sexes,,,,,,,,697843,697843.00000,,,,,
7641,CM_02,Number of infant deaths (thousands),https://www.who.int/data/gho/indicator-metadata-registry/imr-details/2711,,,,PUBLISHED,Published,,2014.0,2014,,AFR,2014,2014,Africa,,NGA,Nigeria,,,,,FMLE,Female,,,,,,,,241210,241210.00000,,,,,
7642,CM_02,Number of infant deaths (thousands),https://www.who.int/data/gho/indicator-metadata-registry/imr-details/2711,,,,PUBLISHED,Published,,2014.0,2014,,AFR,2014,2014,Africa,,NGA,Nigeria,,,,,MLE,Male,,,,,,,,306874,306874.00000,,,,,
7643,CM_02,Number of infant deaths (thousands),https://www.who.int/data/gho/indicator-metadata-registry/imr-details/2711,,,,PUBLISHED,Published,,2013.0,2013,,AFR,2013,2013,Africa,,NGA,Nigeria,,,,,BTSX,Both sexes,,,,,,,,545530,545530.00000,,,,,
7644,CM_02,Number of infant deaths (thousands),https://www.who.int/data/gho/indicator-metadata-registry/imr-details/2711,,,,PUBLISHED,Published,,2013.0,2013,,AFR,2013,2013,Africa,,NGA,Nigeria,,,,,FMLE,Female,,,,,,,,239930,239930.00000,,,,,
7645,CM_02,Number of infant deaths (thousands),https://www.who.int/data/gho/indicator-metadata-registry/imr-details/2711,,,,PUBLISHED,Published,,2009.0,2009,,AFR,2009,2009,Africa,,NGA,Nigeria,,,,,MLE,Male,,,,,,,,301994,301994.00000,,,,,
7646,CM_02,Number of infant deaths (thousands),https://www.who.int/data/gho/indicator-metadata-registry/imr-details/2711,,,,PUBLISHED,Published,,2008.0,2008,,AFR,2008,2008,Africa,,NGA,Nigeria,,,,,BTSX,Both sexes,,,,,,,,540663,540663.00000,,,,,
7647,CM_02,Number of infant deaths (thousands),https://www.who.int/data/gho/indicator-metadata-registry/imr-details/2711,,,,PUBLISHED,Published,,2008.0,2008,,AFR,2008,2008,Africa,,NGA,Nigeria,,,,,FMLE,Female,,,,,,,,238088,238088.00000,,,,,
7648,CM_02,Number of infant deaths (thousands),https://www.who.int/data/gho/indicator-metadata-registry/imr-details/2711,,,,PUBLISHED,Published,,2008.0,2008,,AFR,2008,2008,Africa,,NGA,Nigeria,,,,,MLE,Male,,,,,,,,302575,302575.00000,,,,,
7649,CM_02,Number of infant deaths (thousands),https://www.who.int/data/gho/indicator-metadata-registry/imr-details/2711,,,,PUBLISHED,Published,,2003.0,2003,,AFR,2003,2003,Africa,,NGA,Nigeria,,,,,FMLE,Female,,,,,,,,248102,248102.00000,,,,,
7650,CM_02,Number of infant deaths (thousands),https://www.who.int/data/gho/indicator-metadata-registry/imr-details/2711,,,,PUBLISHED,Published,,2003.0,2003,,AFR,2003,2003,Africa,,NGA,Nigeria,,,,,MLE,Male,,,,,,,,311823,311823.00000,,,,,
7651,CM_02,Number of infant deaths (thousands),https://www.who.int/data/gho/indicator-metadata-registry/imr-details/2711,,,,PUBLISHED,Published,,2002.0,2002,,AFR,2002,2002,Africa,,NGA,Nigeria,,,,,BTSX,Both sexes,,,,,,,,563855,563855.00000,,,,,
7652,CM_02,Number of infant deaths (thousands),https://www.who.int/data/gho/indicator-metadata-registry/imr-details/2711,,,,PUBLISHED,Published,,2002.0,2002,,AFR,2002,2002,Africa,,NGA,Nigeria,,,,,FMLE,Female,,,,,,,,250540,250540.00000,,,,,
7653,CM_02,Number of infant deaths (thousands),https://www.who.int/data/gho/indicator-metadata-registry/imr-details/2711,,,,PUBLISHED,Published,,1997.0,1997,,AFR,1997,1997,Africa,,NGA,Nigeria,,,,,BTSX,Both sexes,,,,,,,,567007,567007.00000,,,,,
7654,CM_02,Number of infant deaths (thousands),https://www.who.int/data/gho/indicator-metadata-registry/imr-details/2711,,,,PUBLISHED,Published,,1997.0,1997,,AFR,1997,1997,Africa,,NGA,Nigeria,,,,,FMLE,Female,,,,,,,,253046,253046.00000,,,,,
7655,CM_02,Number of infant deaths (thousands),https://www.who.int/data/gho/indicator-metadata-registry/imr-details/2711,,,,PUBLISHED,Published,,1997.0,1997,,AFR,1997,1997,Africa,,NGA,Nigeria,,,,,MLE,Male,,,,,,,,313961,313961.00000,,,,,
7656,CM_02,Number of infant deaths (thousands),https://www.who.int/data/gho/indicator-metadata-registry/imr-details/2711,,,,PUBLISHED,Published,,1996.0,1996,,AFR,1996,1996,Africa,,NGA,Nigeria,,,,,BTSX,Both sexes,,,,,,,,562986,562986.00000,,,,,
7657,CM_02,Number of infant deaths (thousands),https://www.who.int/data/gho/indicator-metadata-registry/imr-details/2711,,,,PUBLISHED,Published,,1992.0,1992,,AFR,1992,1992,Africa,,NGA,Nigeria,,,,,FMLE,Female,,,,,,,,236181,236181.00000,,,,,
7658,CM_02,Number of infant deaths (thousands),https://www.who.int/data/gho/indicator-metadata-registry/imr-details/2711,,,,PUBLISHED,Published,,1992.0,1992,,AFR,1992,1992,Africa,,NGA,Nigeria,,,,,MLE,Male,,,,,,,,294381,294381.00000,,,,,
7659,CM_02,Number of infant deaths (thousands),https://www.who.int/data/gho/indicator-metadata-registry/imr-details/2711,,,,PUBLISHED,Published,,1991.0,1991,,AFR,1991,1991,Africa,,NGA,Nigeria,,,,,BTSX,Both sexes,,,,,,,,521173,521173.00000,,,,,
7660,CM_02,Number of infant deaths (thousands),https://www.who.int/data/gho/indicator-metadata-registry/imr-details/2711,,,,PUBLISHED,Published,,1991.0,1991,,AFR,1991,1991,Africa,,NGA,Nigeria,,,,,FMLE,Female,,,,,,,,231954,231954.00000,,,,,
7661,CM_02,Number of infant deaths (thousands),https://www.who.int/data/gho/indicator-metadata-registry/imr-details/2711,,,,PUBLISHED,Published,,1991.0,1991,,AFR,1991,1991,Africa,,NGA,Nigeria,,,,,MLE,Male,,,,,,,,289219,289219.00000,,,,,
7662,CM_02,Number of infant deaths (thousands),https://www.who.int/data/gho/indicator-metadata-registry/imr-details/2711,,,,PUBLISHED,Published,,1986.0,1986,,AFR,1986,1986,Africa,,NGA,Nigeria,,,,,BTSX,Both sexes,,,,,,,,469941,469941.00000,,,,,
7663,CM_02,Number of infant deaths (thousands),https://www.who.int/data/gho/indicator-metadata-registry/imr-details/2711,,,,PUBLISHED,Published,,1986.0,1986,,AFR,1986,1986,Africa,,NGA,Nigeria,,,,,FMLE,Female,,,,,,,,209806,209806.00000,,,,,
7664,CM_02,Number of infant deaths (thousands),https://www.who.int/data/gho/indicator-metadata-registry/imr-details/2711,,,,PUBLISHED,Published,,1986.0,1986,,AFR,1986,1986,Africa,,NGA,Nigeria,,,,,MLE,Male,,,,,,,,260135,260135.00000,,,,,
7665,CM_02,Number of infant deaths (thousands),https://www.who.int/data/gho/indicator-metadata-registry/imr-details/2711,,,,PUBLISHED,Published,,1985.0,1985,,AFR,1985,1985,Africa,,NGA,Nigeria,,,,,BTSX,Both sexes,,,,,,,,459001,459001.00000,,,,,
7666,CM_02,Number of infant deaths (thousands),https://www.who.int/data/gho/indicator-metadata-registry/imr-details/2711,,,,PUBLISHED,Published,,1981.0,1981,,AFR,1981,1981,Africa,,NGA,Nigeria,,,,,MLE,Male,,,,,,,,234584,234584.00000,,,,,
7667,CM_02,Number of infant deaths (thousands),https://www.who.int/data/gho/indicator-metadata-registry/imr-details/2711,,,,PUBLISHED,Published,,1980.0,1980,,AFR,1980,1980,Africa,,NGA,Nigeria,,,,,BTSX,Both sexes,,,,,,,,420520,420520.00000,,,,,
7668,CM_02,Number of infant deaths (thousands),https://www.who.int/data/gho/indicator-metadata-registry/imr-details/2711,,,,PUBLISHED,Published,,1980.0,1980,,AFR,1980,1980,Africa,,NGA,Nigeria,,,,,FMLE,Female,,,,,,,,188496,188496.00000,,,,,
7669,CM_02,Number of infant deaths (thousands),https://www.who.int/data/gho/indicator-metadata-registry/imr-details/2711,,,,PUBLISHED,Published,,1980.0,1980,,AFR,1980,1980,Africa,,NGA,Nigeria,,,,,MLE,Male,,,,,,,,232024,232024.00000,,,,,
7670,CM_02,Number of infant deaths (thousands),https://www.who.int/data/gho/indicator-metadata-registry/imr-details/2711,,,,PUBLISHED,Published,,1975.0,1975,,AFR,1975,1975,Africa,,NGA,Nigeria,,,,,FMLE,Female,,,,,,,,187369,187369.00000,,,,,
7671,CM_02,Number of infant deaths (thousands),https://www.who.int/data/gho/indicator-metadata-registry/imr-details/2711,,,,PUBLISHED,Published,,1975.0,1975,,AFR,1975,1975,Africa,,NGA,Nigeria,,,,,MLE,Male,,,,,,,,230152,230152.00000,,,,,
7672,CM_02,Number of infant deaths (thousands),https://www.who.int/data/gho/indicator-metadata-registry/imr-details/2711,,,,PUBLISHED,Published,,1974.0,1974,,AFR,1974,1974,Africa,,NGA,Nigeria,,,,,BTSX,Both sexes,,,,,,,,418753,418753.00000,,,,,
7673,CM_02,Number of infant deaths (thousands),https://www.who.int/data/gho/indicator-metadata-registry/imr-details/2711,,,,PUBLISHED,Published,,1974.0,1974,,AFR,1974,1974,Africa,,NGA,Nigeria,,,,,FMLE,Female,,,,,,,,188021,188021.00000,,,,,
7674,CM_02,Number of infant deaths (thousands),https://www.who.int/data/gho/indicator-metadata-registry/imr-details/2711,,,,PUBLISHED,Published,,1970.0,1970,,AFR,1970,1970,Africa,,NGA,Nigeria,,,,,MLE,Male,,,,,,,,231859,231859.00000,,,,,
7675,CM_02,Number of infant deaths (thousands),https://www.who.int/data/gho/indicator-metadata-registry/imr-details/2711,,,,PUBLISHED,Published,,1969.0,1969,,AFR,1969,1969,Africa,,NGA,Nigeria,,,,,BTSX,Both sexes,,,,,,,,421199,421199.00000,,,,,
7676,CM_02,Number of infant deaths (thousands),https://www.who.int/data/gho/indicator-metadata-registry/imr-details/2711,,,,PUBLISHED,Published,,1969.0,1969,,AFR,1969,1969,Africa,,NGA,Nigeria,,,,,FMLE,Female,,,,,,,,189413,189413.00000,,,,,
7677,CM_02,Number of infant deaths (thousands),https://www.who.int/data/gho/indicator-metadata-registry/imr-details/2711,,,,PUBLISHED,Published,,1969.0,1969,,AFR,1969,1969,Africa,,NGA,Nigeria,,,,,MLE,Male,,,,,,,,231786,231786.00000,,,,,
7678,CM_03,Number of neonatal deaths (thousands),https://www.who.int/data/gho/indicator-metadata-registry/imr-details/2714,,,,PUBLISHED,Published,,2015.0,2015,,AFR,2015,2015,Africa,,NGA,Nigeria,,,,,BTSX,Both sexes,,,,,,,,262605,262605.00000,,,,,
7679,CM_03,Number of neonatal deaths (thousands),https://www.who.int/data/gho/indicator-metadata-registry/imr-details/2714,,,,PUBLISHED,Published,,2014.0,2014,,AFR,2014,2014,Africa,,NGA,Nigeria,,,,,BTSX,Both sexes,,,,,,,,260279,260279.00000,,,,,
7680,CM_03,Number of neonatal deaths (thousands),https://www.who.int/data/gho/indicator-metadata-registry/imr-details/2714,,,,PUBLISHED,Published,,2013.0,2013,,AFR,2013,2013,Africa,,NGA,Nigeria,,,,,BTSX,Both sexes,,,,,,,,258164,258164.00000,,,,,
7681,CM_03,Number of neonatal deaths (thousands),https://www.who.int/data/gho/indicator-metadata-registry/imr-details/2714,,,,PUBLISHED,Published,,2012.0,2012,,AFR,2012,2012,Africa,,NGA,Nigeria,,,,,BTSX,Both sexes,,,,,,,,255749,255749.00000,,,,,
7682,CM_03,Number of neonatal deaths (thousands),https://www.who.int/data/gho/indicator-metadata-registry/imr-details/2714,,,,PUBLISHED,Published,,1998.0,1998,,AFR,1998,1998,Africa,,NGA,Nigeria,,,,,BTSX,Both sexes,,,,,,,,248518,248518.00000,,,,,
7683,CM_03,Number of neonatal deaths (thousands),https://www.who.int/data/gho/indicator-metadata-registry/imr-details/2714,,,,PUBLISHED,Published,,1997.0,1997,,AFR,1997,1997,Africa,,NGA,Nigeria,,,,,BTSX,Both sexes,,,,,,,,246093,246093.00000,,,,,
7684,CM_03,Number of neonatal deaths (thousands),https://www.who.int/data/gho/indicator-metadata-registry/imr-details/2714,,,,PUBLISHED,Published,,1996.0,1996,,AFR,1996,1996,Africa,,NGA,Nigeria,,,,,BTSX,Both sexes,,,,,,,,242444,242444.00000,,,,,
7685,CM_03,Number of neonatal deaths (thousands),https://www.who.int/data/gho/indicator-metadata-registry/imr-details/2714,,,,PUBLISHED,Published,,1995.0,1995,,AFR,1995,1995,Africa,,NGA,Nigeria,,,,,BTSX,Both sexes,,,,,,,,238074,238074.00000,,,,,
7686,CM_03,Number of neonatal deaths (thousands),https://www.who.int/data/gho/indicator-metadata-registry/imr-details/2714,,,,PUBLISHED,Published,,1982.0,1982,,AFR,1982,1982,Africa,,NGA,Nigeria,,,,,BTSX,Both sexes,,,,,,,,185948,185948.00000,,,,,
7687,CM_03,Number of neonatal deaths (thousands),https://www.who.int/data/gho/indicator-metadata-registry/imr-details/2714,,,,PUBLISHED,Published,,1981.0,1981,,AFR,1981,1981,Africa,,NGA,Nigeria,,,,,BTSX,Both sexes,,,,,,,,185050,185050.00000,,,,,
7688,CM_03,Number of neonatal deaths (thousands),https://www.who.int/data/gho/indicator-metadata-registry/imr-details/2714,,,,PUBLISHED,Published,,1980.0,1980,,AFR,1980,1980,Africa,,NGA,Nigeria,,,,,BTSX,Both sexes,,,,,,,,184497,184497.00000,,,,,
7689,CM_03,Number of neonatal deaths (thousands),https://www.who.int/data/gho/indicator-metadata-registry/imr-details/2714,,,,PUBLISHED,Published,,1979.0,1979,,AFR,1979,1979,Africa,,NGA,Nigeria,,,,,BTSX,Both sexes,,,,,,,,184060,184060.00000,,,,,
7690,CM_03,Number of neonatal deaths (thousands),https://www.who.int/data/gho/indicator-metadata-registry/imr-details/2714,,,,PUBLISHED,Published,,1978.0,1978,,AFR,1978,1978,Africa,,NGA,Nigeria,,,,,BTSX,Both sexes,,,,,,,,183571,183571.00000,,,,,
7691,MDG_0000000001,Infant mortality rate (probability of dying between birth and age 1 per 1000 live births),https://www.who.int/data/gho/indicator-metadata-registry/imr-details/1,,,,PUBLISHED,Published,,2018.0,2018,,AFR,2018,2018,Africa,,NGA,Nigeria,,,,,FMLE,Female,,,,,,,,68.5,68.48447,,,,,
7692,MDG_0000000001,Infant mortality rate (probability of dying between birth and age 1 per 1000 live births),https://www.who.int/data/gho/indicator-metadata-registry/imr-details/1,,,,PUBLISHED,Published,,2018.0,2018,,AFR,2018,2018,Africa,,NGA,Nigeria,,,,,MLE,Male,,,,,,,,82.6,82.59333,,,,,
7693,MDG_0000000001,Infant mortality rate (probability of dying between birth and age 1 per 1000 live births),https://www.who.int/data/gho/indicator-metadata-registry/imr-details/1,,,,PUBLISHED,Published,,2017.0,2017,,AFR,2017,2017,Africa,,NGA,Nigeria,,,,,BTSX,Both sexes,,,,,,,,76.9,76.88758,,,,,
7694,MDG_0000000001,Infant mortality rate (probability of dying between birth and age 1 per 1000 live births),https://www.who.int/data/gho/indicator-metadata-registry/imr-details/1,,,,PUBLISHED,Published,,2017.0,2017,,AFR,2017,2017,Africa,,NGA,Nigeria,,,,,FMLE,Female,,,,,,,,69.6,69.58311,,,,,
7695,MDG_0000000001,Infant mortality rate (probability of dying between birth and age 1 per 1000 live births),https://www.who.int/data/gho/indicator-metadata-registry/imr-details/1,,,,PUBLISHED,Published,,2012.0,2012,,AFR,2012,2012,Africa,,NGA,Nigeria,,,,,BTSX,Both sexes,,,,,,,,81.5,81.53049,,,,,
7696,MDG_0000000001,Infant mortality rate (probability of dying between birth and age 1 per 1000 live births),https://www.who.int/data/gho/indicator-metadata-registry/imr-details/1,,,,PUBLISHED,Published,,2012.0,2012,,AFR,2012,2012,Africa,,NGA,Nigeria,,,,,FMLE,Female,,,,,,,,73.8,73.76316,,,,,
7697,MDG_0000000001,Infant mortality rate (probability of dying between birth and age 1 per 1000 live births),https://www.who.int/data/gho/indicator-metadata-registry/imr-details/1,,,,PUBLISHED,Published,,2012.0,2012,,AFR,2012,2012,Africa,,NGA,Nigeria,,,,,MLE,Male,,,,,,,,88.9,88.88590,,,,,
7698,MDG_0000000001,Infant mortality rate (probability of dying between birth and age 1 per 1000 live births),https://www.who.int/data/gho/indicator-metadata-registry/imr-details/1,,,,PUBLISHED,Published,,2011.0,2011,,AFR,2011,2011,Africa,,NGA,Nigeria,,,,,BTSX,Both sexes,,,,,,,,82.7,82.66915,,,,,
7699,MDG_0000000001,Infant mortality rate (probability of dying between birth and age 1 per 1000 live births),https://www.who.int/data/gho/indicator-metadata-registry/imr-details/1,,,,PUBLISHED,Published,,2007.0,2007,,AFR,2007,2007,Africa,,NGA,Nigeria,,,,,MLE,Male,,,,,,,,98.3,98.31429,,,,,
7700,MDG_0000000001,Infant mortality rate (probability of dying between birth and age 1 per 1000 live births),https://www.who.int/data/gho/indicator-metadata-registry/imr-details/1,,,,PUBLISHED,Published,,2006.0,2006,,AFR,2006,2006,Africa,,NGA,Nigeria,,,,,BTSX,Both sexes,,,,,,,,92.8,92.80109,,,,,
7701,MDG_0000000001,Infant mortality rate (probability of dying between birth and age 1 per 1000 live births),https://www.who.int/data/gho/indicator-metadata-registry/imr-details/1,,,,PUBLISHED,Published,,2006.0,2006,,AFR,2006,2006,Africa,,NGA,Nigeria,,,,,FMLE,Female,,,,,,,,84,83.99200,,,,,
7702,MDG_0000000001,Infant mortality rate (probability of dying between birth and age 1 per 1000 live births),https://www.who.int/data/gho/indicator-metadata-registry/imr-details/1,,,,PUBLISHED,Published,,2006.0,2006,,AFR,2006,2006,Africa,,NGA,Nigeria,,,,,MLE,Male,,,,,,,,101.2,101.16946,,,,,
7703,MDG_0000000001,Infant mortality rate (probability of dying between birth and age 1 per 1000 live births),https://www.who.int/data/gho/indicator-metadata-registry/imr-details/1,,,,PUBLISHED,Published,,2001.0,2001,,AFR,2001,2001,Africa,,NGA,Nigeria,,,,,BTSX,Both sexes,,,,,,,,107.8,107.84087,,,,,
7704,MDG_0000000001,Infant mortality rate (probability of dying between birth and age 1 per 1000 live births),https://www.who.int/data/gho/indicator-metadata-registry/imr-details/1,,,,PUBLISHED,Published,,2001.0,2001,,AFR,2001,2001,Africa,,NGA,Nigeria,,,,,FMLE,Female,,,,,,,,98.7,98.67667,,,,,
7705,MDG_0000000001,Infant mortality rate (probability of dying between birth and age 1 per 1000 live births),https://www.who.int/data/gho/indicator-metadata-registry/imr-details/1,,,,PUBLISHED,Published,,2001.0,2001,,AFR,2001,2001,Africa,,NGA,Nigeria,,,,,MLE,Male,,,,,,,,116.6,116.56580,,,,,
7706,MDG_0000000001,Infant mortality rate (probability of dying between birth and age 1 per 1000 live births),https://www.who.int/data/gho/indicator-metadata-registry/imr-details/1,,,,PUBLISHED,Published,,2000.0,2000,,AFR,2000,2000,Africa,,NGA,Nigeria,,,,,BTSX,Both sexes,,,,,,,,110.9,110.86931,,,,,
7707,MDG_0000000001,Infant mortality rate (probability of dying between birth and age 1 per 1000 live births),https://www.who.int/data/gho/indicator-metadata-registry/imr-details/1,,,,PUBLISHED,Published,,2000.0,2000,,AFR,2000,2000,Africa,,NGA,Nigeria,,,,,FMLE,Female,,,,,,,,101.6,101.57720,,,,,
7708,MDG_0000000001,Infant mortality rate (probability of dying between birth and age 1 per 1000 live births),https://www.who.int/data/gho/indicator-metadata-registry/imr-details/1,,,,PUBLISHED,Published,,1996.0,1996,,AFR,1996,1996,Africa,,NGA,Nigeria,,,,,MLE,Male,,,,,,,,130.4,130.41169,,,,,
7709,MDG_0000000001,Infant mortality rate (probability of dying between birth and age 1 per 1000 live births),https://www.who.int/data/gho/indicator-metadata-registry/imr-details/1,,,,PUBLISHED,Published,,1995.0,1995,,AFR,1995,1995,Africa,,NGA,Nigeria,,,,,BTSX,Both sexes,,,,,,,,122.3,122.33546,,,,,
7710,MDG_0000000001,Infant mortality rate (probability of dying between birth and age 1 per 1000 live births),https://www.who.int/data/gho/indicator-metadata-registry/imr-details/1,,,,PUBLISHED,Published,,1995.0,1995,,AFR,1995,1995,Africa,,NGA,Nigeria,,,,,FMLE,Female,,,,,,,,112.2,112.16163,,,,,
7711,MDG_0000000001,Infant mortality rate (probability of dying between birth and age 1 per 1000 live births),https://www.who.int/data/gho/indicator-metadata-registry/imr-details/1,,,,PUBLISHED,Published,,1995.0,1995,,AFR,1995,1995,Africa,,NGA,Nigeria,,,,,MLE,Male,,,,,,,,132,132.03910,,,,,
7712,MDG_0000000001,Infant mortality rate (probability of dying between birth and age 1 per 1000 live births),https://www.who.int/data/gho/indicator-metadata-registry/imr-details/1,,,,PUBLISHED,Published,,1990.0,1990,,AFR,1990,1990,Africa,,NGA,Nigeria,,,,,FMLE,Female,,,,,,,,114.5,114.52318,,,,,
7713,MDG_0000000001,Infant mortality rate (probability of dying between birth and age 1 per 1000 live births),https://www.who.int/data/gho/indicator-metadata-registry/imr-details/1,,,,PUBLISHED,Published,,1990.0,1990,,AFR,1990,1990,Africa,,NGA,Nigeria,,,,,MLE,Male,,,,,,,,135.1,135.13529,,,,,
7714,MDG_0000000001,Infant mortality rate (probability of dying between birth and age 1 per 1000 live births),https://www.who.int/data/gho/indicator-metadata-registry/imr-details/1,,,,PUBLISHED,Published,,1989.0,1989,,AFR,1989,1989,Africa,,NGA,Nigeria,,,,,BTSX,Both sexes,,,,,,,,125.2,125.15725,,,,,
7715,MDG_0000000001,Infant mortality rate (probability of dying between birth and age 1 per 1000 live births),https://www.who.int/data/gho/indicator-metadata-registry/imr-details/1,,,,PUBLISHED,Published,,1989.0,1989,,AFR,1989,1989,Africa,,NGA,Nigeria,,,,,FMLE,Female,,,,,,,,114.7,114.68302,,,,,
7716,MDG_0000000001,Infant mortality rate (probability of dying between birth and age 1 per 1000 live births),https://www.who.int/data/gho/indicator-metadata-registry/imr-details/1,,,,PUBLISHED,Published,,1984.0,1984,,AFR,1984,1984,Africa,,NGA,Nigeria,,,,,BTSX,Both sexes,,,,,,,,123.3,123.29180,,,,,
7717,MDG_0000000001,Infant mortality rate (probability of dying between birth and age 1 per 1000 live births),https://www.who.int/data/gho/indicator-metadata-registry/imr-details/1,,,,PUBLISHED,Published,,1984.0,1984,,AFR,1984,1984,Africa,,NGA,Nigeria,,,,,FMLE,Female,,,,,,,,113.2,113.24811,,,,,
7718,MDG_0000000001,Infant mortality rate (probability of dying between birth and age 1 per 1000 live births),https://www.who.int/data/gho/indicator-metadata-registry/imr-details/1,,,,PUBLISHED,Published,,1984.0,1984,,AFR,1984,1984,Africa,,NGA,Nigeria,,,,,MLE,Male,,,,,,,,132.8,132.83746,,,,,
7719,MDG_0000000001,Infant mortality rate (probability of dying between birth and age 1 per 1000 live births),https://www.who.int/data/gho/indicator-metadata-registry/imr-details/1,,,,PUBLISHED,Published,,1983.0,1983,,AFR,1983,1983,Africa,,NGA,Nigeria,,,,,BTSX,Both sexes,,,,,,,,123.3,123.25050,,,,,
7720,MDG_0000000001,Infant mortality rate (probability of dying between birth and age 1 per 1000 live births),https://www.who.int/data/gho/indicator-metadata-registry/imr-details/1,,,,PUBLISHED,Published,,1979.0,1979,,AFR,1979,1979,Africa,,NGA,Nigeria,,,,,FMLE,Female,,,,,,,,118.6,118.64732,,,,,
7721,MDG_0000000001,Infant mortality rate (probability of dying between birth and age 1 per 1000 live births),https://www.who.int/data/gho/indicator-metadata-registry/imr-details/1,,,,PUBLISHED,Published,,1979.0,1979,,AFR,1979,1979,Africa,,NGA,Nigeria,,,,,MLE,Male,,,,,,,,138.4,138.42102,,,,,
7722,MDG_0000000001,Infant mortality rate (probability of dying between birth and age 1 per 1000 live births),https://www.who.int/data/gho/indicator-metadata-registry/imr-details/1,,,,PUBLISHED,Published,,1978.0,1978,,AFR,1978,1978,Africa,,NGA,Nigeria,,,,,BTSX,Both sexes,,,,,,,,131.7,131.68292,,,,,
7723,MDG_0000000001,Infant mortality rate (probability of dying between birth and age 1 per 1000 live births),https://www.who.int/data/gho/indicator-metadata-registry/imr-details/1,,,,PUBLISHED,Published,,1978.0,1978,,AFR,1978,1978,Africa,,NGA,Nigeria,,,,,FMLE,Female,,,,,,,,121.4,121.39523,,,,,
7724,MDG_0000000001,Infant mortality rate (probability of dying between birth and age 1 per 1000 live births),https://www.who.int/data/gho/indicator-metadata-registry/imr-details/1,,,,PUBLISHED,Published,,1973.0,1973,,AFR,1973,1973,Africa,,NGA,Nigeria,,,,,BTSX,Both sexes,,,,,,,,154,154.00466,,,,,
7725,MDG_0000000001,Infant mortality rate (probability of dying between birth and age 1 per 1000 live births),https://www.who.int/data/gho/indicator-metadata-registry/imr-details/1,,,,PUBLISHED,Published,,1973.0,1973,,AFR,1973,1973,Africa,,NGA,Nigeria,,,,,FMLE,Female,,,,,,,,142.2,142.17529,,,,,
7726,MDG_0000000001,Infant mortality rate (probability of dying between birth and age 1 per 1000 live births),https://www.who.int/data/gho/indicator-metadata-registry/imr-details/1,,,,PUBLISHED,Published,,1973.0,1973,,AFR,1973,1973,Africa,,NGA,Nigeria,,,,,MLE,Male,,,,,,,,165.3,165.26490,,,,,
7727,MDG_0000000001,Infant mortality rate (probability of dying between birth and age 1 per 1000 live births),https://www.who.int/data/gho/indicator-metadata-registry/imr-details/1,,,,PUBLISHED,Published,,1972.0,1972,,AFR,1972,1972,Africa,,NGA,Nigeria,,,,,BTSX,Both sexes,,,,,,,,159,159.04946,,,,,
7728,MDG_0000000001,Infant mortality rate (probability of dying between birth and age 1 per 1000 live births),https://www.who.int/data/gho/indicator-metadata-registry/imr-details/1,,,,PUBLISHED,Published,,1968.0,1968,,AFR,1968,1968,Africa,,NGA,Nigeria,,,,,MLE,Male,,,,,,,,191.1,191.07031,,,,,
7729,MDG_0000000001,Infant mortality rate (probability of dying between birth and age 1 per 1000 live births),https://www.who.int/data/gho/indicator-metadata-registry/imr-details/1,,,,PUBLISHED,Published,,1967.0,1967,,AFR,1967,1967,Africa,,NGA,Nigeria,,,,,BTSX,Both sexes,,,,,,,,182.4,182.44024,,,,,
7730,MDG_0000000001,Infant mortality rate (probability of dying between birth and age 1 per 1000 live births),https://www.who.int/data/gho/indicator-metadata-registry/imr-details/1,,,,PUBLISHED,Published,,1967.0,1967,,AFR,1967,1967,Africa,,NGA,Nigeria,,,,,FMLE,Female,,,,,,,,168.5,168.53930,,,,,
7731,MDG_0000000001,Infant mortality rate (probability of dying between birth and age 1 per 1000 live births),https://www.who.int/data/gho/indicator-metadata-registry/imr-details/1,,,,PUBLISHED,Published,,1967.0,1967,,AFR,1967,1967,Africa,,NGA,Nigeria,,,,,MLE,Male,,,,,,,,195.7,195.67528,,,,,
7732,MDG_0000000007,Under-five mortality rate (probability of dying by age 5 per 1000 live births),https://www.who.int/data/gho/indicator-metadata-registry/imr-details/7,,,,PUBLISHED,Published,,2015.0,2015,,AFR,2015,2015,Africa,,NGA,Nigeria,,,,,BTSX,Both sexes,,,,,,,,125.4,125.40128,,,,,
7733,MDG_0000000007,Under-five mortality rate (probability of dying by age 5 per 1000 live births),https://www.who.int/data/gho/indicator-metadata-registry/imr-details/7,,,,PUBLISHED,Published,,2015.0,2015,,AFR,2015,2015,Africa,,NGA,Nigeria,,,,,FMLE,Female,,,,,,,,118.1,118.11879,,,,,
7734,MDG_0000000007,Under-five mortality rate (probability of dying by age 5 per 1000 live births),https://www.who.int/data/gho/indicator-metadata-registry/imr-details/7,,,,PUBLISHED,Published,,2015.0,2015,,AFR,2015,2015,Africa,,NGA,Nigeria,,,,,MLE,Male,,,,,,,,132.3,132.33131,,,,,
7735,MDG_0000000007,Under-five mortality rate (probability of dying by age 5 per 1000 live births),https://www.who.int/data/gho/indicator-metadata-registry/imr-details/7,,,,PUBLISHED,Published,,2014.0,2014,,AFR,2014,2014,Africa,,NGA,Nigeria,,,,,BTSX,Both sexes,,,,,,,,126.9,126.90961,,,,,
7736,MDG_0000000007,Under-five mortality rate (probability of dying by age 5 per 1000 live births),https://www.who.int/data/gho/indicator-metadata-registry/imr-details/7,,,,PUBLISHED,Published,,2010.0,2010,,AFR,2010,2010,Africa,,NGA,Nigeria,,,,,MLE,Male,,,,,,,,142.6,142.55410,,,,,
7737,MDG_0000000007,Under-five mortality rate (probability of dying by age 5 per 1000 live births),https://www.who.int/data/gho/indicator-metadata-registry/imr-details/7,,,,PUBLISHED,Published,,2009.0,2009,,AFR,2009,2009,Africa,,NGA,Nigeria,,,,,BTSX,Both sexes,,,,,,,,138.3,138.33309,,,,,
7738,MDG_0000000007,Under-five mortality rate (probability of dying by age 5 per 1000 live births),https://www.who.int/data/gho/indicator-metadata-registry/imr-details/7,,,,PUBLISHED,Published,,2009.0,2009,,AFR,2009,2009,Africa,,NGA,Nigeria,,,,,FMLE,Female,,,,,,,,130.5,130.47426,,,,,
7739,MDG_0000000007,Under-five mortality rate (probability of dying by age 5 per 1000 live births),https://www.who.int/data/gho/indicator-metadata-registry/imr-details/7,,,,PUBLISHED,Published,,2009.0,2009,,AFR,2009,2009,Africa,,NGA,Nigeria,,,,,MLE,Male,,,,,,,,145.8,145.82868,,,,,
7740,MDG_0000000007,Under-five mortality rate (probability of dying by age 5 per 1000 live births),https://www.who.int/data/gho/indicator-metadata-registry/imr-details/7,,,,PUBLISHED,Published,,2004.0,2004,,AFR,2004,2004,Africa,,NGA,Nigeria,,,,,FMLE,Female,,,,,,,,153.1,153.10899,,,,,
7741,MDG_0000000007,Under-five mortality rate (probability of dying by age 5 per 1000 live births),https://www.who.int/data/gho/indicator-metadata-registry/imr-details/7,,,,PUBLISHED,Published,,2004.0,2004,,AFR,2004,2004,Africa,,NGA,Nigeria,,,,,MLE,Male,,,,,,,,169.9,169.93285,,,,,
7742,MDG_0000000007,Under-five mortality rate (probability of dying by age 5 per 1000 live births),https://www.who.int/data/gho/indicator-metadata-registry/imr-details/7,,,,PUBLISHED,Published,,2003.0,2003,,AFR,2003,2003,Africa,,NGA,Nigeria,,,,,BTSX,Both sexes,,,,,,,,167.5,167.48862,,,,,
7743,MDG_0000000007,Under-five mortality rate (probability of dying by age 5 per 1000 live births),https://www.who.int/data/gho/indicator-metadata-registry/imr-details/7,,,,PUBLISHED,Published,,2003.0,2003,,AFR,2003,2003,Africa,,NGA,Nigeria,,,,,FMLE,Female,,,,,,,,158.9,158.92506,,,,,
7744,MDG_0000000007,Under-five mortality rate (probability of dying by age 5 per 1000 live births),https://www.who.int/data/gho/indicator-metadata-registry/imr-details/7,,,,PUBLISHED,Published,,1999.0,1999,,AFR,1999,1999,Africa,,NGA,Nigeria,,,,,MLE,Male,,,,,,,,198.9,198.92890,,,,,
7745,MDG_0000000007,Under-five mortality rate (probability of dying by age 5 per 1000 live births),https://www.who.int/data/gho/indicator-metadata-registry/imr-details/7,,,,PUBLISHED,Published,,1998.0,1998,,AFR,1998,1998,Africa,,NGA,Nigeria,,,,,BTSX,Both sexes,,,,,,,,195.2,195.17801,,,,,
7746,MDG_0000000007,Under-five mortality rate (probability of dying by age 5 per 1000 live births),https://www.who.int/data/gho/indicator-metadata-registry/imr-details/7,,,,PUBLISHED,Published,,1998.0,1998,,AFR,1998,1998,Africa,,NGA,Nigeria,,,,,FMLE,Female,,,,,,,,185.7,185.69571,,,,,
7747,MDG_0000000007,Under-five mortality rate (probability of dying by age 5 per 1000 live births),https://www.who.int/data/gho/indicator-metadata-registry/imr-details/7,,,,PUBLISHED,Published,,1998.0,1998,,AFR,1998,1998,Africa,,NGA,Nigeria,,,,,MLE,Male,,,,,,,,204.3,204.28228,,,,,
7748,MDG_0000000007,Under-five mortality rate (probability of dying by age 5 per 1000 live births),https://www.who.int/data/gho/indicator-metadata-registry/imr-details/7,,,,PUBLISHED,Published,,1997.0,1997,,AFR,1997,1997,Africa,,NGA,Nigeria,,,,,BTSX,Both sexes,,,,,,,,199.6,199.62261,,,,,
7749,MDG_0000000007,Under-five mortality rate (probability of dying by age 5 per 1000 live births),https://www.who.int/data/gho/indicator-metadata-registry/imr-details/7,,,,PUBLISHED,Published,,1993.0,1993,,AFR,1993,1993,Africa,,NGA,Nigeria,,,,,FMLE,Female,,,,,,,,198.8,198.82233,,,,,
7750,MDG_0000000007,Under-five mortality rate (probability of dying by age 5 per 1000 live births),https://www.who.int/data/gho/indicator-metadata-registry/imr-details/7,,,,PUBLISHED,Published,,1993.0,1993,,AFR,1993,1993,Africa,,NGA,Nigeria,,,,,MLE,Male,,,,,,,,218.8,218.78485,,,,,
7751,MDG_0000000007,Under-five mortality rate (probability of dying by age 5 per 1000 live births),https://www.who.int/data/gho/indicator-metadata-registry/imr-details/7,,,,PUBLISHED,Published,,1992.0,1992,,AFR,1992,1992,Africa,,NGA,Nigeria,,,,,BTSX,Both sexes,,,,,,,,209.8,209.84173,,,,,
7752,MDG_0000000007,Under-five mortality rate (probability of dying by age 5 per 1000 live births),https://www.who.int/data/gho/indicator-metadata-registry/imr-details/7,,,,PUBLISHED,Published,,1992.0,1992,,AFR,1992,1992,Africa,,NGA,Nigeria,,,,,FMLE,Female,,,,,,,,199.3,199.33527,,,,,
7753,MDG_0000000007,Under-five mortality rate (probability of dying by age 5 per 1000 live births),https://www.who.int/data/gho/indicator-metadata-registry/imr-details/7,,,,PUBLISHED,Published,,1987.0,1987,,AFR,1987,1987,Africa,,NGA,Nigeria,,,,,BTSX,Both sexes,,,,,,,,210.2,210.15986,,,,,
7754,MDG_0000000007,Under-five mortality rate (probability of dying by age 5 per 1000 live births),https://www.who.int/data/gho/indicator-metadata-registry/imr-details/7,,,,PUBLISHED,Published,,1987.0,1987,,AFR,1987,1987,Africa,,NGA,Nigeria,,,,,FMLE,Female,,,,,,,,199.5,199.45302,,,,,
7755,MDG_0000000007,Under-five mortality rate (probability of dying by age 5 per 1000 live births),https://www.who.int/data/gho/indicator-metadata-registry/imr-details/7,,,,PUBLISHED,Published,,1987.0,1987,,AFR,1987,1987,Africa,,NGA,Nigeria,,,,,MLE,Male,,,,,,,,220.3,220.34558,,,,,
7756,MDG_0000000007,Under-five mortality rate (probability of dying by age 5 per 1000 live births),https://www.who.int/data/gho/indicator-metadata-registry/imr-details/7,,,,PUBLISHED,Published,,1986.0,1986,,AFR,1986,1986,Africa,,NGA,Nigeria,,,,,BTSX,Both sexes,,,,,,,,209.2,209.22855,,,,,
7757,MDG_0000000007,Under-five mortality rate (probability of dying by age 5 per 1000 live births),https://www.who.int/data/gho/indicator-metadata-registry/imr-details/7,,,,PUBLISHED,Published,,1982.0,1982,,AFR,1982,1982,Africa,,NGA,Nigeria,,,,,MLE,Male,,,,,,,,218.2,218.18823,,,,,
7758,MDG_0000000007,Under-five mortality rate (probability of dying by age 5 per 1000 live births),https://www.who.int/data/gho/indicator-metadata-registry/imr-details/7,,,,PUBLISHED,Published,,1981.0,1981,,AFR,1981,1981,Africa,,NGA,Nigeria,,,,,BTSX,Both sexes,,,,,,,,210.3,210.27372,,,,,
7759,MDG_0000000007,Under-five mortality rate (probability of dying by age 5 per 1000 live births),https://www.who.int/data/gho/indicator-metadata-registry/imr-details/7,,,,PUBLISHED,Published,,1981.0,1981,,AFR,1981,1981,Africa,,NGA,Nigeria,,,,,FMLE,Female,,,,,,,,199.9,199.92245,,,,,
7760,MDG_0000000007,Under-five mortality rate (probability of dying by age 5 per 1000 live births),https://www.who.int/data/gho/indicator-metadata-registry/imr-details/7,,,,PUBLISHED,Published,,1981.0,1981,,AFR,1981,1981,Africa,,NGA,Nigeria,,,,,MLE,Male,,,,,,,,220.1,220.11516,,,,,
7761,MDG_0000000007,Under-five mortality rate (probability of dying by age 5 per 1000 live births),https://www.who.int/data/gho/indicator-metadata-registry/imr-details/7,,,,PUBLISHED,Published,,1976.0,1976,,AFR,1976,1976,Africa,,NGA,Nigeria,,,,,BTSX,Both sexes,,,,,,,,236.1,236.14110,,,,,
7762,MDG_0000000007,Under-five mortality rate (probability of dying by age 5 per 1000 live births),https://www.who.int/data/gho/indicator-metadata-registry/imr-details/7,,,,PUBLISHED,Published,,1976.0,1976,,AFR,1976,1976,Africa,,NGA,Nigeria,,,,,FMLE,Female,,,,,,,,225,225.03579,,,,,
7763,MDG_0000000007,Under-five mortality rate (probability of dying by age 5 per 1000 live births),https://www.who.int/data/gho/indicator-metadata-registry/imr-details/7,,,,PUBLISHED,Published,,1976.0,1976,,AFR,1976,1976,Africa,,NGA,Nigeria,,,,,MLE,Male,,,,,,,,246.9,246.86979,,,,,
7764,MDG_0000000007,Under-five mortality rate (probability of dying by age 5 per 1000 live births),https://www.who.int/data/gho/indicator-metadata-registry/imr-details/7,,,,PUBLISHED,Published,,1975.0,1975,,AFR,1975,1975,Africa,,NGA,Nigeria,,,,,BTSX,Both sexes,,,,,,,,243.8,243.77801,,,,,
7765,MDG_0000000007,Under-five mortality rate (probability of dying by age 5 per 1000 live births),https://www.who.int/data/gho/indicator-metadata-registry/imr-details/7,,,,PUBLISHED,Published,,1971.0,1971,,AFR,1971,1971,Africa,,NGA,Nigeria,,,,,MLE,Male,,,,,,,,288.9,288.86438,,,,,
7766,MDG_0000000007,Under-five mortality rate (probability of dying by age 5 per 1000 live births),https://www.who.int/data/gho/indicator-metadata-registry/imr-details/7,,,,PUBLISHED,Published,,1970.0,1970,,AFR,1970,1970,Africa,,NGA,Nigeria,,,,,BTSX,Both sexes,,,,,,,,285.1,285.09700,,,,,
7767,MDG_0000000007,Under-five mortality rate (probability of dying by age 5 per 1000 live births),https://www.who.int/data/gho/indicator-metadata-registry/imr-details/7,,,,PUBLISHED,Published,,1970.0,1970,,AFR,1970,1970,Africa,,NGA,Nigeria,,,,,FMLE,Female,,,,,,,,272.4,272.42140,,,,,
7768,MDG_0000000007,Under-five mortality rate (probability of dying by age 5 per 1000 live births),https://www.who.int/data/gho/indicator-metadata-registry/imr-details/7,,,,PUBLISHED,Published,,1970.0,1970,,AFR,1970,1970,Africa,,NGA,Nigeria,,,,,MLE,Male,,,,,,,,297,297.01294,,,,,
7769,MDG_0000000007,Under-five mortality rate (probability of dying by age 5 per 1000 live births),https://www.who.int/data/gho/indicator-metadata-registry/imr-details/7,,,,PUBLISHED,Published,,1965.0,1965,,AFR,1965,1965,Africa,,NGA,Nigeria,,,,,FMLE,Female,,,,,,,,306.5,306.54388,,,,,
7770,MDG_0000000007,Under-five mortality rate (probability of dying by age 5 per 1000 live births),https://www.who.int/data/gho/indicator-metadata-registry/imr-details/7,,,,PUBLISHED,Published,,1965.0,1965,,AFR,1965,1965,Africa,,NGA,Nigeria,,,,,MLE,Male,,,,,,,,333.1,333.10719,,,,,
7771,MDG_0000000007,Under-five mortality rate (probability of dying by age 5 per 1000 live births),https://www.who.int/data/gho/indicator-metadata-registry/imr-details/7,,,,PUBLISHED,Published,,1964.0,1964,,AFR,1964,1964,Africa,,NGA,Nigeria,,,,,BTSX,Both sexes,,,,,,,,326.9,326.88076,,,,,
7772,MDG_0000000007,Under-five mortality rate (probability of dying by age 5 per 1000 live births),https://www.who.int/data/gho/indicator-metadata-registry/imr-details/7,,,,PUBLISHED,Published,,1964.0,1964,,AFR,1964,1964,Africa,,NGA,Nigeria,,,,,FMLE,Female,,,,,,,,313,313.04162,,,,,
7773,WHOSIS_000003,Neonatal mortality rate (per 1000 live births),https://www.who.int/data/gho/indicator-metadata-registry/imr-details/67,,,,PUBLISHED,Published,,2014.0,2014,,AFR,2014,2014,Africa,,NGA,Nigeria,,,,,BTSX,Both sexes,,,,,,,,37,37.03226,,,,,
7774,WHOSIS_000003,Neonatal mortality rate (per 1000 live births),https://www.who.int/data/gho/indicator-metadata-registry/imr-details/67,,,,PUBLISHED,Published,,2013.0,2013,,AFR,2013,2013,Africa,,NGA,Nigeria,,,,,BTSX,Both sexes,,,,,,,,37.3,37.30283,,,,,
7775,WHOSIS_000003,Neonatal mortality rate (per 1000 live births),https://www.who.int/data/gho/indicator-metadata-registry/imr-details/67,,,,PUBLISHED,Published,,2012.0,2012,,AFR,2012,2012,Africa,,NGA,Nigeria,,,,,BTSX,Both sexes,,,,,,,,37.6,37.57116,,,,,
7776,WHOSIS_000003,Neonatal mortality rate (per 1000 live births),https://www.who.int/data/gho/indicator-metadata-registry/imr-details/67,,,,PUBLISHED,Published,,2011.0,2011,,AFR,2011,2011,Africa,,NGA,Nigeria,,,,,BTSX,Both sexes,,,,,,,,37.9,37.87577,,,,,
7777,WHOSIS_000003,Neonatal mortality rate (per 1000 live births),https://www.who.int/data/gho/indicator-metadata-registry/imr-details/67,,,,PUBLISHED,Published,,1997.0,1997,,AFR,1997,1997,Africa,,NGA,Nigeria,,,,,BTSX,Both sexes,,,,,,,,50.1,50.05557,,,,,
7778,WHOSIS_000003,Neonatal mortality rate (per 1000 live births),https://www.who.int/data/gho/indicator-metadata-registry/imr-details/67,,,,PUBLISHED,Published,,1996.0,1996,,AFR,1996,1996,Africa,,NGA,Nigeria,,,,,BTSX,Both sexes,,,,,,,,50.5,50.49098,,,,,
7779,WHOSIS_000003,Neonatal mortality rate (per 1000 live births),https://www.who.int/data/gho/indicator-metadata-registry/imr-details/67,,,,PUBLISHED,Published,,1995.0,1995,,AFR,1995,1995,Africa,,NGA,Nigeria,,,,,BTSX,Both sexes,,,,,,,,50.7,50.74352,,,,,
7780,WHOSIS_000003,Neonatal mortality rate (per 1000 live births),https://www.who.int/data/gho/indicator-metadata-registry/imr-details/67,,,,PUBLISHED,Published,,1994.0,1994,,AFR,1994,1994,Africa,,NGA,Nigeria,,,,,BTSX,Both sexes,,,,,,,,50.8,50.80556,,,,,
7781,WHOSIS_000003,Neonatal mortality rate (per 1000 live births),https://www.who.int/data/gho/indicator-metadata-registry/imr-details/67,,,,PUBLISHED,Published,,1981.0,1981,,AFR,1981,1981,Africa,,NGA,Nigeria,,,,,BTSX,Both sexes,,,,,,,,52.6,52.64495,,,,,
7782,WHOSIS_000003,Neonatal mortality rate (per 1000 live births),https://www.who.int/data/gho/indicator-metadata-registry/imr-details/67,,,,PUBLISHED,Published,,1980.0,1980,,AFR,1980,1980,Africa,,NGA,Nigeria,,,,,BTSX,Both sexes,,,,,,,,53.7,53.71838,,,,,
7783,WHOSIS_000003,Neonatal mortality rate (per 1000 live births),https://www.who.int/data/gho/indicator-metadata-registry/imr-details/67,,,,PUBLISHED,Published,,1979.0,1979,,AFR,1979,1979,Africa,,NGA,Nigeria,,,,,BTSX,Both sexes,,,,,,,,54.9,54.91593,,,,,
7784,WHOSIS_000003,Neonatal mortality rate (per 1000 live births),https://www.who.int/data/gho/indicator-metadata-registry/imr-details/67,,,,PUBLISHED,Published,,1978.0,1978,,AFR,1978,1978,Africa,,NGA,Nigeria,,,,,BTSX,Both sexes,,,,,,,,56.2,56.19048,,,,,
7785,MORT_100,Number of deaths,https://www.who.int/data/gho/indicator-metadata-registry/imr-details/3365,,,,PUBLISHED,Published,,2013.0,2013,,AFR,2013,2013,Africa,,NGA,Nigeria,,DAYS0-27,0-27 days,,,,,,,,CH7,Meningitis/encephalitisMeningitis/encephalitis,,3322,3321.64800,,,,,
7786,MORT_300,Distribution of causes of death among children aged < 5 years (%),https://www.who.int/data/gho/indicator-metadata-registry/imr-details/89,,,,PUBLISHED,Published,,2013.0,2013,,AFR,2013,2013,Africa,,NGA,Nigeria,,DAYS0-27,0-27 days,,,,,,,,CH7,Meningitis/encephalitisMeningitis/encephalitis,,0,0.01346,,,,,
7787,MORT_100,Number of deaths,https://www.who.int/data/gho/indicator-metadata-registry/imr-details/3365,,,,PUBLISHED,Published,,2013.0,2013,,AFR,2013,2013,Africa,,NGA,Nigeria,,DAYS0-27,0-27 days,,,,,,,,CH8,MalariaMalaria,,0,0.00000,,,,,
7788,MORT_300,Distribution of causes of death among children aged < 5 years (%),https://www.who.int/data/gho/indicator-metadata-registry/imr-details/89,,,,PUBLISHED,Published,,2013.0,2013,,AFR,2013,2013,Africa,,NGA,Nigeria,,DAYS0-27,0-27 days,,,,,,,,CH8,MalariaMalaria,,0,0.00000,,,,,
7789,MORT_200,Deaths per 1 000 live births,https://www.who.int/data/gho/indicator-metadata-registry/imr-details/3366,,,,PUBLISHED,Published,,2013.0,2013,,AFR,2013,2013,Africa,,NGA,Nigeria,,YEARS0-4,0-4 years,,,,,,,,CH8,MalariaMalaria,,15.3,15.33746,,,,,
7790,MORT_100,Number of deaths,https://www.who.int/data/gho/indicator-metadata-registry/imr-details/3365,,,,PUBLISHED,Published,,2013.0,2013,,AFR,2013,2013,Africa,,NGA,Nigeria,,DAYS0-27,0-27 days,,,,,,,,CH9,Acute lower respiratory infectionsAcute lower respiratory infections,,19344,19343.99000,,,,,
7791,MORT_200,Deaths per 1 000 live births,https://www.who.int/data/gho/indicator-metadata-registry/imr-details/3366,,,,PUBLISHED,Published,,2013.0,2013,,AFR,2013,2013,Africa,,NGA,Nigeria,,YEARS0-4,0-4 years,,,,,,,,CH9,Acute lower respiratory infectionsAcute lower respiratory infections,,21.4,21.36434,,,,,
7792,MORT_100,Number of deaths,https://www.who.int/data/gho/indicator-metadata-registry/imr-details/3365,,,,PUBLISHED,Published,,2013.0,2013,,AFR,2013,2013,Africa,,NGA,Nigeria,,DAYS0-27,0-27 days,,,,,,,,CH10,PrematurityPrematurity,,76107,76106.65000,,,,,
7793,MORT_200,Deaths per 1 000 live births,https://www.who.int/data/gho/indicator-metadata-registry/imr-details/3366,,,,PUBLISHED,Published,,2013.0,2013,,AFR,2013,2013,Africa,,NGA,Nigeria,,YEARS0-4,0-4 years,,,,,,,,CH10,PrematurityPrematurity,,12.3,12.32182,,,,,
7794,MORT_100,Number of deaths,https://www.who.int/data/gho/indicator-metadata-registry/imr-details/3365,,,,PUBLISHED,Published,,2013.0,2013,,AFR,2013,2013,Africa,,NGA,Nigeria,,DAYS0-27,0-27 days,,,,,,,,CH11,Birth asphyxia and birth traumaBirth asphyxia and birth trauma,,78892,78892.38000,,,,,
7795,MORT_300,Distribution of causes of death among children aged < 5 years (%),https://www.who.int/data/gho/indicator-metadata-registry/imr-details/89,,,,PUBLISHED,Published,,2013.0,2013,,AFR,2013,2013,Africa,,NGA,Nigeria,,MONTHS1-59,1-59 months,,,,,,,,CH11,Birth asphyxia and birth traumaBirth asphyxia and birth trauma,,0,0.01934,,,,,
7796,MORT_200,Deaths per 1 000 live births,https://www.who.int/data/gho/indicator-metadata-registry/imr-details/3366,,,,PUBLISHED,Published,,2013.0,2013,,AFR,2013,2013,Africa,,NGA,Nigeria,,YEARS0-4,0-4 years,,,,,,,,CH11,Birth asphyxia and birth traumaBirth asphyxia and birth trauma,,12.9,12.93427,,,,,
7797,MORT_300,Distribution of causes of death among children aged < 5 years (%),https://www.who.int/data/gho/indicator-metadata-registry/imr-details/89,,,,PUBLISHED,Published,,2013.0,2013,,AFR,2013,2013,Africa,,NGA,Nigeria,,MONTHS1-59,1-59 months,,,,,,,,CH12,Sepsis and other infectious conditions of the newbornSepsis and other infectious conditions of the newborn,,0,0.00000,,,,,
7798,MORT_200,Deaths per 1 000 live births,https://www.who.int/data/gho/indicator-metadata-registry/imr-details/3366,,,,PUBLISHED,Published,,2013.0,2013,,AFR,2013,2013,Africa,,NGA,Nigeria,,YEARS0-4,0-4 years,,,,,,,,CH12,Sepsis and other infectious conditions of the newbornSepsis and other infectious conditions of the newborn,,4.5,4.46272,,,,,
7799,MORT_300,Distribution of causes of death among children aged < 5 years (%),https://www.who.int/data/gho/indicator-metadata-registry/imr-details/89,,,,PUBLISHED,Published,,2013.0,2013,,AFR,2013,2013,Africa,,NGA,Nigeria,,MONTHS1-59,1-59 months,,,,,,,,CH13,"Other communicable, perinatal and nutritional conditionsOther communicable, perinatal and nutritional conditions",,0.1,0.11071,,,,,
7800,MORT_200,Deaths per 1 000 live births,https://www.who.int/data/gho/indicator-metadata-registry/imr-details/3366,,,,PUBLISHED,Published,,2013.0,2013,,AFR,2013,2013,Africa,,NGA,Nigeria,,YEARS0-4,0-4 years,,,,,,,,CH13,"Other communicable, perinatal and nutritional conditionsOther communicable, perinatal and nutritional conditions",,10.3,10.25617,,,,,
7801,MORT_100,Number of deaths,https://www.who.int/data/gho/indicator-metadata-registry/imr-details/3365,,,,PUBLISHED,Published,,2013.0,2013,,AFR,2013,2013,Africa,,NGA,Nigeria,,MONTHS1-59,1-59 months,,,,,,,,CH15,Congenital anomaliesCongenital anomalies,,18648,18647.52000,,,,,
7802,MORT_300,Distribution of causes of death among children aged < 5 years (%),https://www.who.int/data/gho/indicator-metadata-registry/imr-details/89,,,,PUBLISHED,Published,,2013.0,2013,,AFR,2013,2013,Africa,,NGA,Nigeria,,MONTHS1-59,1-59 months,,,,,,,,CH15,Congenital anomaliesCongenital anomalies,,0,0.03355,,,,,
7803,MORT_100,Number of deaths,https://www.who.int/data/gho/indicator-metadata-registry/imr-details/3365,,,,PUBLISHED,Published,,2013.0,2013,,AFR,2013,2013,Africa,,NGA,Nigeria,,MONTHS1-59,1-59 months,,,,,,,,CH16,Other noncommunicable diseasesOther noncommunicable diseases,,21005,21005.26000,,,,,
7804,MORT_300,Distribution of causes of death among children aged < 5 years (%),https://www.who.int/data/gho/indicator-metadata-registry/imr-details/89,,,,PUBLISHED,Published,,2013.0,2013,,AFR,2013,2013,Africa,,NGA,Nigeria,,MONTHS1-59,1-59 months,,,,,,,,CH16,Other noncommunicable diseasesOther noncommunicable diseases,,0,0.03779,,,,,
7805,MORT_100,Number of deaths,https://www.who.int/data/gho/indicator-metadata-registry/imr-details/3365,,,,PUBLISHED,Published,,2013.0,2013,,AFR,2013,2013,Africa,,NGA,Nigeria,,MONTHS1-59,1-59 months,,,,,,,,CH17,InjuriesInjuries,,33851,33850.55000,,,,,
7806,MORT_300,Distribution of causes of death among children aged < 5 years (%),https://www.who.int/data/gho/indicator-metadata-registry/imr-details/89,,,,PUBLISHED,Published,,2013.0,2013,,AFR,2013,2013,Africa,,NGA,Nigeria,,MONTHS1-59,1-59 months,,,,,,,,CH17,InjuriesInjuries,,0.1,0.06090,,,,,
7807,MORT_200,Deaths per 1 000 live births,https://www.who.int/data/gho/indicator-metadata-registry/imr-details/3366,,,,PUBLISHED,Published,,2014.0,2014,,AFR,2014,2014,Africa,,NGA,Nigeria,,DAYS0-27,0-27 days,,,,,,,,CH2,HIV/AIDSHIV/AIDS,,0,0.02373,,,,,
7808,MORT_100,Number of deaths,https://www.who.int/data/gho/indicator-metadata-registry/imr-details/3365,,,,PUBLISHED,Published,,2014.0,2014,,AFR,2014,2014,Africa,,NGA,Nigeria,,MONTHS1-59,1-59 months,,,,,,,,CH2,HIV/AIDSHIV/AIDS,,16532,16532.01000,,,,,
7809,MORT_200,Deaths per 1 000 live births,https://www.who.int/data/gho/indicator-metadata-registry/imr-details/3366,,,,PUBLISHED,Published,,2014.0,2014,,AFR,2014,2014,Africa,,NGA,Nigeria,,DAYS0-27,0-27 days,,,,,,,,CH3,Diarrhoeal diseasesDiarrhoeal diseases,,0.3,0.29446,,,,,
7810,MORT_100,Number of deaths,https://www.who.int/data/gho/indicator-metadata-registry/imr-details/3365,,,,PUBLISHED,Published,,2014.0,2014,,AFR,2014,2014,Africa,,NGA,Nigeria,,MONTHS1-59,1-59 months,,,,,,,,CH3,Diarrhoeal diseasesDiarrhoeal diseases,,80468,80467.57000,,,,,
7811,MORT_200,Deaths per 1 000 live births,https://www.who.int/data/gho/indicator-metadata-registry/imr-details/3366,,,,PUBLISHED,Published,,2014.0,2014,,AFR,2014,2014,Africa,,NGA,Nigeria,,DAYS0-27,0-27 days,,,,,,,,CH5,TetanusTetanus,,1,1.04989,,,,,
7812,MORT_100,Number of deaths,https://www.who.int/data/gho/indicator-metadata-registry/imr-details/3365,,,,PUBLISHED,Published,,2014.0,2014,,AFR,2014,2014,Africa,,NGA,Nigeria,,MONTHS1-59,1-59 months,,,,,,,,CH5,TetanusTetanus,,62,61.71853,,,,,
7813,MORT_300,Distribution of causes of death among children aged < 5 years (%),https://www.who.int/data/gho/indicator-metadata-registry/imr-details/89,,,,PUBLISHED,Published,,2014.0,2014,,AFR,2014,2014,Africa,,NGA,Nigeria,,YEARS0-4,0-4 years,,,,,,,,CH5,TetanusTetanus,,0,0.00987,,,,,
7814,MORT_200,Deaths per 1 000 live births,https://www.who.int/data/gho/indicator-metadata-registry/imr-details/3366,,,,PUBLISHED,Published,,2014.0,2014,,AFR,2014,2014,Africa,,NGA,Nigeria,,DAYS0-27,0-27 days,,,,,,,,CH6,MeaslesMeasles,,0,0.00000,,,,,
7815,MORT_300,Distribution of causes of death among children aged < 5 years (%),https://www.who.int/data/gho/indicator-metadata-registry/imr-details/89,,,,PUBLISHED,Published,,2014.0,2014,,AFR,2014,2014,Africa,,NGA,Nigeria,,YEARS0-4,0-4 years,,,,,,,,CH6,MeaslesMeasles,,0,0.00771,,,,,
7816,MORT_200,Deaths per 1 000 live births,https://www.who.int/data/gho/indicator-metadata-registry/imr-details/3366,,,,PUBLISHED,Published,,2014.0,2014,,AFR,2014,2014,Africa,,NGA,Nigeria,,DAYS0-27,0-27 days,,,,,,,,CH7,Meningitis/encephalitisMeningitis/encephalitis,,0.5,0.47164,,,,,
7817,MORT_300,Distribution of causes of death among children aged < 5 years (%),https://www.who.int/data/gho/indicator-metadata-registry/imr-details/89,,,,PUBLISHED,Published,,2014.0,2014,,AFR,2014,2014,Africa,,NGA,Nigeria,,YEARS0-4,0-4 years,,,,,,,,CH7,Meningitis/encephalitisMeningitis/encephalitis,,0,0.02646,,,,,
7818,MORT_200,Deaths per 1 000 live births,https://www.who.int/data/gho/indicator-metadata-registry/imr-details/3366,,,,PUBLISHED,Published,,2014.0,2014,,AFR,2014,2014,Africa,,NGA,Nigeria,,DAYS0-27,0-27 days,,,,,,,,CH8,MalariaMalaria,,0,0.00000,,,,,
7819,MORT_100,Number of deaths,https://www.who.int/data/gho/indicator-metadata-registry/imr-details/3365,,,,PUBLISHED,Published,,2014.0,2014,,AFR,2014,2014,Africa,,NGA,Nigeria,,YEARS0-4,0-4 years,,,,,,,,CH8,MalariaMalaria,,97393,97393.20000,,,,,
7820,MORT_300,Distribution of causes of death among children aged < 5 years (%),https://www.who.int/data/gho/indicator-metadata-registry/imr-details/89,,,,PUBLISHED,Published,,2014.0,2014,,AFR,2014,2014,Africa,,NGA,Nigeria,,YEARS0-4,0-4 years,,,,,,,,CH8,MalariaMalaria,,0.1,0.12901,,,,,
7821,MORT_100,Number of deaths,https://www.who.int/data/gho/indicator-metadata-registry/imr-details/3365,,,,PUBLISHED,Published,,2014.0,2014,,AFR,2014,2014,Africa,,NGA,Nigeria,,YEARS0-4,0-4 years,,,,,,,,CH9,Acute lower respiratory infectionsAcute lower respiratory infections,,149028,149027.70000,,,,,
7822,MORT_300,Distribution of causes of death among children aged < 5 years (%),https://www.who.int/data/gho/indicator-metadata-registry/imr-details/89,,,,PUBLISHED,Published,,2014.0,2014,,AFR,2014,2014,Africa,,NGA,Nigeria,,YEARS0-4,0-4 years,,,,,,,,CH9,Acute lower respiratory infectionsAcute lower respiratory infections,,0.2,0.19740,,,,,
7823,MORT_100,Number of deaths,https://www.who.int/data/gho/indicator-metadata-registry/imr-details/3365,,,,PUBLISHED,Published,,2014.0,2014,,AFR,2014,2014,Africa,,NGA,Nigeria,,YEARS0-4,0-4 years,,,,,,,,CH10,PrematurityPrematurity,,86134,86133.86000,,,,,
7824,MORT_300,Distribution of causes of death among children aged < 5 years (%),https://www.who.int/data/gho/indicator-metadata-registry/imr-details/89,,,,PUBLISHED,Published,,2014.0,2014,,AFR,2014,2014,Africa,,NGA,Nigeria,,YEARS0-4,0-4 years,,,,,,,,CH10,PrematurityPrematurity,,0.1,0.11409,,,,,
7825,MORT_200,Deaths per 1 000 live births,https://www.who.int/data/gho/indicator-metadata-registry/imr-details/3366,,,,PUBLISHED,Published,,2014.0,2014,,AFR,2014,2014,Africa,,NGA,Nigeria,,MONTHS1-59,1-59 months,,,,,,,,CH11,Birth asphyxia and birth traumaBirth asphyxia and birth trauma,,1.6,1.60017,,,,,
7826,MORT_100,Number of deaths,https://www.who.int/data/gho/indicator-metadata-registry/imr-details/3365,,,,PUBLISHED,Published,,2014.0,2014,,AFR,2014,2014,Africa,,NGA,Nigeria,,YEARS0-4,0-4 years,,,,,,,,CH11,Birth asphyxia and birth traumaBirth asphyxia and birth trauma,,89232,89232.03000,,,,,
7827,MORT_200,Deaths per 1 000 live births,https://www.who.int/data/gho/indicator-metadata-registry/imr-details/3366,,,,PUBLISHED,Published,,2014.0,2014,,AFR,2014,2014,Africa,,NGA,Nigeria,,MONTHS1-59,1-59 months,,,,,,,,CH12,Sepsis and other infectious conditions of the newbornSepsis and other infectious conditions of the newborn,,0,0.00000,,,,,
7828,MORT_100,Number of deaths,https://www.who.int/data/gho/indicator-metadata-registry/imr-details/3365,,,,PUBLISHED,Published,,2014.0,2014,,AFR,2014,2014,Africa,,NGA,Nigeria,,YEARS0-4,0-4 years,,,,,,,,CH12,Sepsis and other infectious conditions of the newbornSepsis and other infectious conditions of the newborn,,31044,31043.81000,,,,,
7829,MORT_200,Deaths per 1 000 live births,https://www.who.int/data/gho/indicator-metadata-registry/imr-details/3366,,,,PUBLISHED,Published,,2014.0,2014,,AFR,2014,2014,Africa,,NGA,Nigeria,,MONTHS1-59,1-59 months,,,,,,,,CH13,"Other communicable, perinatal and nutritional conditionsOther communicable, perinatal and nutritional conditions",,9.1,9.09171,,,,,
7830,MORT_100,Number of deaths,https://www.who.int/data/gho/indicator-metadata-registry/imr-details/3365,,,,PUBLISHED,Published,,2014.0,2014,,AFR,2014,2014,Africa,,NGA,Nigeria,,YEARS0-4,0-4 years,,,,,,,,CH13,"Other communicable, perinatal and nutritional conditionsOther communicable, perinatal and nutritional conditions",,73377,73376.59000,,,,,
7831,MORT_300,Distribution of causes of death among children aged < 5 years (%),https://www.who.int/data/gho/indicator-metadata-registry/imr-details/89,,,,PUBLISHED,Published,,2014.0,2014,,AFR,2014,2014,Africa,,NGA,Nigeria,,DAYS0-27,0-27 days,,,,,,,,CH15,Congenital anomaliesCongenital anomalies,,0.1,0.06173,,,,,
7832,MORT_200,Deaths per 1 000 live births,https://www.who.int/data/gho/indicator-metadata-registry/imr-details/3366,,,,PUBLISHED,Published,,2014.0,2014,,AFR,2014,2014,Africa,,NGA,Nigeria,,MONTHS1-59,1-59 months,,,,,,,,CH15,Congenital anomaliesCongenital anomalies,,2.8,2.80090,,,,,
7833,MORT_100,Number of deaths,https://www.who.int/data/gho/indicator-metadata-registry/imr-details/3365,,,,PUBLISHED,Published,,2014.0,2014,,AFR,2014,2014,Africa,,NGA,Nigeria,,YEARS0-4,0-4 years,,,,,,,,CH15,Congenital anomaliesCongenital anomalies,,34877,34876.99000,,,,,
7834,MORT_300,Distribution of causes of death among children aged < 5 years (%),https://www.who.int/data/gho/indicator-metadata-registry/imr-details/89,,,,PUBLISHED,Published,,2014.0,2014,,AFR,2014,2014,Africa,,NGA,Nigeria,,DAYS0-27,0-27 days,,,,,,,,CH16,Other noncommunicable diseasesOther noncommunicable diseases,,0,0.00137,,,,,
7835,MORT_200,Deaths per 1 000 live births,https://www.who.int/data/gho/indicator-metadata-registry/imr-details/3366,,,,PUBLISHED,Published,,2014.0,2014,,AFR,2014,2014,Africa,,NGA,Nigeria,,MONTHS1-59,1-59 months,,,,,,,,CH16,Other noncommunicable diseasesOther noncommunicable diseases,,3.1,3.13064,,,,,
7836,MORT_300,Distribution of causes of death among children aged < 5 years (%),https://www.who.int/data/gho/indicator-metadata-registry/imr-details/89,,,,PUBLISHED,Published,,2014.0,2014,,AFR,2014,2014,Africa,,NGA,Nigeria,,DAYS0-27,0-27 days,,,,,,,,CH17,InjuriesInjuries,,0,0.01301,,,,,
7837,MORT_200,Deaths per 1 000 live births,https://www.who.int/data/gho/indicator-metadata-registry/imr-details/3366,,,,PUBLISHED,Published,,2014.0,2014,,AFR,2014,2014,Africa,,NGA,Nigeria,,MONTHS1-59,1-59 months,,,,,,,,CH17,InjuriesInjuries,,5.1,5.08683,,,,,
7838,MORT_100,Number of deaths,https://www.who.int/data/gho/indicator-metadata-registry/imr-details/3365,,,,PUBLISHED,Published,,2015.0,2015,,AFR,2015,2015,Africa,,NGA,Nigeria,,DAYS0-27,0-27 days,,,,,,,,CH2,HIV/AIDSHIV/AIDS,,163,162.87000,,,,,
7839,MORT_300,Distribution of causes of death among children aged < 5 years (%),https://www.who.int/data/gho/indicator-metadata-registry/imr-details/89,,,,PUBLISHED,Published,,2015.0,2015,,AFR,2015,2015,Africa,,NGA,Nigeria,,DAYS0-27,0-27 days,,,,,,,,CH2,HIV/AIDSHIV/AIDS,,0,0.00067,,,,,
7840,MORT_200,Deaths per 1 000 live births,https://www.who.int/data/gho/indicator-metadata-registry/imr-details/3366,,,,PUBLISHED,Published,,2015.0,2015,,AFR,2015,2015,Africa,,NGA,Nigeria,,MONTHS1-59,1-59 months,,,,,,,,CH2,HIV/AIDSHIV/AIDS,,2.3,2.25810,,,,,
7841,MORT_100,Number of deaths,https://www.who.int/data/gho/indicator-metadata-registry/imr-details/3365,,,,PUBLISHED,Published,,2015.0,2015,,AFR,2015,2015,Africa,,NGA,Nigeria,,DAYS0-27,0-27 days,,,,,,,,CH3,Diarrhoeal diseasesDiarrhoeal diseases,,2027,2027.19400,,,,,
7842,MORT_300,Distribution of causes of death among children aged < 5 years (%),https://www.who.int/data/gho/indicator-metadata-registry/imr-details/89,,,,PUBLISHED,Published,,2015.0,2015,,AFR,2015,2015,Africa,,NGA,Nigeria,,DAYS0-27,0-27 days,,,,,,,,CH3,Diarrhoeal diseasesDiarrhoeal diseases,,0,0.00830,,,,,
7843,MORT_100,Number of deaths,https://www.who.int/data/gho/indicator-metadata-registry/imr-details/3365,,,,PUBLISHED,Published,,2015.0,2015,,AFR,2015,2015,Africa,,NGA,Nigeria,,DAYS0-27,0-27 days,,,,,,,,CH5,TetanusTetanus,,6942,6942.20200,,,,,
7844,MORT_300,Distribution of causes of death among children aged < 5 years (%),https://www.who.int/data/gho/indicator-metadata-registry/imr-details/89,,,,PUBLISHED,Published,,2015.0,2015,,AFR,2015,2015,Africa,,NGA,Nigeria,,DAYS0-27,0-27 days,,,,,,,,CH5,TetanusTetanus,,0,0.02844,,,,,
7845,MORT_200,Deaths per 1 000 live births,https://www.who.int/data/gho/indicator-metadata-registry/imr-details/3366,,,,PUBLISHED,Published,,2015.0,2015,,AFR,2015,2015,Africa,,NGA,Nigeria,,YEARS0-4,0-4 years,,,,,,,,CH5,TetanusTetanus,,1,0.98063,,,,,
7846,MORT_100,Number of deaths,https://www.who.int/data/gho/indicator-metadata-registry/imr-details/3365,,,,PUBLISHED,Published,,2015.0,2015,,AFR,2015,2015,Africa,,NGA,Nigeria,,DAYS0-27,0-27 days,,,,,,,,CH6,MeaslesMeasles,,0,0.00000,,,,,
7847,MORT_300,Distribution of causes of death among children aged < 5 years (%),https://www.who.int/data/gho/indicator-metadata-registry/imr-details/89,,,,PUBLISHED,Published,,2015.0,2015,,AFR,2015,2015,Africa,,NGA,Nigeria,,DAYS0-27,0-27 days,,,,,,,,CH6,MeaslesMeasles,,0,0.00000,,,,,
7848,MORT_200,Deaths per 1 000 live births,https://www.who.int/data/gho/indicator-metadata-registry/imr-details/3366,,,,PUBLISHED,Published,,2015.0,2015,,AFR,2015,2015,Africa,,NGA,Nigeria,,YEARS0-4,0-4 years,,,,,,,,CH6,MeaslesMeasles,,2.3,2.26675,,,,,
7849,MORT_100,Number of deaths,https://www.who.int/data/gho/indicator-metadata-registry/imr-details/3365,,,,PUBLISHED,Published,,2015.0,2015,,AFR,2015,2015,Africa,,NGA,Nigeria,,DAYS0-27,0-27 days,,,,,,,,CH7,Meningitis/encephalitisMeningitis/encephalitis,,3275,3275.21700,,,,,
7850,MORT_200,Deaths per 1 000 live births,https://www.who.int/data/gho/indicator-metadata-registry/imr-details/3366,,,,PUBLISHED,Published,,2015.0,2015,,AFR,2015,2015,Africa,,NGA,Nigeria,,YEARS0-4,0-4 years,,,,,,,,CH7,Meningitis/encephalitisMeningitis/encephalitis,,3.6,3.64388,,,,,
7851,MORT_100,Number of deaths,https://www.who.int/data/gho/indicator-metadata-registry/imr-details/3365,,,,PUBLISHED,Published,,2015.0,2015,,AFR,2015,2015,Africa,,NGA,Nigeria,,DAYS0-27,0-27 days,,,,,,,,CH8,MalariaMalaria,,0,0.00000,,,,,
7852,MORT_200,Deaths per 1 000 live births,https://www.who.int/data/gho/indicator-metadata-registry/imr-details/3366,,,,PUBLISHED,Published,,2015.0,2015,,AFR,2015,2015,Africa,,NGA,Nigeria,,YEARS0-4,0-4 years,,,,,,,,CH8,MalariaMalaria,,12.3,12.28869,,,,,
7853,MORT_100,Number of deaths,https://www.who.int/data/gho/indicator-metadata-registry/imr-details/3365,,,,PUBLISHED,Published,,2015.0,2015,,AFR,2015,2015,Africa,,NGA,Nigeria,,DAYS0-27,0-27 days,,,,,,,,CH9,Acute lower respiratory infectionsAcute lower respiratory infections,,19020,19020.34000,,,,,
7854,MORT_300,Distribution of causes of death among children aged < 5 years (%),https://www.who.int/data/gho/indicator-metadata-registry/imr-details/89,,,,PUBLISHED,Published,,2015.0,2015,,AFR,2015,2015,Africa,,NGA,Nigeria,,MONTHS1-59,1-59 months,,,,,,,,CH9,Acute lower respiratory infectionsAcute lower respiratory infections,,0.2,0.23230,,,,,
7855,MORT_200,Deaths per 1 000 live births,https://www.who.int/data/gho/indicator-metadata-registry/imr-details/3366,,,,PUBLISHED,Published,,2015.0,2015,,AFR,2015,2015,Africa,,NGA,Nigeria,,YEARS0-4,0-4 years,,,,,,,,CH9,Acute lower respiratory infectionsAcute lower respiratory infections,,19.2,19.15758,,,,,
7856,MORT_300,Distribution of causes of death among children aged < 5 years (%),https://www.who.int/data/gho/indicator-metadata-registry/imr-details/89,,,,PUBLISHED,Published,,2015.0,2015,,AFR,2015,2015,Africa,,NGA,Nigeria,,MONTHS1-59,1-59 months,,,,,,,,CH10,PrematurityPrematurity,,0,0.01957,,,,,
7857,MORT_200,Deaths per 1 000 live births,https://www.who.int/data/gho/indicator-metadata-registry/imr-details/3366,,,,PUBLISHED,Published,,2015.0,2015,,AFR,2015,2015,Africa,,NGA,Nigeria,,YEARS0-4,0-4 years,,,,,,,,CH10,PrematurityPrematurity,,12.1,12.05049,,,,,
7858,MORT_300,Distribution of causes of death among children aged < 5 years (%),https://www.who.int/data/gho/indicator-metadata-registry/imr-details/89,,,,PUBLISHED,Published,,2015.0,2015,,AFR,2015,2015,Africa,,NGA,Nigeria,,MONTHS1-59,1-59 months,,,,,,,,CH11,Birth asphyxia and birth traumaBirth asphyxia and birth trauma,,0,0.02292,,,,,
7859,MORT_200,Deaths per 1 000 live births,https://www.who.int/data/gho/indicator-metadata-registry/imr-details/3366,,,,PUBLISHED,Published,,2015.0,2015,,AFR,2015,2015,Africa,,NGA,Nigeria,,YEARS0-4,0-4 years,,,,,,,,CH11,Birth asphyxia and birth traumaBirth asphyxia and birth trauma,,12.4,12.43447,,,,,
7860,MORT_100,Number of deaths,https://www.who.int/data/gho/indicator-metadata-registry/imr-details/3365,,,,PUBLISHED,Published,,2015.0,2015,,AFR,2015,2015,Africa,,NGA,Nigeria,,MONTHS1-59,1-59 months,,,,,,,,CH12,Sepsis and other infectious conditions of the newbornSepsis and other infectious conditions of the newborn,,0,0.00000,,,,,
7861,MORT_300,Distribution of causes of death among children aged < 5 years (%),https://www.who.int/data/gho/indicator-metadata-registry/imr-details/89,,,,PUBLISHED,Published,,2015.0,2015,,AFR,2015,2015,Africa,,NGA,Nigeria,,MONTHS1-59,1-59 months,,,,,,,,CH12,Sepsis and other infectious conditions of the newbornSepsis and other infectious conditions of the newborn,,0,0.00000,,,,,
7862,MORT_100,Number of deaths,https://www.who.int/data/gho/indicator-metadata-registry/imr-details/3365,,,,PUBLISHED,Published,,2015.0,2015,,AFR,2015,2015,Africa,,NGA,Nigeria,,MONTHS1-59,1-59 months,,,,,,,,CH13,"Other communicable, perinatal and nutritional conditionsOther communicable, perinatal and nutritional conditions",,65308,65308.43000,,,,,
7863,MORT_300,Distribution of causes of death among children aged < 5 years (%),https://www.who.int/data/gho/indicator-metadata-registry/imr-details/89,,,,PUBLISHED,Published,,2015.0,2015,,AFR,2015,2015,Africa,,NGA,Nigeria,,MONTHS1-59,1-59 months,,,,,,,,CH13,"Other communicable, perinatal and nutritional conditionsOther communicable, perinatal and nutritional conditions",,0.1,0.12881,,,,,
7864,MORT_100,Number of deaths,https://www.who.int/data/gho/indicator-metadata-registry/imr-details/3365,,,,PUBLISHED,Published,,2015.0,2015,,AFR,2015,2015,Africa,,NGA,Nigeria,,MONTHS1-59,1-59 months,,,,,,,,CH15,Congenital anomaliesCongenital anomalies,,20465,20464.90000,,,,,
7865,MORT_300,Distribution of causes of death among children aged < 5 years (%),https://www.who.int/data/gho/indicator-metadata-registry/imr-details/89,,,,PUBLISHED,Published,,2015.0,2015,,AFR,2015,2015,Africa,,NGA,Nigeria,,MONTHS1-59,1-59 months,,,,,,,,CH15,Congenital anomaliesCongenital anomalies,,0,0.04037,,,,,
7866,MORT_200,Deaths per 1 000 live births,https://www.who.int/data/gho/indicator-metadata-registry/imr-details/3366,,,,PUBLISHED,Published,,2015.0,2015,,AFR,2015,2015,Africa,,NGA,Nigeria,,DAYS0-27,0-27 days,,,,,,,,CH16,Other noncommunicable diseasesOther noncommunicable diseases,,0,0.04668,,,,,
7867,MORT_100,Number of deaths,https://www.who.int/data/gho/indicator-metadata-registry/imr-details/3365,,,,PUBLISHED,Published,,2015.0,2015,,AFR,2015,2015,Africa,,NGA,Nigeria,,MONTHS1-59,1-59 months,,,,,,,,CH16,Other noncommunicable diseasesOther noncommunicable diseases,,22730,22730.09000,,,,,
7868,MORT_200,Deaths per 1 000 live births,https://www.who.int/data/gho/indicator-metadata-registry/imr-details/3366,,,,PUBLISHED,Published,,2015.0,2015,,AFR,2015,2015,Africa,,NGA,Nigeria,,DAYS0-27,0-27 days,,,,,,,,CH17,InjuriesInjuries,,0.4,0.44273,,,,,
7869,MORT_100,Number of deaths,https://www.who.int/data/gho/indicator-metadata-registry/imr-details/3365,,,,PUBLISHED,Published,,2015.0,2015,,AFR,2015,2015,Africa,,NGA,Nigeria,,MONTHS1-59,1-59 months,,,,,,,,CH17,InjuriesInjuries,,37213,37212.67000,,,,,
7870,MORT_200,Deaths per 1 000 live births,https://www.who.int/data/gho/indicator-metadata-registry/imr-details/3366,,,,PUBLISHED,Published,,2016.0,2016,,AFR,2016,2016,Africa,,NGA,Nigeria,,DAYS0-27,0-27 days,,,,,,,,CH2,HIV/AIDSHIV/AIDS,,0,0.02349,,,,,
7871,MORT_100,Number of deaths,https://www.who.int/data/gho/indicator-metadata-registry/imr-details/3365,,,,PUBLISHED,Published,,2016.0,2016,,AFR,2016,2016,Africa,,NGA,Nigeria,,MONTHS1-59,1-59 months,,,,,,,,CH2,HIV/AIDSHIV/AIDS,,16833,16832.97000,,,,,
7872,MORT_300,Distribution of causes of death among children aged < 5 years (%),https://www.who.int/data/gho/indicator-metadata-registry/imr-details/89,,,,PUBLISHED,Published,,2016.0,2016,,AFR,2016,2016,Africa,,NGA,Nigeria,,YEARS0-4,0-4 years,,,,,,,,CH2,HIV/AIDSHIV/AIDS,,0,0.02312,,,,,
7873,MORT_200,Deaths per 1 000 live births,https://www.who.int/data/gho/indicator-metadata-registry/imr-details/3366,,,,PUBLISHED,Published,,2016.0,2016,,AFR,2016,2016,Africa,,NGA,Nigeria,,DAYS0-27,0-27 days,,,,,,,,CH3,Diarrhoeal diseasesDiarrhoeal diseases,,0.3,0.27253,,,,,
7874,MORT_300,Distribution of causes of death among children aged < 5 years (%),https://www.who.int/data/gho/indicator-metadata-registry/imr-details/89,,,,PUBLISHED,Published,,2016.0,2016,,AFR,2016,2016,Africa,,NGA,Nigeria,,YEARS0-4,0-4 years,,,,,,,,CH3,Diarrhoeal diseasesDiarrhoeal diseases,,0.1,0.10821,,,,,
7875,MORT_200,Deaths per 1 000 live births,https://www.who.int/data/gho/indicator-metadata-registry/imr-details/3366,,,,PUBLISHED,Published,,2016.0,2016,,AFR,2016,2016,Africa,,NGA,Nigeria,,DAYS0-27,0-27 days,,,,,,,,CH5,TetanusTetanus,,0.9,0.90320,,,,,
7876,MORT_300,Distribution of causes of death among children aged < 5 years (%),https://www.who.int/data/gho/indicator-metadata-registry/imr-details/89,,,,PUBLISHED,Published,,2016.0,2016,,AFR,2016,2016,Africa,,NGA,Nigeria,,YEARS0-4,0-4 years,,,,,,,,CH5,TetanusTetanus,,0,0.00897,,,,,
7877,MORT_200,Deaths per 1 000 live births,https://www.who.int/data/gho/indicator-metadata-registry/imr-details/3366,,,,PUBLISHED,Published,,2016.0,2016,,AFR,2016,2016,Africa,,NGA,Nigeria,,DAYS0-27,0-27 days,,,,,,,,CH6,MeaslesMeasles,,0,0.00000,,,,,
7878,MORT_100,Number of deaths,https://www.who.int/data/gho/indicator-metadata-registry/imr-details/3365,,,,PUBLISHED,Published,,2016.0,2016,,AFR,2016,2016,Africa,,NGA,Nigeria,,YEARS0-4,0-4 years,,,,,,,,CH6,MeaslesMeasles,,13957,13956.51000,,,,,
7879,MORT_300,Distribution of causes of death among children aged < 5 years (%),https://www.who.int/data/gho/indicator-metadata-registry/imr-details/89,,,,PUBLISHED,Published,,2016.0,2016,,AFR,2016,2016,Africa,,NGA,Nigeria,,YEARS0-4,0-4 years,,,,,,,,CH6,MeaslesMeasles,,0,0.01898,,,,,
7880,MORT_100,Number of deaths,https://www.who.int/data/gho/indicator-metadata-registry/imr-details/3365,,,,PUBLISHED,Published,,2016.0,2016,,AFR,2016,2016,Africa,,NGA,Nigeria,,YEARS0-4,0-4 years,,,,,,,,CH7,Meningitis/encephalitisMeningitis/encephalitis,,17985,17985.35000,,,,,
7881,MORT_300,Distribution of causes of death among children aged < 5 years (%),https://www.who.int/data/gho/indicator-metadata-registry/imr-details/89,,,,PUBLISHED,Published,,2016.0,2016,,AFR,2016,2016,Africa,,NGA,Nigeria,,YEARS0-4,0-4 years,,,,,,,,CH7,Meningitis/encephalitisMeningitis/encephalitis,,0,0.02446,,,,,
7882,MORT_100,Number of deaths,https://www.who.int/data/gho/indicator-metadata-registry/imr-details/3365,,,,PUBLISHED,Published,,2016.0,2016,,AFR,2016,2016,Africa,,NGA,Nigeria,,YEARS0-4,0-4 years,,,,,,,,CH8,MalariaMalaria,,79364,79364.30000,,,,,
7883,MORT_300,Distribution of causes of death among children aged < 5 years (%),https://www.who.int/data/gho/indicator-metadata-registry/imr-details/89,,,,PUBLISHED,Published,,2016.0,2016,,AFR,2016,2016,Africa,,NGA,Nigeria,,YEARS0-4,0-4 years,,,,,,,,CH8,MalariaMalaria,,0.1,0.10794,,,,,
7884,MORT_200,Deaths per 1 000 live births,https://www.who.int/data/gho/indicator-metadata-registry/imr-details/3366,,,,PUBLISHED,Published,,2016.0,2016,,AFR,2016,2016,Africa,,NGA,Nigeria,,MONTHS1-59,1-59 months,,,,,,,,CH9,Acute lower respiratory infectionsAcute lower respiratory infections,,16.4,16.41754,,,,,
7885,MORT_100,Number of deaths,https://www.who.int/data/gho/indicator-metadata-registry/imr-details/3365,,,,PUBLISHED,Published,,2016.0,2016,,AFR,2016,2016,Africa,,NGA,Nigeria,,YEARS0-4,0-4 years,,,,,,,,CH9,Acute lower respiratory infectionsAcute lower respiratory infections,,137725,137724.50000,,,,,
7886,MORT_200,Deaths per 1 000 live births,https://www.who.int/data/gho/indicator-metadata-registry/imr-details/3366,,,,PUBLISHED,Published,,2016.0,2016,,AFR,2016,2016,Africa,,NGA,Nigeria,,MONTHS1-59,1-59 months,,,,,,,,CH10,PrematurityPrematurity,,1.4,1.40496,,,,,
7887,MORT_100,Number of deaths,https://www.who.int/data/gho/indicator-metadata-registry/imr-details/3365,,,,PUBLISHED,Published,,2016.0,2016,,AFR,2016,2016,Africa,,NGA,Nigeria,,YEARS0-4,0-4 years,,,,,,,,CH10,PrematurityPrematurity,,85207,85206.91000,,,,,
7888,MORT_200,Deaths per 1 000 live births,https://www.who.int/data/gho/indicator-metadata-registry/imr-details/3366,,,,PUBLISHED,Published,,2016.0,2016,,AFR,2016,2016,Africa,,NGA,Nigeria,,MONTHS1-59,1-59 months,,,,,,,,CH11,Birth asphyxia and birth traumaBirth asphyxia and birth trauma,,1.6,1.64252,,,,,
7889,MORT_100,Number of deaths,https://www.who.int/data/gho/indicator-metadata-registry/imr-details/3365,,,,PUBLISHED,Published,,2016.0,2016,,AFR,2016,2016,Africa,,NGA,Nigeria,,YEARS0-4,0-4 years,,,,,,,,CH11,Birth asphyxia and birth traumaBirth asphyxia and birth trauma,,88448,88447.80000,,,,,
7890,MORT_300,Distribution of causes of death among children aged < 5 years (%),https://www.who.int/data/gho/indicator-metadata-registry/imr-details/89,,,,PUBLISHED,Published,,2016.0,2016,,AFR,2016,2016,Africa,,NGA,Nigeria,,DAYS0-27,0-27 days,,,,,,,,CH12,Sepsis and other infectious conditions of the newbornSepsis and other infectious conditions of the newborn,,0.1,0.12974,,,,,
7891,MORT_200,Deaths per 1 000 live births,https://www.who.int/data/gho/indicator-metadata-registry/imr-details/3366,,,,PUBLISHED,Published,,2016.0,2016,,AFR,2016,2016,Africa,,NGA,Nigeria,,MONTHS1-59,1-59 months,,,,,,,,CH12,Sepsis and other infectious conditions of the newbornSepsis and other infectious conditions of the newborn,,0,0.00000,,,,,
7892,MORT_100,Number of deaths,https://www.who.int/data/gho/indicator-metadata-registry/imr-details/3365,,,,PUBLISHED,Published,,2016.0,2016,,AFR,2016,2016,Africa,,NGA,Nigeria,,YEARS0-4,0-4 years,,,,,,,,CH12,Sepsis and other infectious conditions of the newbornSepsis and other infectious conditions of the newborn,,31436,31435.74000,,,,,
7893,MORT_300,Distribution of causes of death among children aged < 5 years (%),https://www.who.int/data/gho/indicator-metadata-registry/imr-details/89,,,,PUBLISHED,Published,,2016.0,2016,,AFR,2016,2016,Africa,,NGA,Nigeria,,DAYS0-27,0-27 days,,,,,,,,CH13,"Other communicable, perinatal and nutritional conditionsOther communicable, perinatal and nutritional conditions",,0,0.03823,,,,,
7894,MORT_200,Deaths per 1 000 live births,https://www.who.int/data/gho/indicator-metadata-registry/imr-details/3366,,,,PUBLISHED,Published,,2016.0,2016,,AFR,2016,2016,Africa,,NGA,Nigeria,,MONTHS1-59,1-59 months,,,,,,,,CH13,"Other communicable, perinatal and nutritional conditionsOther communicable, perinatal and nutritional conditions",,9.2,9.18772,,,,,
7895,MORT_300,Distribution of causes of death among children aged < 5 years (%),https://www.who.int/data/gho/indicator-metadata-registry/imr-details/89,,,,PUBLISHED,Published,,2016.0,2016,,AFR,2016,2016,Africa,,NGA,Nigeria,,DAYS0-27,0-27 days,,,,,,,,CH15,Congenital anomaliesCongenital anomalies,,0.1,0.06495,,,,,
7896,MORT_200,Deaths per 1 000 live births,https://www.who.int/data/gho/indicator-metadata-registry/imr-details/3366,,,,PUBLISHED,Published,,2016.0,2016,,AFR,2016,2016,Africa,,NGA,Nigeria,,MONTHS1-59,1-59 months,,,,,,,,CH15,Congenital anomaliesCongenital anomalies,,2.9,2.92538,,,,,
7897,MORT_100,Number of deaths,https://www.who.int/data/gho/indicator-metadata-registry/imr-details/3365,,,,PUBLISHED,Published,,2016.0,2016,,AFR,2016,2016,Africa,,NGA,Nigeria,,DAYS0-27,0-27 days,,,,,,,,CH16,Other noncommunicable diseasesOther noncommunicable diseases,,333,332.55890,,,,,
7898,MORT_300,Distribution of causes of death among children aged < 5 years (%),https://www.who.int/data/gho/indicator-metadata-registry/imr-details/89,,,,PUBLISHED,Published,,2016.0,2016,,AFR,2016,2016,Africa,,NGA,Nigeria,,DAYS0-27,0-27 days,,,,,,,,CH16,Other noncommunicable diseasesOther noncommunicable diseases,,0,0.00137,,,,,
7899,MORT_200,Deaths per 1 000 live births,https://www.who.int/data/gho/indicator-metadata-registry/imr-details/3366,,,,PUBLISHED,Published,,2016.0,2016,,AFR,2016,2016,Africa,,NGA,Nigeria,,MONTHS1-59,1-59 months,,,,,,,,CH16,Other noncommunicable diseasesOther noncommunicable diseases,,3.2,3.21881,,,,,
7900,MORT_100,Number of deaths,https://www.who.int/data/gho/indicator-metadata-registry/imr-details/3365,,,,PUBLISHED,Published,,2016.0,2016,,AFR,2016,2016,Africa,,NGA,Nigeria,,DAYS0-27,0-27 days,,,,,,,,CH17,InjuriesInjuries,,3154,3154.29200,,,,,
7901,MORT_300,Distribution of causes of death among children aged < 5 years (%),https://www.who.int/data/gho/indicator-metadata-registry/imr-details/89,,,,PUBLISHED,Published,,2016.0,2016,,AFR,2016,2016,Africa,,NGA,Nigeria,,DAYS0-27,0-27 days,,,,,,,,CH17,InjuriesInjuries,,0,0.01302,,,,,
7902,MORT_100,Number of deaths,https://www.who.int/data/gho/indicator-metadata-registry/imr-details/3365,,,,PUBLISHED,Published,,2017.0,2017,,AFR,2017,2017,Africa,,NGA,Nigeria,,DAYS0-27,0-27 days,,,,,,,,CH2,HIV/AIDSHIV/AIDS,,185,184.89320,,,,,
7903,MORT_300,Distribution of causes of death among children aged < 5 years (%),https://www.who.int/data/gho/indicator-metadata-registry/imr-details/89,,,,PUBLISHED,Published,,2017.0,2017,,AFR,2017,2017,Africa,,NGA,Nigeria,,DAYS0-27,0-27 days,,,,,,,,CH2,HIV/AIDSHIV/AIDS,,0,0.00077,,,,,
7904,MORT_200,Deaths per 1 000 live births,https://www.who.int/data/gho/indicator-metadata-registry/imr-details/3366,,,,PUBLISHED,Published,,2017.0,2017,,AFR,2017,2017,Africa,,NGA,Nigeria,,YEARS0-4,0-4 years,,,,,,,,CH2,HIV/AIDSHIV/AIDS,,2.5,2.52262,,,,,
7905,MORT_100,Number of deaths,https://www.who.int/data/gho/indicator-metadata-registry/imr-details/3365,,,,PUBLISHED,Published,,2017.0,2017,,AFR,2017,2017,Africa,,NGA,Nigeria,,DAYS0-27,0-27 days,,,,,,,,CH3,Diarrhoeal diseasesDiarrhoeal diseases,,1963,1962.69800,,,,,
7906,MORT_300,Distribution of causes of death among children aged < 5 years (%),https://www.who.int/data/gho/indicator-metadata-registry/imr-details/89,,,,PUBLISHED,Published,,2017.0,2017,,AFR,2017,2017,Africa,,NGA,Nigeria,,DAYS0-27,0-27 days,,,,,,,,CH3,Diarrhoeal diseasesDiarrhoeal diseases,,0,0.00814,,,,,
7907,MORT_200,Deaths per 1 000 live births,https://www.who.int/data/gho/indicator-metadata-registry/imr-details/3366,,,,PUBLISHED,Published,,2017.0,2017,,AFR,2017,2017,Africa,,NGA,Nigeria,,YEARS0-4,0-4 years,,,,,,,,CH3,Diarrhoeal diseasesDiarrhoeal diseases,,10.1,10.14338,,,,,
7908,MORT_100,Number of deaths,https://www.who.int/data/gho/indicator-metadata-registry/imr-details/3365,,,,PUBLISHED,Published,,2017.0,2017,,AFR,2017,2017,Africa,,NGA,Nigeria,,DAYS0-27,0-27 days,,,,,,,,CH5,TetanusTetanus,,6505,6504.52900,,,,,
7909,MORT_200,Deaths per 1 000 live births,https://www.who.int/data/gho/indicator-metadata-registry/imr-details/3366,,,,PUBLISHED,Published,,2017.0,2017,,AFR,2017,2017,Africa,,NGA,Nigeria,,YEARS0-4,0-4 years,,,,,,,,CH5,TetanusTetanus,,0.9,0.89417,,,,,
7910,MORT_100,Number of deaths,https://www.who.int/data/gho/indicator-metadata-registry/imr-details/3365,,,,PUBLISHED,Published,,2017.0,2017,,AFR,2017,2017,Africa,,NGA,Nigeria,,DAYS0-27,0-27 days,,,,,,,,CH6,MeaslesMeasles,,0,0.00000,,,,,
7911,MORT_200,Deaths per 1 000 live births,https://www.who.int/data/gho/indicator-metadata-registry/imr-details/3366,,,,PUBLISHED,Published,,2017.0,2017,,AFR,2017,2017,Africa,,NGA,Nigeria,,YEARS0-4,0-4 years,,,,,,,,CH6,MeaslesMeasles,,1.6,1.55126,,,,,
7912,MORT_100,Number of deaths,https://www.who.int/data/gho/indicator-metadata-registry/imr-details/3365,,,,PUBLISHED,Published,,2017.0,2017,,AFR,2017,2017,Africa,,NGA,Nigeria,,DAYS0-27,0-27 days,,,,,,,,CH7,Meningitis/encephalitisMeningitis/encephalitis,,3192,3192.45700,,,,,
7913,MORT_300,Distribution of causes of death among children aged < 5 years (%),https://www.who.int/data/gho/indicator-metadata-registry/imr-details/89,,,,PUBLISHED,Published,,2017.0,2017,,AFR,2017,2017,Africa,,NGA,Nigeria,,MONTHS1-59,1-59 months,,,,,,,,CH7,Meningitis/encephalitisMeningitis/encephalitis,,0,0.04650,,,,,
7914,MORT_200,Deaths per 1 000 live births,https://www.who.int/data/gho/indicator-metadata-registry/imr-details/3366,,,,PUBLISHED,Published,,2017.0,2017,,AFR,2017,2017,Africa,,NGA,Nigeria,,YEARS0-4,0-4 years,,,,,,,,CH7,Meningitis/encephalitisMeningitis/encephalitis,,3.5,3.46102,,,,,
7915,MORT_300,Distribution of causes of death among children aged < 5 years (%),https://www.who.int/data/gho/indicator-metadata-registry/imr-details/89,,,,PUBLISHED,Published,,2017.0,2017,,AFR,2017,2017,Africa,,NGA,Nigeria,,MONTHS1-59,1-59 months,,,,,,,,CH8,MalariaMalaria,,0.1,0.14728,,,,,
7916,MORT_200,Deaths per 1 000 live births,https://www.who.int/data/gho/indicator-metadata-registry/imr-details/3366,,,,PUBLISHED,Published,,2017.0,2017,,AFR,2017,2017,Africa,,NGA,Nigeria,,YEARS0-4,0-4 years,,,,,,,,CH8,MalariaMalaria,,9.6,9.58530,,,,,
7917,MORT_300,Distribution of causes of death among children aged < 5 years (%),https://www.who.int/data/gho/indicator-metadata-registry/imr-details/89,,,,PUBLISHED,Published,,2017.0,2017,,AFR,2017,2017,Africa,,NGA,Nigeria,,MONTHS1-59,1-59 months,,,,,,,,CH9,Acute lower respiratory infectionsAcute lower respiratory infections,,0.2,0.24131,,,,,
7918,MORT_200,Deaths per 1 000 live births,https://www.who.int/data/gho/indicator-metadata-registry/imr-details/3366,,,,PUBLISHED,Published,,2017.0,2017,,AFR,2017,2017,Africa,,NGA,Nigeria,,YEARS0-4,0-4 years,,,,,,,,CH9,Acute lower respiratory infectionsAcute lower respiratory infections,,18.3,18.26229,,,,,
7919,MORT_100,Number of deaths,https://www.who.int/data/gho/indicator-metadata-registry/imr-details/3365,,,,PUBLISHED,Published,,2017.0,2017,,AFR,2017,2017,Africa,,NGA,Nigeria,,MONTHS1-59,1-59 months,,,,,,,,CH10,PrematurityPrematurity,,9899,9899.02000,,,,,
7920,MORT_300,Distribution of causes of death among children aged < 5 years (%),https://www.who.int/data/gho/indicator-metadata-registry/imr-details/89,,,,PUBLISHED,Published,,2017.0,2017,,AFR,2017,2017,Africa,,NGA,Nigeria,,MONTHS1-59,1-59 months,,,,,,,,CH10,PrematurityPrematurity,,0,0.02073,,,,,
7921,MORT_100,Number of deaths,https://www.who.int/data/gho/indicator-metadata-registry/imr-details/3365,,,,PUBLISHED,Published,,2017.0,2017,,AFR,2017,2017,Africa,,NGA,Nigeria,,MONTHS1-59,1-59 months,,,,,,,,CH11,Birth asphyxia and birth traumaBirth asphyxia and birth trauma,,11615,11615.37000,,,,,
7922,MORT_300,Distribution of causes of death among children aged < 5 years (%),https://www.who.int/data/gho/indicator-metadata-registry/imr-details/89,,,,PUBLISHED,Published,,2017.0,2017,,AFR,2017,2017,Africa,,NGA,Nigeria,,MONTHS1-59,1-59 months,,,,,,,,CH11,Birth asphyxia and birth traumaBirth asphyxia and birth trauma,,0,0.02432,,,,,
7923,MORT_100,Number of deaths,https://www.who.int/data/gho/indicator-metadata-registry/imr-details/3365,,,,PUBLISHED,Published,,2017.0,2017,,AFR,2017,2017,Africa,,NGA,Nigeria,,MONTHS1-59,1-59 months,,,,,,,,CH12,Sepsis and other infectious conditions of the newbornSepsis and other infectious conditions of the newborn,,0,0.00000,,,,,
7924,MORT_300,Distribution of causes of death among children aged < 5 years (%),https://www.who.int/data/gho/indicator-metadata-registry/imr-details/89,,,,PUBLISHED,Published,,2017.0,2017,,AFR,2017,2017,Africa,,NGA,Nigeria,,MONTHS1-59,1-59 months,,,,,,,,CH12,Sepsis and other infectious conditions of the newbornSepsis and other infectious conditions of the newborn,,0,0.00000,,,,,
7925,MORT_200,Deaths per 1 000 live births,https://www.who.int/data/gho/indicator-metadata-registry/imr-details/3366,,,,PUBLISHED,Published,,2017.0,2017,,AFR,2017,2017,Africa,,NGA,Nigeria,,DAYS0-27,0-27 days,,,,,,,,CH13,"Other communicable, perinatal and nutritional conditionsOther communicable, perinatal and nutritional conditions",,1.3,1.25583,,,,,
7926,MORT_100,Number of deaths,https://www.who.int/data/gho/indicator-metadata-registry/imr-details/3365,,,,PUBLISHED,Published,,2017.0,2017,,AFR,2017,2017,Africa,,NGA,Nigeria,,MONTHS1-59,1-59 months,,,,,,,,CH13,"Other communicable, perinatal and nutritional conditionsOther communicable, perinatal and nutritional conditions",,64409,64409.19000,,,,,
7927,MORT_200,Deaths per 1 000 live births,https://www.who.int/data/gho/indicator-metadata-registry/imr-details/3366,,,,PUBLISHED,Published,,2017.0,2017,,AFR,2017,2017,Africa,,NGA,Nigeria,,DAYS0-27,0-27 days,,,,,,,,CH15,Congenital anomaliesCongenital anomalies,,2.1,2.13341,,,,,
7928,MORT_100,Number of deaths,https://www.who.int/data/gho/indicator-metadata-registry/imr-details/3365,,,,PUBLISHED,Published,,2017.0,2017,,AFR,2017,2017,Africa,,NGA,Nigeria,,MONTHS1-59,1-59 months,,,,,,,,CH15,Congenital anomaliesCongenital anomalies,,20867,20867.34000,,,,,
7929,MORT_200,Deaths per 1 000 live births,https://www.who.int/data/gho/indicator-metadata-registry/imr-details/3366,,,,PUBLISHED,Published,,2017.0,2017,,AFR,2017,2017,Africa,,NGA,Nigeria,,DAYS0-27,0-27 days,,,,,,,,CH16,Other noncommunicable diseasesOther noncommunicable diseases,,0,0.04508,,,,,
7930,MORT_100,Number of deaths,https://www.who.int/data/gho/indicator-metadata-registry/imr-details/3365,,,,PUBLISHED,Published,,2017.0,2017,,AFR,2017,2017,Africa,,NGA,Nigeria,,MONTHS1-59,1-59 months,,,,,,,,CH16,Other noncommunicable diseasesOther noncommunicable diseases,,22833,22832.98000,,,,,
7931,MORT_300,Distribution of causes of death among children aged < 5 years (%),https://www.who.int/data/gho/indicator-metadata-registry/imr-details/89,,,,PUBLISHED,Published,,2017.0,2017,,AFR,2017,2017,Africa,,NGA,Nigeria,,YEARS0-4,0-4 years,,,,,,,,CH16,Other noncommunicable diseasesOther noncommunicable diseases,,0,0.03224,,,,,
7932,MORT_200,Deaths per 1 000 live births,https://www.who.int/data/gho/indicator-metadata-registry/imr-details/3366,,,,PUBLISHED,Published,,2017.0,2017,,AFR,2017,2017,Africa,,NGA,Nigeria,,DAYS0-27,0-27 days,,,,,,,,CH17,InjuriesInjuries,,0.4,0.42760,,,,,
7933,MORT_300,Distribution of causes of death among children aged < 5 years (%),https://www.who.int/data/gho/indicator-metadata-registry/imr-details/89,,,,PUBLISHED,Published,,2017.0,2017,,AFR,2017,2017,Africa,,NGA,Nigeria,,YEARS0-4,0-4 years,,,,,,,,CH17,InjuriesInjuries,,0.1,0.05714,,,,,
7934,MORT_MATERNALNUM,Number of maternal deaths,https://www.who.int/data/gho/indicator-metadata-registry/imr-details/4622,,,,PUBLISHED,Published,,2000.0,2000,,AFR,2000,2000,Africa,,NGA,Nigeria,,,,,,,,,,,,,,64 000 [ 48 000 - 81 000 ],64000.00000,48000.0,81000.0,,,
7935,MORT_MATERNALNUM,Number of maternal deaths,https://www.who.int/data/gho/indicator-metadata-registry/imr-details/4622,,,,PUBLISHED,Published,,2005.0,2005,,AFR,2005,2005,Africa,,NGA,Nigeria,,,,,,,,,,,,,,64 000 [ 51 000 - 80 000 ],64000.00000,51000.0,80000.0,,,
7936,MORT_MATERNALNUM,Number of maternal deaths,https://www.who.int/data/gho/indicator-metadata-registry/imr-details/4622,,,,PUBLISHED,Published,,2007.0,2007,,AFR,2007,2007,Africa,,NGA,Nigeria,,,,,,,,,,,,,,62 000 [ 50 000 - 77 000 ],62000.00000,50000.0,77000.0,,,
7937,MORT_MATERNALNUM,Number of maternal deaths,https://www.who.int/data/gho/indicator-metadata-registry/imr-details/4622,,,,PUBLISHED,Published,,2009.0,2009,,AFR,2009,2009,Africa,,NGA,Nigeria,,,,,,,,,,,,,,64 000 [ 50 000 - 80 000 ],64000.00000,50000.0,80000.0,,,
7938,MORT_MATERNALNUM,Number of maternal deaths,https://www.who.int/data/gho/indicator-metadata-registry/imr-details/4622,,,,PUBLISHED,Published,,2014.0,2014,,AFR,2014,2014,Africa,,NGA,Nigeria,,,,,,,,,,,,,,66 000 [ 50 000 - 90 000 ],66000.00000,50000.0,90000.0,,,
7939,MORT_MATERNALNUM,Number of maternal deaths,https://www.who.int/data/gho/indicator-metadata-registry/imr-details/4622,,,,PUBLISHED,Published,,2016.0,2016,,AFR,2016,2016,Africa,,NGA,Nigeria,,,,,,,,,,,,,,67 000 [ 49 000 - 94 000 ],67000.00000,49000.0,94000.0,,,
7940,MDG_0000000026,Maternal mortality ratio (per 100 000 live births),https://www.who.int/data/gho/indicator-metadata-registry/imr-details/26,,,,PUBLISHED,Published,,2003.0,2003,,AFR,2003,2003,Africa,,NGA,Nigeria,,,,,,,,,,,,,,1 170 [ 918 - 1 460 ],1170.00000,918.0,1460.0,,,
7941,MDG_0000000026,Maternal mortality ratio (per 100 000 live births),https://www.who.int/data/gho/indicator-metadata-registry/imr-details/26,,,,PUBLISHED,Published,,2005.0,2005,,AFR,2005,2005,Africa,,NGA,Nigeria,,,,,,,,,,,,,,1 080 [ 865 - 1 350 ],1080.00000,865.0,1350.0,,,
7942,MDG_0000000026,Maternal mortality ratio (per 100 000 live births),https://www.who.int/data/gho/indicator-metadata-registry/imr-details/26,,,,PUBLISHED,Published,,2016.0,2016,,AFR,2016,2016,Africa,,NGA,Nigeria,,,,,,,,,,,,,,925 [ 672 - 1 300 ],925.00000,672.0,1300.0,,,
7943,MDG_0000000026,Maternal mortality ratio (per 100 000 live births),https://www.who.int/data/gho/indicator-metadata-registry/imr-details/26,,,,PUBLISHED,Published,,2014.0,2014,,AFR,2014,2014,Africa,,NGA,Nigeria,,,,,,,,,,,,,,943 [ 704 - 1 280 ],943.00000,704.0,1280.0,,,
7944,MDG_0000000026,Maternal mortality ratio (per 100 000 live births),https://www.who.int/data/gho/indicator-metadata-registry/imr-details/26,,,,PUBLISHED,Published,,2013.0,2013,,AFR,2013,2013,Africa,,NGA,Nigeria,,,,,,,,,,,,,,951 [ 720 - 1 260 ],951.00000,720.0,1260.0,,,
7945,MDG_0000000026,Maternal mortality ratio (per 100 000 live births),https://www.who.int/data/gho/indicator-metadata-registry/imr-details/26,,,,PUBLISHED,Published,,2009.0,2009,,AFR,2009,2009,Africa,,NGA,Nigeria,,,,,,,,,,,,,,987 [ 779 - 1 240 ],987.00000,779.0,1240.0,,,
7946,CHILDMORT5TO14,Mortality rate for 5-14 year-olds (probability of dying per 1000 children aged 5-14 years),https://www.who.int/data/gho/indicator-metadata-registry/imr-details/4802,,,,PUBLISHED,Published,,1965.0,1965,,AFR,1965,1965,Africa,,NGA,Nigeria,,,,,BTSX,Both sexes,,,,,,,,66.6 [47.5-94.0],66.63121,47.50423,94.02293,,,
7947,CHILDMORT5TO14,Mortality rate for 5-14 year-olds (probability of dying per 1000 children aged 5-14 years),https://www.who.int/data/gho/indicator-metadata-registry/imr-details/4802,,,,PUBLISHED,Published,,1967.0,1967,,AFR,1967,1967,Africa,,NGA,Nigeria,,,,,BTSX,Both sexes,,,,,,,,63.5 [47.1-86.5],63.53848,47.09973,86.45794,,,
7948,CHILDMORT5TO14,Mortality rate for 5-14 year-olds (probability of dying per 1000 children aged 5-14 years),https://www.who.int/data/gho/indicator-metadata-registry/imr-details/4802,,,,PUBLISHED,Published,,1974.0,1974,,AFR,1974,1974,Africa,,NGA,Nigeria,,,,,BTSX,Both sexes,,,,,,,,54.1 [42.6-69.7],54.10773,42.61122,69.67465,,,
7949,CHILDMORT5TO14,Mortality rate for 5-14 year-olds (probability of dying per 1000 children aged 5-14 years),https://www.who.int/data/gho/indicator-metadata-registry/imr-details/4802,,,,PUBLISHED,Published,,1976.0,1976,,AFR,1976,1976,Africa,,NGA,Nigeria,,,,,BTSX,Both sexes,,,,,,,,51.7 [41.2-64.7],51.65102,41.1768,64.72224,,,
7950,CHILDMORT5TO14,Mortality rate for 5-14 year-olds (probability of dying per 1000 children aged 5-14 years),https://www.who.int/data/gho/indicator-metadata-registry/imr-details/4802,,,,PUBLISHED,Published,,1981.0,1981,,AFR,1981,1981,Africa,,NGA,Nigeria,,,,,BTSX,Both sexes,,,,,,,,45.8 [37.2-55.0],45.83397,37.2438,54.95913,,,
7951,CHILDMORT5TO14,Mortality rate for 5-14 year-olds (probability of dying per 1000 children aged 5-14 years),https://www.who.int/data/gho/indicator-metadata-registry/imr-details/4802,,,,PUBLISHED,Published,,1983.0,1983,,AFR,1983,1983,Africa,,NGA,Nigeria,,,,,BTSX,Both sexes,,,,,,,,44.0 [35.6-52.2],44.04446,35.5912,52.18496,,,
7952,CHILDMORT5TO14,Mortality rate for 5-14 year-olds (probability of dying per 1000 children aged 5-14 years),https://www.who.int/data/gho/indicator-metadata-registry/imr-details/4802,,,,PUBLISHED,Published,,1990.0,1990,,AFR,1990,1990,Africa,,NGA,Nigeria,,,,,BTSX,Both sexes,,,,,,,,40.6 [35.2-46.9],40.59019,35.20458,46.8672,,,
7953,CHILDMORT5TO14,Mortality rate for 5-14 year-olds (probability of dying per 1000 children aged 5-14 years),https://www.who.int/data/gho/indicator-metadata-registry/imr-details/4802,,,,PUBLISHED,Published,,1992.0,1992,,AFR,1992,1992,Africa,,NGA,Nigeria,,,,,BTSX,Both sexes,,,,,,,,39.8 [35.1-46.2],39.78666,35.0698,46.23554,,,
7954,CHILDMORT5TO14,Mortality rate for 5-14 year-olds (probability of dying per 1000 children aged 5-14 years),https://www.who.int/data/gho/indicator-metadata-registry/imr-details/4802,,,,PUBLISHED,Published,,1999.0,1999,,AFR,1999,1999,Africa,,NGA,Nigeria,,,,,BTSX,Both sexes,,,,,,,,34.5 [31.2-38.7],34.52815,31.16487,38.65228,,,
7955,CHILDMORT5TO14,Mortality rate for 5-14 year-olds (probability of dying per 1000 children aged 5-14 years),https://www.who.int/data/gho/indicator-metadata-registry/imr-details/4802,,,,PUBLISHED,Published,,2001.0,2001,,AFR,2001,2001,Africa,,NGA,Nigeria,,,,,BTSX,Both sexes,,,,,,,,32.5 [29.4-36.0],32.51744,29.40999,36.03959,,,
7956,CHILDMORT5TO14,Mortality rate for 5-14 year-olds (probability of dying per 1000 children aged 5-14 years),https://www.who.int/data/gho/indicator-metadata-registry/imr-details/4802,,,,PUBLISHED,Published,,2006.0,2006,,AFR,2006,2006,Africa,,NGA,Nigeria,,,,,BTSX,Both sexes,,,,,,,,28.1 [24.8-31.9],28.13931,24.81185,31.91391,,,
7957,CHILDMORT5TO14,Mortality rate for 5-14 year-olds (probability of dying per 1000 children aged 5-14 years),https://www.who.int/data/gho/indicator-metadata-registry/imr-details/4802,,,,PUBLISHED,Published,,2008.0,2008,,AFR,2008,2008,Africa,,NGA,Nigeria,,,,,BTSX,Both sexes,,,,,,,,26.6 [22.9-30.8],26.58997,22.90523,30.80461,,,
7958,CHILDMORT5TO14,Mortality rate for 5-14 year-olds (probability of dying per 1000 children aged 5-14 years),https://www.who.int/data/gho/indicator-metadata-registry/imr-details/4802,,,,PUBLISHED,Published,,2015.0,2015,,AFR,2015,2015,Africa,,NGA,Nigeria,,,,,BTSX,Both sexes,,,,,,,,21.8 [15.9-28.7],21.77616,15.86919,28.71519,,,
7959,CHILDMORT5TO14,Mortality rate for 5-14 year-olds (probability of dying per 1000 children aged 5-14 years),https://www.who.int/data/gho/indicator-metadata-registry/imr-details/4802,,,,PUBLISHED,Published,,2017.0,2017,,AFR,2017,2017,Africa,,NGA,Nigeria,,,,,BTSX,Both sexes,,,,,,,,20.5 [14.1-28.4],20.45388,14.12921,28.36465,,,
7960,CM_01,Number of under-five deaths (thousands),https://www.who.int/data/gho/indicator-metadata-registry/imr-details/2712,,,,PUBLISHED,Published,,2018.0,2018,,AFR,2018,2018,Africa,,NGA,Nigeria,,,,,BTSX,Both sexes,,,,,,,,866084,866084.00000,,,,,
7961,CM_01,Number of under-five deaths (thousands),https://www.who.int/data/gho/indicator-metadata-registry/imr-details/2712,,,,PUBLISHED,Published,,2016.0,2016,,AFR,2016,2016,Africa,,NGA,Nigeria,,,,,FMLE,Female,,,,,,,,397507,397507.00000,,,,,
7962,CM_01,Number of under-five deaths (thousands),https://www.who.int/data/gho/indicator-metadata-registry/imr-details/2712,,,,PUBLISHED,Published,,2015.0,2015,,AFR,2015,2015,Africa,,NGA,Nigeria,,,,,BTSX,Both sexes,,,,,,,,867269,867269.00000,,,,,
7963,CM_01,Number of under-five deaths (thousands),https://www.who.int/data/gho/indicator-metadata-registry/imr-details/2712,,,,PUBLISHED,Published,,2013.0,2013,,AFR,2013,2013,Africa,,NGA,Nigeria,,,,,FMLE,Female,,,,,,,,393090,393090.00000,,,,,
7964,CM_01,Number of under-five deaths (thousands),https://www.who.int/data/gho/indicator-metadata-registry/imr-details/2712,,,,PUBLISHED,Published,,2012.0,2012,,AFR,2012,2012,Africa,,NGA,Nigeria,,,,,BTSX,Both sexes,,,,,,,,856676,856676.00000,,,,,
7965,CM_01,Number of under-five deaths (thousands),https://www.who.int/data/gho/indicator-metadata-registry/imr-details/2712,,,,PUBLISHED,Published,,2011.0,2011,,AFR,2011,2011,Africa,,NGA,Nigeria,,,,,MLE,Male,,,,,,,,462921,462921.00000,,,,,
7966,CM_01,Number of under-five deaths (thousands),https://www.who.int/data/gho/indicator-metadata-registry/imr-details/2712,,,,PUBLISHED,Published,,2010.0,2010,,AFR,2010,2010,Africa,,NGA,Nigeria,,,,,FMLE,Female,,,,,,,,390565,390565.00000,,,,,
7967,CM_01,Number of under-five deaths (thousands),https://www.who.int/data/gho/indicator-metadata-registry/imr-details/2712,,,,PUBLISHED,Published,,2008.0,2008,,AFR,2008,2008,Africa,,NGA,Nigeria,,,,,MLE,Male,,,,,,,,465093,465093.00000,,,,,
7968,CM_01,Number of under-five deaths (thousands),https://www.who.int/data/gho/indicator-metadata-registry/imr-details/2712,,,,PUBLISHED,Published,,2007.0,2007,,AFR,2007,2007,Africa,,NGA,Nigeria,,,,,FMLE,Female,,,,,,,,396473,396473.00000,,,,,
7969,CM_01,Number of under-five deaths (thousands),https://www.who.int/data/gho/indicator-metadata-registry/imr-details/2712,,,,PUBLISHED,Published,,2005.0,2005,,AFR,2005,2005,Africa,,NGA,Nigeria,,,,,MLE,Male,,,,,,,,477816,477816.00000,,,,,
7970,CM_01,Number of under-five deaths (thousands),https://www.who.int/data/gho/indicator-metadata-registry/imr-details/2712,,,,PUBLISHED,Published,,2004.0,2004,,AFR,2004,2004,Africa,,NGA,Nigeria,,,,,FMLE,Female,,,,,,,,410851,410851.00000,,,,,
7971,CM_01,Number of under-five deaths (thousands),https://www.who.int/data/gho/indicator-metadata-registry/imr-details/2712,,,,PUBLISHED,Published,,2002.0,2002,,AFR,2002,2002,Africa,,NGA,Nigeria,,,,,BTSX,Both sexes,,,,,,,,914782,914782.00000,,,,,
7972,CM_01,Number of under-five deaths (thousands),https://www.who.int/data/gho/indicator-metadata-registry/imr-details/2712,,,,PUBLISHED,Published,,2002.0,2002,,AFR,2002,2002,Africa,,NGA,Nigeria,,,,,MLE,Male,,,,,,,,492863,492863.00000,,,,,
7973,CM_01,Number of under-five deaths (thousands),https://www.who.int/data/gho/indicator-metadata-registry/imr-details/2712,,,,PUBLISHED,Published,,1999.0,1999,,AFR,1999,1999,Africa,,NGA,Nigeria,,,,,BTSX,Both sexes,,,,,,,,933636,933636.00000,,,,,
7974,CM_01,Number of under-five deaths (thousands),https://www.who.int/data/gho/indicator-metadata-registry/imr-details/2712,,,,PUBLISHED,Published,,1999.0,1999,,AFR,1999,1999,Africa,,NGA,Nigeria,,,,,MLE,Male,,,,,,,,502155,502155.00000,,,,,
7975,CM_01,Number of under-five deaths (thousands),https://www.who.int/data/gho/indicator-metadata-registry/imr-details/2712,,,,PUBLISHED,Published,,1996.0,1996,,AFR,1996,1996,Africa,,NGA,Nigeria,,,,,BTSX,Both sexes,,,,,,,,931936,931936.00000,,,,,
7976,CM_01,Number of under-five deaths (thousands),https://www.who.int/data/gho/indicator-metadata-registry/imr-details/2712,,,,PUBLISHED,Published,,1996.0,1996,,AFR,1996,1996,Africa,,NGA,Nigeria,,,,,MLE,Male,,,,,,,,500900,500900.00000,,,,,
7977,CM_01,Number of under-five deaths (thousands),https://www.who.int/data/gho/indicator-metadata-registry/imr-details/2712,,,,PUBLISHED,Published,,1994.0,1994,,AFR,1994,1994,Africa,,NGA,Nigeria,,,,,FMLE,Female,,,,,,,,421553,421553.00000,,,,,
7978,CM_01,Number of under-five deaths (thousands),https://www.who.int/data/gho/indicator-metadata-registry/imr-details/2712,,,,PUBLISHED,Published,,1993.0,1993,,AFR,1993,1993,Africa,,NGA,Nigeria,,,,,BTSX,Both sexes,,,,,,,,898210,898210.00000,,,,,
7979,CM_01,Number of under-five deaths (thousands),https://www.who.int/data/gho/indicator-metadata-registry/imr-details/2712,,,,PUBLISHED,Published,,1991.0,1991,,AFR,1991,1991,Africa,,NGA,Nigeria,,,,,FMLE,Female,,,,,,,,400421,400421.00000,,,,,
7980,CM_01,Number of under-five deaths (thousands),https://www.who.int/data/gho/indicator-metadata-registry/imr-details/2712,,,,PUBLISHED,Published,,1990.0,1990,,AFR,1990,1990,Africa,,NGA,Nigeria,,,,,BTSX,Both sexes,,,,,,,,853117,853117.00000,,,,,
7981,CM_01,Number of under-five deaths (thousands),https://www.who.int/data/gho/indicator-metadata-registry/imr-details/2712,,,,PUBLISHED,Published,,1988.0,1988,,AFR,1988,1988,Africa,,NGA,Nigeria,,,,,FMLE,Female,,,,,,,,378068,378068.00000,,,,,
7982,CM_01,Number of under-five deaths (thousands),https://www.who.int/data/gho/indicator-metadata-registry/imr-details/2712,,,,PUBLISHED,Published,,1987.0,1987,,AFR,1987,1987,Africa,,NGA,Nigeria,,,,,BTSX,Both sexes,,,,,,,,802073,802073.00000,,,,,
7983,CM_01,Number of under-five deaths (thousands),https://www.who.int/data/gho/indicator-metadata-registry/imr-details/2712,,,,PUBLISHED,Published,,1986.0,1986,,AFR,1986,1986,Africa,,NGA,Nigeria,,,,,MLE,Male,,,,,,,,421773,421773.00000,,,,,
7984,CM_01,Number of under-five deaths (thousands),https://www.who.int/data/gho/indicator-metadata-registry/imr-details/2712,,,,PUBLISHED,Published,,1985.0,1985,,AFR,1985,1985,Africa,,NGA,Nigeria,,,,,FMLE,Female,,,,,,,,352042,352042.00000,,,,,
7985,CM_01,Number of under-five deaths (thousands),https://www.who.int/data/gho/indicator-metadata-registry/imr-details/2712,,,,PUBLISHED,Published,,1983.0,1983,,AFR,1983,1983,Africa,,NGA,Nigeria,,,,,MLE,Male,,,,,,,,392026,392026.00000,,,,,
7986,CM_01,Number of under-five deaths (thousands),https://www.who.int/data/gho/indicator-metadata-registry/imr-details/2712,,,,PUBLISHED,Published,,1982.0,1982,,AFR,1982,1982,Africa,,NGA,Nigeria,,,,,FMLE,Female,,,,,,,,329549,329549.00000,,,,,
7987,CM_01,Number of under-five deaths (thousands),https://www.who.int/data/gho/indicator-metadata-registry/imr-details/2712,,,,PUBLISHED,Published,,1980.0,1980,,AFR,1980,1980,Africa,,NGA,Nigeria,,,,,MLE,Male,,,,,,,,373743,373743.00000,,,,,
7988,CM_01,Number of under-five deaths (thousands),https://www.who.int/data/gho/indicator-metadata-registry/imr-details/2712,,,,PUBLISHED,Published,,1979.0,1979,,AFR,1979,1979,Africa,,NGA,Nigeria,,,,,FMLE,Female,,,,,,,,318622,318622.00000,,,,,
7989,CM_01,Number of under-five deaths (thousands),https://www.who.int/data/gho/indicator-metadata-registry/imr-details/2712,,,,PUBLISHED,Published,,1977.0,1977,,AFR,1977,1977,Africa,,NGA,Nigeria,,,,,BTSX,Both sexes,,,,,,,,686250,686250.00000,,,,,
7990,CM_01,Number of under-five deaths (thousands),https://www.who.int/data/gho/indicator-metadata-registry/imr-details/2712,,,,PUBLISHED,Published,,1977.0,1977,,AFR,1977,1977,Africa,,NGA,Nigeria,,,,,MLE,Male,,,,,,,,368931,368931.00000,,,,,
7991,CM_01,Number of under-five deaths (thousands),https://www.who.int/data/gho/indicator-metadata-registry/imr-details/2712,,,,PUBLISHED,Published,,1974.0,1974,,AFR,1974,1974,Africa,,NGA,Nigeria,,,,,BTSX,Both sexes,,,,,,,,690244,690244.00000,,,,,
7992,CM_01,Number of under-five deaths (thousands),https://www.who.int/data/gho/indicator-metadata-registry/imr-details/2712,,,,PUBLISHED,Published,,1974.0,1974,,AFR,1974,1974,Africa,,NGA,Nigeria,,,,,MLE,Male,,,,,,,,370433,370433.00000,,,,,
7993,CM_01,Number of under-five deaths (thousands),https://www.who.int/data/gho/indicator-metadata-registry/imr-details/2712,,,,PUBLISHED,Published,,1971.0,1971,,AFR,1971,1971,Africa,,NGA,Nigeria,,,,,BTSX,Both sexes,,,,,,,,696026,696026.00000,,,,,
7994,CM_01,Number of under-five deaths (thousands),https://www.who.int/data/gho/indicator-metadata-registry/imr-details/2712,,,,PUBLISHED,Published,,1971.0,1971,,AFR,1971,1971,Africa,,NGA,Nigeria,,,,,MLE,Male,,,,,,,,373049,373049.00000,,,,,
7995,CM_01,Number of under-five deaths (thousands),https://www.who.int/data/gho/indicator-metadata-registry/imr-details/2712,,,,PUBLISHED,Published,,1969.0,1969,,AFR,1969,1969,Africa,,NGA,Nigeria,,,,,FMLE,Female,,,,,,,,324149,324149.00000,,,,,
7996,CM_02,Number of infant deaths (thousands),https://www.who.int/data/gho/indicator-metadata-registry/imr-details/2711,,,,PUBLISHED,Published,,2018.0,2018,,AFR,2018,2018,Africa,,NGA,Nigeria,,,,,BTSX,Both sexes,,,,,,,,551684,551684.00000,,,,,
7997,CM_02,Number of infant deaths (thousands),https://www.who.int/data/gho/indicator-metadata-registry/imr-details/2711,,,,PUBLISHED,Published,,2018.0,2018,,AFR,2018,2018,Africa,,NGA,Nigeria,,,,,MLE,Male,,,,,,,,309051,309051.00000,,,,,
7998,CM_02,Number of infant deaths (thousands),https://www.who.int/data/gho/indicator-metadata-registry/imr-details/2711,,,,PUBLISHED,Published,,2015.0,2015,,AFR,2015,2015,Africa,,NGA,Nigeria,,,,,BTSX,Both sexes,,,,,,,,550554,550554.00000,,,,,
7999,CM_02,Number of infant deaths (thousands),https://www.who.int/data/gho/indicator-metadata-registry/imr-details/2711,,,,PUBLISHED,Published,,2015.0,2015,,AFR,2015,2015,Africa,,NGA,Nigeria,,,,,MLE,Male,,,,,,,,308428,308428.00000,,,,,
8000,CM_02,Number of infant deaths (thousands),https://www.who.int/data/gho/indicator-metadata-registry/imr-details/2711,,,,PUBLISHED,Published,,2012.0,2012,,AFR,2012,2012,Africa,,NGA,Nigeria,,,,,BTSX,Both sexes,,,,,,,,543209,543209.00000,,,,,
8001,CM_02,Number of infant deaths (thousands),https://www.who.int/data/gho/indicator-metadata-registry/imr-details/2711,,,,PUBLISHED,Published,,2012.0,2012,,AFR,2012,2012,Africa,,NGA,Nigeria,,,,,MLE,Male,,,,,,,,304173,304173.00000,,,,,
8002,CM_02,Number of infant deaths (thousands),https://www.who.int/data/gho/indicator-metadata-registry/imr-details/2711,,,,PUBLISHED,Published,,2010.0,2010,,AFR,2010,2010,Africa,,NGA,Nigeria,,,,,FMLE,Female,,,,,,,,237587,237587.00000,,,,,
8003,CM_02,Number of infant deaths (thousands),https://www.who.int/data/gho/indicator-metadata-registry/imr-details/2711,,,,PUBLISHED,Published,,2009.0,2009,,AFR,2009,2009,Africa,,NGA,Nigeria,,,,,BTSX,Both sexes,,,,,,,,539504,539504.00000,,,,,
8004,CM_02,Number of infant deaths (thousands),https://www.who.int/data/gho/indicator-metadata-registry/imr-details/2711,,,,PUBLISHED,Published,,2007.0,2007,,AFR,2007,2007,Africa,,NGA,Nigeria,,,,,FMLE,Female,,,,,,,,239159,239159.00000,,,,,
8005,CM_02,Number of infant deaths (thousands),https://www.who.int/data/gho/indicator-metadata-registry/imr-details/2711,,,,PUBLISHED,Published,,2006.0,2006,,AFR,2006,2006,Africa,,NGA,Nigeria,,,,,BTSX,Both sexes,,,,,,,,546801,546801.00000,,,,,
8006,CM_02,Number of infant deaths (thousands),https://www.who.int/data/gho/indicator-metadata-registry/imr-details/2711,,,,PUBLISHED,Published,,2004.0,2004,,AFR,2004,2004,Africa,,NGA,Nigeria,,,,,FMLE,Female,,,,,,,,245472,245472.00000,,,,,
8007,CM_02,Number of infant deaths (thousands),https://www.who.int/data/gho/indicator-metadata-registry/imr-details/2711,,,,PUBLISHED,Published,,2003.0,2003,,AFR,2003,2003,Africa,,NGA,Nigeria,,,,,BTSX,Both sexes,,,,,,,,559925,559925.00000,,,,,
8008,CM_02,Number of infant deaths (thousands),https://www.who.int/data/gho/indicator-metadata-registry/imr-details/2711,,,,PUBLISHED,Published,,1971.0,1971,,AFR,1971,1971,Africa,,NGA,Nigeria,,,,,MLE,Male,,,,,,,,231780,231780.00000,,,,,
8009,CM_02,Number of infant deaths (thousands),https://www.who.int/data/gho/indicator-metadata-registry/imr-details/2711,,,,PUBLISHED,Published,,1970.0,1970,,AFR,1970,1970,Africa,,NGA,Nigeria,,,,,FMLE,Female,,,,,,,,189464,189464.00000,,,,,
8010,CM_02,Number of infant deaths (thousands),https://www.who.int/data/gho/indicator-metadata-registry/imr-details/2711,,,,PUBLISHED,Published,,1968.0,1968,,AFR,1968,1968,Africa,,NGA,Nigeria,,,,,BTSX,Both sexes,,,,,,,,421035,421035.00000,,,,,
8011,CM_02,Number of infant deaths (thousands),https://www.who.int/data/gho/indicator-metadata-registry/imr-details/2711,,,,PUBLISHED,Published,,1968.0,1968,,AFR,1968,1968,Africa,,NGA,Nigeria,,,,,MLE,Male,,,,,,,,231760,231760.00000,,,,,
8012,CM_02,Number of infant deaths (thousands),https://www.who.int/data/gho/indicator-metadata-registry/imr-details/2711,,,,PUBLISHED,Published,,1967.0,1967,,AFR,1967,1967,Africa,,NGA,Nigeria,,,,,FMLE,Female,,,,,,,,189248,189248.00000,,,,,
8013,CM_02,Number of infant deaths (thousands),https://www.who.int/data/gho/indicator-metadata-registry/imr-details/2711,,,,PUBLISHED,Published,,1965.0,1965,,AFR,1965,1965,Africa,,NGA,Nigeria,,,,,BTSX,Both sexes,,,,,,,,421157,421157.00000,,,,,
8014,CM_02,Number of infant deaths (thousands),https://www.who.int/data/gho/indicator-metadata-registry/imr-details/2711,,,,PUBLISHED,Published,,1965.0,1965,,AFR,1965,1965,Africa,,NGA,Nigeria,,,,,MLE,Male,,,,,,,,231495,231495.00000,,,,,
8015,CM_03,Number of neonatal deaths (thousands),https://www.who.int/data/gho/indicator-metadata-registry/imr-details/2714,,,,PUBLISHED,Published,,2017.0,2017,,AFR,2017,2017,Africa,,NGA,Nigeria,,,,,BTSX,Both sexes,,,,,,,,266765,266765.00000,,,,,
8016,CM_03,Number of neonatal deaths (thousands),https://www.who.int/data/gho/indicator-metadata-registry/imr-details/2714,,,,PUBLISHED,Published,,2010.0,2010,,AFR,2010,2010,Africa,,NGA,Nigeria,,,,,BTSX,Both sexes,,,,,,,,251095,251095.00000,,,,,
8017,CM_03,Number of neonatal deaths (thousands),https://www.who.int/data/gho/indicator-metadata-registry/imr-details/2714,,,,PUBLISHED,Published,,2008.0,2008,,AFR,2008,2008,Africa,,NGA,Nigeria,,,,,BTSX,Both sexes,,,,,,,,247762,247762.00000,,,,,
8018,CM_03,Number of neonatal deaths (thousands),https://www.who.int/data/gho/indicator-metadata-registry/imr-details/2714,,,,PUBLISHED,Published,,2003.0,2003,,AFR,2003,2003,Africa,,NGA,Nigeria,,,,,BTSX,Both sexes,,,,,,,,249431,249431.00000,,,,,
8019,CM_03,Number of neonatal deaths (thousands),https://www.who.int/data/gho/indicator-metadata-registry/imr-details/2714,,,,PUBLISHED,Published,,2001.0,2001,,AFR,2001,2001,Africa,,NGA,Nigeria,,,,,BTSX,Both sexes,,,,,,,,251385,251385.00000,,,,,
8020,CM_03,Number of neonatal deaths (thousands),https://www.who.int/data/gho/indicator-metadata-registry/imr-details/2714,,,,PUBLISHED,Published,,1999.0,1999,,AFR,1999,1999,Africa,,NGA,Nigeria,,,,,BTSX,Both sexes,,,,,,,,250163,250163.00000,,,,,
8021,CM_03,Number of neonatal deaths (thousands),https://www.who.int/data/gho/indicator-metadata-registry/imr-details/2714,,,,PUBLISHED,Published,,1994.0,1994,,AFR,1994,1994,Africa,,NGA,Nigeria,,,,,BTSX,Both sexes,,,,,,,,233034,233034.00000,,,,,
8022,CM_03,Number of neonatal deaths (thousands),https://www.who.int/data/gho/indicator-metadata-registry/imr-details/2714,,,,PUBLISHED,Published,,1992.0,1992,,AFR,1992,1992,Africa,,NGA,Nigeria,,,,,BTSX,Both sexes,,,,,,,,222071,222071.00000,,,,,
8023,CM_03,Number of neonatal deaths (thousands),https://www.who.int/data/gho/indicator-metadata-registry/imr-details/2714,,,,PUBLISHED,Published,,1985.0,1985,,AFR,1985,1985,Africa,,NGA,Nigeria,,,,,BTSX,Both sexes,,,,,,,,191236,191236.00000,,,,,
8024,CM_03,Number of neonatal deaths (thousands),https://www.who.int/data/gho/indicator-metadata-registry/imr-details/2714,,,,PUBLISHED,Published,,1983.0,1983,,AFR,1983,1983,Africa,,NGA,Nigeria,,,,,BTSX,Both sexes,,,,,,,,187236,187236.00000,,,,,
8025,CM_03,Number of neonatal deaths (thousands),https://www.who.int/data/gho/indicator-metadata-registry/imr-details/2714,,,,PUBLISHED,Published,,1976.0,1976,,AFR,1976,1976,Africa,,NGA,Nigeria,,,,,BTSX,Both sexes,,,,,,,,182436,182436.00000,,,,,
8026,CM_03,Number of neonatal deaths (thousands),https://www.who.int/data/gho/indicator-metadata-registry/imr-details/2714,,,,PUBLISHED,Published,,1974.0,1974,,AFR,1974,1974,Africa,,NGA,Nigeria,,,,,BTSX,Both sexes,,,,,,,,180361,180361.00000,,,,,
8027,CM_03,Number of neonatal deaths (thousands),https://www.who.int/data/gho/indicator-metadata-registry/imr-details/2714,,,,PUBLISHED,Published,,1969.0,1969,,AFR,1969,1969,Africa,,NGA,Nigeria,,,,,BTSX,Both sexes,,,,,,,,172593,172593.00000,,,,,
8028,MDG_0000000001,Infant mortality rate (probability of dying between birth and age 1 per 1000 live births),https://www.who.int/data/gho/indicator-metadata-registry/imr-details/1,,,,PUBLISHED,Published,,2016.0,2016,,AFR,2016,2016,Africa,,NGA,Nigeria,,,,,BTSX,Both sexes,,,,,,,,77.9,77.88136,,,,,
8029,MDG_0000000001,Infant mortality rate (probability of dying between birth and age 1 per 1000 live births),https://www.who.int/data/gho/indicator-metadata-registry/imr-details/1,,,,PUBLISHED,Published,,2016.0,2016,,AFR,2016,2016,Africa,,NGA,Nigeria,,,,,MLE,Male,,,,,,,,85,84.99752,,,,,
8030,MDG_0000000001,Infant mortality rate (probability of dying between birth and age 1 per 1000 live births),https://www.who.int/data/gho/indicator-metadata-registry/imr-details/1,,,,PUBLISHED,Published,,2013.0,2013,,AFR,2013,2013,Africa,,NGA,Nigeria,,,,,BTSX,Both sexes,,,,,,,,80.5,80.47511,,,,,
8031,MDG_0000000001,Infant mortality rate (probability of dying between birth and age 1 per 1000 live births),https://www.who.int/data/gho/indicator-metadata-registry/imr-details/1,,,,PUBLISHED,Published,,2013.0,2013,,AFR,2013,2013,Africa,,NGA,Nigeria,,,,,MLE,Male,,,,,,,,87.8,87.81266,,,,,
8032,MDG_0000000001,Infant mortality rate (probability of dying between birth and age 1 per 1000 live births),https://www.who.int/data/gho/indicator-metadata-registry/imr-details/1,,,,PUBLISHED,Published,,2011.0,2011,,AFR,2011,2011,Africa,,NGA,Nigeria,,,,,FMLE,Female,,,,,,,,74.9,74.88396,,,,,
8033,MDG_0000000001,Infant mortality rate (probability of dying between birth and age 1 per 1000 live births),https://www.who.int/data/gho/indicator-metadata-registry/imr-details/1,,,,PUBLISHED,Published,,2010.0,2010,,AFR,2010,2010,Africa,,NGA,Nigeria,,,,,BTSX,Both sexes,,,,,,,,84.1,84.14469,,,,,
8034,MDG_0000000001,Infant mortality rate (probability of dying between birth and age 1 per 1000 live births),https://www.who.int/data/gho/indicator-metadata-registry/imr-details/1,,,,PUBLISHED,Published,,2008.0,2008,,AFR,2008,2008,Africa,,NGA,Nigeria,,,,,FMLE,Female,,,,,,,,79.6,79.55792,,,,,
8035,MDG_0000000001,Infant mortality rate (probability of dying between birth and age 1 per 1000 live births),https://www.who.int/data/gho/indicator-metadata-registry/imr-details/1,,,,PUBLISHED,Published,,2007.0,2007,,AFR,2007,2007,Africa,,NGA,Nigeria,,,,,BTSX,Both sexes,,,,,,,,90.2,90.19080,,,,,
8036,MDG_0000000001,Infant mortality rate (probability of dying between birth and age 1 per 1000 live births),https://www.who.int/data/gho/indicator-metadata-registry/imr-details/1,,,,PUBLISHED,Published,,2005.0,2005,,AFR,2005,2005,Africa,,NGA,Nigeria,,,,,FMLE,Female,,,,,,,,86.7,86.69213,,,,,
8037,MDG_0000000001,Infant mortality rate (probability of dying between birth and age 1 per 1000 live births),https://www.who.int/data/gho/indicator-metadata-registry/imr-details/1,,,,PUBLISHED,Published,,2004.0,2004,,AFR,2004,2004,Africa,,NGA,Nigeria,,,,,BTSX,Both sexes,,,,,,,,98.6,98.57986,,,,,
8038,MDG_0000000001,Infant mortality rate (probability of dying between birth and age 1 per 1000 live births),https://www.who.int/data/gho/indicator-metadata-registry/imr-details/1,,,,PUBLISHED,Published,,2003.0,2003,,AFR,2003,2003,Africa,,NGA,Nigeria,,,,,MLE,Male,,,,,,,,110.3,110.28677,,,,,
8039,MDG_0000000001,Infant mortality rate (probability of dying between birth and age 1 per 1000 live births),https://www.who.int/data/gho/indicator-metadata-registry/imr-details/1,,,,PUBLISHED,Published,,2002.0,2002,,AFR,2002,2002,Africa,,NGA,Nigeria,,,,,FMLE,Female,,,,,,,,95.7,95.71200,,,,,
8040,CM_02,Number of infant deaths (thousands),https://www.who.int/data/gho/indicator-metadata-registry/imr-details/2711,,,,PUBLISHED,Published,,1973.0,1973,,AFR,1973,1973,Africa,,NGA,Nigeria,,,,,FMLE,Female,,,,,,,,188665,188665.00000,,,,,
8041,CM_02,Number of infant deaths (thousands),https://www.who.int/data/gho/indicator-metadata-registry/imr-details/2711,,,,PUBLISHED,Published,,1974.0,1974,,AFR,1974,1974,Africa,,NGA,Nigeria,,,,,MLE,Male,,,,,,,,230732,230732.00000,,,,,
8042,CM_02,Number of infant deaths (thousands),https://www.who.int/data/gho/indicator-metadata-registry/imr-details/2711,,,,PUBLISHED,Published,,1975.0,1975,,AFR,1975,1975,Africa,,NGA,Nigeria,,,,,BTSX,Both sexes,,,,,,,,417521,417521.00000,,,,,
8043,CM_02,Number of infant deaths (thousands),https://www.who.int/data/gho/indicator-metadata-registry/imr-details/2711,,,,PUBLISHED,Published,,1976.0,1976,,AFR,1976,1976,Africa,,NGA,Nigeria,,,,,FMLE,Female,,,,,,,,186875,186875.00000,,,,,
8044,CM_02,Number of infant deaths (thousands),https://www.who.int/data/gho/indicator-metadata-registry/imr-details/2711,,,,PUBLISHED,Published,,1977.0,1977,,AFR,1977,1977,Africa,,NGA,Nigeria,,,,,MLE,Male,,,,,,,,229351,229351.00000,,,,,
8045,CM_02,Number of infant deaths (thousands),https://www.who.int/data/gho/indicator-metadata-registry/imr-details/2711,,,,PUBLISHED,Published,,1978.0,1978,,AFR,1978,1978,Africa,,NGA,Nigeria,,,,,BTSX,Both sexes,,,,,,,,415809,415809.00000,,,,,
8046,CM_02,Number of infant deaths (thousands),https://www.who.int/data/gho/indicator-metadata-registry/imr-details/2711,,,,PUBLISHED,Published,,1979.0,1979,,AFR,1979,1979,Africa,,NGA,Nigeria,,,,,FMLE,Female,,,,,,,,187169,187169.00000,,,,,
8047,CM_02,Number of infant deaths (thousands),https://www.who.int/data/gho/indicator-metadata-registry/imr-details/2711,,,,PUBLISHED,Published,,1981.0,1981,,AFR,1981,1981,Africa,,NGA,Nigeria,,,,,BTSX,Both sexes,,,,,,,,425037,425037.00000,,,,,
8048,CM_02,Number of infant deaths (thousands),https://www.who.int/data/gho/indicator-metadata-registry/imr-details/2711,,,,PUBLISHED,Published,,1982.0,1982,,AFR,1982,1982,Africa,,NGA,Nigeria,,,,,FMLE,Female,,,,,,,,193156,193156.00000,,,,,
8049,CM_02,Number of infant deaths (thousands),https://www.who.int/data/gho/indicator-metadata-registry/imr-details/2711,,,,PUBLISHED,Published,,1984.0,1984,,AFR,1984,1984,Africa,,NGA,Nigeria,,,,,BTSX,Both sexes,,,,,,,,448539,448539.00000,,,,,
8050,CM_02,Number of infant deaths (thousands),https://www.who.int/data/gho/indicator-metadata-registry/imr-details/2711,,,,PUBLISHED,Published,,1985.0,1985,,AFR,1985,1985,Africa,,NGA,Nigeria,,,,,FMLE,Female,,,,,,,,204939,204939.00000,,,,,
8051,CM_02,Number of infant deaths (thousands),https://www.who.int/data/gho/indicator-metadata-registry/imr-details/2711,,,,PUBLISHED,Published,,1987.0,1987,,AFR,1987,1987,Africa,,NGA,Nigeria,,,,,MLE,Male,,,,,,,,266417,266417.00000,,,,,
8052,CM_02,Number of infant deaths (thousands),https://www.who.int/data/gho/indicator-metadata-registry/imr-details/2711,,,,PUBLISHED,Published,,1987.0,1987,,AFR,1987,1987,Africa,,NGA,Nigeria,,,,,BTSX,Both sexes,,,,,,,,481058,481058.00000,,,,,
8053,CM_02,Number of infant deaths (thousands),https://www.who.int/data/gho/indicator-metadata-registry/imr-details/2711,,,,PUBLISHED,Published,,1990.0,1990,,AFR,1990,1990,Africa,,NGA,Nigeria,,,,,MLE,Male,,,,,,,,283731,283731.00000,,,,,
8054,CM_02,Number of infant deaths (thousands),https://www.who.int/data/gho/indicator-metadata-registry/imr-details/2711,,,,PUBLISHED,Published,,1990.0,1990,,AFR,1990,1990,Africa,,NGA,Nigeria,,,,,BTSX,Both sexes,,,,,,,,511633,511633.00000,,,,,
8055,CM_02,Number of infant deaths (thousands),https://www.who.int/data/gho/indicator-metadata-registry/imr-details/2711,,,,PUBLISHED,Published,,1993.0,1993,,AFR,1993,1993,Africa,,NGA,Nigeria,,,,,MLE,Male,,,,,,,,299331,299331.00000,,,,,
8056,CM_02,Number of infant deaths (thousands),https://www.who.int/data/gho/indicator-metadata-registry/imr-details/2711,,,,PUBLISHED,Published,,1993.0,1993,,AFR,1993,1993,Africa,,NGA,Nigeria,,,,,BTSX,Both sexes,,,,,,,,540053,540053.00000,,,,,
8057,CM_02,Number of infant deaths (thousands),https://www.who.int/data/gho/indicator-metadata-registry/imr-details/2711,,,,PUBLISHED,Published,,1995.0,1995,,AFR,1995,1995,Africa,,NGA,Nigeria,,,,,FMLE,Female,,,,,,,,248348,248348.00000,,,,,
8058,CM_02,Number of infant deaths (thousands),https://www.who.int/data/gho/indicator-metadata-registry/imr-details/2711,,,,PUBLISHED,Published,,1996.0,1996,,AFR,1996,1996,Africa,,NGA,Nigeria,,,,,MLE,Male,,,,,,,,311849,311849.00000,,,,,
8059,CM_02,Number of infant deaths (thousands),https://www.who.int/data/gho/indicator-metadata-registry/imr-details/2711,,,,PUBLISHED,Published,,1998.0,1998,,AFR,1998,1998,Africa,,NGA,Nigeria,,,,,FMLE,Female,,,,,,,,253548,253548.00000,,,,,
8060,CM_02,Number of infant deaths (thousands),https://www.who.int/data/gho/indicator-metadata-registry/imr-details/2711,,,,PUBLISHED,Published,,1999.0,1999,,AFR,1999,1999,Africa,,NGA,Nigeria,,,,,MLE,Male,,,,,,,,315516,315516.00000,,,,,
8061,CM_02,Number of infant deaths (thousands),https://www.who.int/data/gho/indicator-metadata-registry/imr-details/2711,,,,PUBLISHED,Published,,2001.0,2001,,AFR,2001,2001,Africa,,NGA,Nigeria,,,,,FMLE,Female,,,,,,,,252201,252201.00000,,,,,
8062,CM_02,Number of infant deaths (thousands),https://www.who.int/data/gho/indicator-metadata-registry/imr-details/2711,,,,PUBLISHED,Published,,2002.0,2002,,AFR,2002,2002,Africa,,NGA,Nigeria,,,,,MLE,Male,,,,,,,,313315,313315.00000,,,,,
8063,MDG_0000000001,Infant mortality rate (probability of dying between birth and age 1 per 1000 live births),https://www.who.int/data/gho/indicator-metadata-registry/imr-details/1,,,,PUBLISHED,Published,,2000.0,2000,,AFR,2000,2000,Africa,,NGA,Nigeria,,,,,MLE,Male,,,,,,,,119.7,119.70120,,,,,
8064,MDG_0000000001,Infant mortality rate (probability of dying between birth and age 1 per 1000 live births),https://www.who.int/data/gho/indicator-metadata-registry/imr-details/1,,,,PUBLISHED,Published,,1999.0,1999,,AFR,1999,1999,Africa,,NGA,Nigeria,,,,,FMLE,Female,,,,,,,,104.2,104.24041,,,,,
8065,MDG_0000000001,Infant mortality rate (probability of dying between birth and age 1 per 1000 live births),https://www.who.int/data/gho/indicator-metadata-registry/imr-details/1,,,,PUBLISHED,Published,,1997.0,1997,,AFR,1997,1997,Africa,,NGA,Nigeria,,,,,MLE,Male,,,,,,,,128.2,128.24122,,,,,
8066,MDG_0000000001,Infant mortality rate (probability of dying between birth and age 1 per 1000 live births),https://www.who.int/data/gho/indicator-metadata-registry/imr-details/1,,,,PUBLISHED,Published,,1996.0,1996,,AFR,1996,1996,Africa,,NGA,Nigeria,,,,,FMLE,Female,,,,,,,,110.8,110.81694,,,,,
8067,MDG_0000000001,Infant mortality rate (probability of dying between birth and age 1 per 1000 live births),https://www.who.int/data/gho/indicator-metadata-registry/imr-details/1,,,,PUBLISHED,Published,,1994.0,1994,,AFR,1994,1994,Africa,,NGA,Nigeria,,,,,BTSX,Both sexes,,,,,,,,123.4,123.35473,,,,,
8068,MDG_0000000001,Infant mortality rate (probability of dying between birth and age 1 per 1000 live births),https://www.who.int/data/gho/indicator-metadata-registry/imr-details/1,,,,PUBLISHED,Published,,1994.0,1994,,AFR,1994,1994,Africa,,NGA,Nigeria,,,,,MLE,Male,,,,,,,,133.2,133.17975,,,,,
8069,MDG_0000000001,Infant mortality rate (probability of dying between birth and age 1 per 1000 live births),https://www.who.int/data/gho/indicator-metadata-registry/imr-details/1,,,,PUBLISHED,Published,,1991.0,1991,,AFR,1991,1991,Africa,,NGA,Nigeria,,,,,BTSX,Both sexes,,,,,,,,124.9,124.85948,,,,,
8070,MDG_0000000001,Infant mortality rate (probability of dying between birth and age 1 per 1000 live births),https://www.who.int/data/gho/indicator-metadata-registry/imr-details/1,,,,PUBLISHED,Published,,1991.0,1991,,AFR,1991,1991,Africa,,NGA,Nigeria,,,,,MLE,Male,,,,,,,,135,134.98488,,,,,
8071,MDG_0000000001,Infant mortality rate (probability of dying between birth and age 1 per 1000 live births),https://www.who.int/data/gho/indicator-metadata-registry/imr-details/1,,,,PUBLISHED,Published,,1988.0,1988,,AFR,1988,1988,Africa,,NGA,Nigeria,,,,,BTSX,Both sexes,,,,,,,,125,124.98921,,,,,
8072,MDG_0000000001,Infant mortality rate (probability of dying between birth and age 1 per 1000 live births),https://www.who.int/data/gho/indicator-metadata-registry/imr-details/1,,,,PUBLISHED,Published,,1988.0,1988,,AFR,1988,1988,Africa,,NGA,Nigeria,,,,,MLE,Male,,,,,,,,134.9,134.92854,,,,,
8073,MDG_0000000001,Infant mortality rate (probability of dying between birth and age 1 per 1000 live births),https://www.who.int/data/gho/indicator-metadata-registry/imr-details/1,,,,PUBLISHED,Published,,1986.0,1986,,AFR,1986,1986,Africa,,NGA,Nigeria,,,,,FMLE,Female,,,,,,,,114,113.95127,,,,,
8074,MDG_0000000001,Infant mortality rate (probability of dying between birth and age 1 per 1000 live births),https://www.who.int/data/gho/indicator-metadata-registry/imr-details/1,,,,PUBLISHED,Published,,1985.0,1985,,AFR,1985,1985,Africa,,NGA,Nigeria,,,,,BTSX,Both sexes,,,,,,,,123.7,123.65642,,,,,
8075,MDG_0000000001,Infant mortality rate (probability of dying between birth and age 1 per 1000 live births),https://www.who.int/data/gho/indicator-metadata-registry/imr-details/1,,,,PUBLISHED,Published,,1985.0,1985,,AFR,1985,1985,Africa,,NGA,Nigeria,,,,,MLE,Male,,,,,,,,133.3,133.32245,,,,,
8076,MDG_0000000001,Infant mortality rate (probability of dying between birth and age 1 per 1000 live births),https://www.who.int/data/gho/indicator-metadata-registry/imr-details/1,,,,PUBLISHED,Published,,1983.0,1983,,AFR,1983,1983,Africa,,NGA,Nigeria,,,,,FMLE,Female,,,,,,,,113.3,113.29014,,,,,
8077,MDG_0000000001,Infant mortality rate (probability of dying between birth and age 1 per 1000 live births),https://www.who.int/data/gho/indicator-metadata-registry/imr-details/1,,,,PUBLISHED,Published,,1982.0,1982,,AFR,1982,1982,Africa,,NGA,Nigeria,,,,,BTSX,Both sexes,,,,,,,,123.7,123.68918,,,,,
8078,MDG_0000000001,Infant mortality rate (probability of dying between birth and age 1 per 1000 live births),https://www.who.int/data/gho/indicator-metadata-registry/imr-details/1,,,,PUBLISHED,Published,,1980.0,1980,,AFR,1980,1980,Africa,,NGA,Nigeria,,,,,FMLE,Female,,,,,,,,116.5,116.47394,,,,,
8079,MDG_0000000001,Infant mortality rate (probability of dying between birth and age 1 per 1000 live births),https://www.who.int/data/gho/indicator-metadata-registry/imr-details/1,,,,PUBLISHED,Published,,1979.0,1979,,AFR,1979,1979,Africa,,NGA,Nigeria,,,,,BTSX,Both sexes,,,,,,,,128.8,128.75883,,,,,
8080,MDG_0000000001,Infant mortality rate (probability of dying between birth and age 1 per 1000 live births),https://www.who.int/data/gho/indicator-metadata-registry/imr-details/1,,,,PUBLISHED,Published,,1978.0,1978,,AFR,1978,1978,Africa,,NGA,Nigeria,,,,,MLE,Male,,,,,,,,141.6,141.61740,,,,,
8081,MDG_0000000001,Infant mortality rate (probability of dying between birth and age 1 per 1000 live births),https://www.who.int/data/gho/indicator-metadata-registry/imr-details/1,,,,PUBLISHED,Published,,1977.0,1977,,AFR,1977,1977,Africa,,NGA,Nigeria,,,,,FMLE,Female,,,,,,,,124.8,124.81968,,,,,
8082,MDG_0000000001,Infant mortality rate (probability of dying between birth and age 1 per 1000 live births),https://www.who.int/data/gho/indicator-metadata-registry/imr-details/1,,,,PUBLISHED,Published,,1976.0,1976,,AFR,1976,1976,Africa,,NGA,Nigeria,,,,,BTSX,Both sexes,,,,,,,,139.5,139.54687,,,,,
8083,MDG_0000000001,Infant mortality rate (probability of dying between birth and age 1 per 1000 live births),https://www.who.int/data/gho/indicator-metadata-registry/imr-details/1,,,,PUBLISHED,Published,,1975.0,1975,,AFR,1975,1975,Africa,,NGA,Nigeria,,,,,MLE,Male,,,,,,,,154.8,154.80907,,,,,
8084,MDG_0000000001,Infant mortality rate (probability of dying between birth and age 1 per 1000 live births),https://www.who.int/data/gho/indicator-metadata-registry/imr-details/1,,,,PUBLISHED,Published,,1974.0,1974,,AFR,1974,1974,Africa,,NGA,Nigeria,,,,,FMLE,Female,,,,,,,,137.5,137.46617,,,,,
8085,MDG_0000000001,Infant mortality rate (probability of dying between birth and age 1 per 1000 live births),https://www.who.int/data/gho/indicator-metadata-registry/imr-details/1,,,,PUBLISHED,Published,,1972.0,1972,,AFR,1972,1972,Africa,,NGA,Nigeria,,,,,MLE,Male,,,,,,,,170.6,170.61906,,,,,
8086,MDG_0000000001,Infant mortality rate (probability of dying between birth and age 1 per 1000 live births),https://www.who.int/data/gho/indicator-metadata-registry/imr-details/1,,,,PUBLISHED,Published,,1971.0,1971,,AFR,1971,1971,Africa,,NGA,Nigeria,,,,,FMLE,Female,,,,,,,,151.7,151.67719,,,,,
8087,MDG_0000000001,Infant mortality rate (probability of dying between birth and age 1 per 1000 live births),https://www.who.int/data/gho/indicator-metadata-registry/imr-details/1,,,,PUBLISHED,Published,,1969.0,1969,,AFR,1969,1969,Africa,,NGA,Nigeria,,,,,MLE,Male,,,,,,,,186.3,186.25787,,,,,
8088,MDG_0000000001,Infant mortality rate (probability of dying between birth and age 1 per 1000 live births),https://www.who.int/data/gho/indicator-metadata-registry/imr-details/1,,,,PUBLISHED,Published,,1968.0,1968,,AFR,1968,1968,Africa,,NGA,Nigeria,,,,,FMLE,Female,,,,,,,,164.4,164.44490,,,,,
8089,MDG_0000000001,Infant mortality rate (probability of dying between birth and age 1 per 1000 live births),https://www.who.int/data/gho/indicator-metadata-registry/imr-details/1,,,,PUBLISHED,Published,,1966.0,1966,,AFR,1966,1966,Africa,,NGA,Nigeria,,,,,BTSX,Both sexes,,,,,,,,186.6,186.61132,,,,,
8090,MDG_0000000001,Infant mortality rate (probability of dying between birth and age 1 per 1000 live births),https://www.who.int/data/gho/indicator-metadata-registry/imr-details/1,,,,PUBLISHED,Published,,1966.0,1966,,AFR,1966,1966,Africa,,NGA,Nigeria,,,,,MLE,Male,,,,,,,,200,199.96270,,,,,
8091,MDG_0000000007,Under-five mortality rate (probability of dying by age 5 per 1000 live births),https://www.who.int/data/gho/indicator-metadata-registry/imr-details/7,,,,PUBLISHED,Published,,2018.0,2018,,AFR,2018,2018,Africa,,NGA,Nigeria,,,,,BTSX,Both sexes,,,,,,,,119.9,119.91363,,,,,
8092,MDG_0000000007,Under-five mortality rate (probability of dying by age 5 per 1000 live births),https://www.who.int/data/gho/indicator-metadata-registry/imr-details/7,,,,PUBLISHED,Published,,2017.0,2017,,AFR,2017,2017,Africa,,NGA,Nigeria,,,,,MLE,Male,,,,,,,,129,129.02213,,,,,
8093,MDG_0000000007,Under-five mortality rate (probability of dying by age 5 per 1000 live births),https://www.who.int/data/gho/indicator-metadata-registry/imr-details/7,,,,PUBLISHED,Published,,2016.0,2016,,AFR,2016,2016,Africa,,NGA,Nigeria,,,,,FMLE,Female,,,,,,,,116.6,116.59094,,,,,
8094,MDG_0000000007,Under-five mortality rate (probability of dying by age 5 per 1000 live births),https://www.who.int/data/gho/indicator-metadata-registry/imr-details/7,,,,PUBLISHED,Published,,2014.0,2014,,AFR,2014,2014,Africa,,NGA,Nigeria,,,,,MLE,Male,,,,,,,,133.9,133.93738,,,,,
8095,MDG_0000000007,Under-five mortality rate (probability of dying by age 5 per 1000 live births),https://www.who.int/data/gho/indicator-metadata-registry/imr-details/7,,,,PUBLISHED,Published,,2013.0,2013,,AFR,2013,2013,Africa,,NGA,Nigeria,,,,,FMLE,Female,,,,,,,,121,120.99940,,,,,
8096,MDG_0000000007,Under-five mortality rate (probability of dying by age 5 per 1000 live births),https://www.who.int/data/gho/indicator-metadata-registry/imr-details/7,,,,PUBLISHED,Published,,2011.0,2011,,AFR,2011,2011,Africa,,NGA,Nigeria,,,,,MLE,Male,,,,,,,,139.9,139.89189,,,,,
8097,MDG_0000000007,Under-five mortality rate (probability of dying by age 5 per 1000 live births),https://www.who.int/data/gho/indicator-metadata-registry/imr-details/7,,,,PUBLISHED,Published,,2010.0,2010,,AFR,2010,2010,Africa,,NGA,Nigeria,,,,,FMLE,Female,,,,,,,,127.5,127.49601,,,,,
8098,MDG_0000000007,Under-five mortality rate (probability of dying by age 5 per 1000 live births),https://www.who.int/data/gho/indicator-metadata-registry/imr-details/7,,,,PUBLISHED,Published,,2008.0,2008,,AFR,2008,2008,Africa,,NGA,Nigeria,,,,,BTSX,Both sexes,,,,,,,,142,142.02785,,,,,
8099,MDG_0000000007,Under-five mortality rate (probability of dying by age 5 per 1000 live births),https://www.who.int/data/gho/indicator-metadata-registry/imr-details/7,,,,PUBLISHED,Published,,2008.0,2008,,AFR,2008,2008,Africa,,NGA,Nigeria,,,,,MLE,Male,,,,,,,,149.6,149.57881,,,,,
8100,MDG_0000000007,Under-five mortality rate (probability of dying by age 5 per 1000 live births),https://www.who.int/data/gho/indicator-metadata-registry/imr-details/7,,,,PUBLISHED,Published,,2005.0,2005,,AFR,2005,2005,Africa,,NGA,Nigeria,,,,,BTSX,Both sexes,,,,,,,,156.2,156.23947,,,,,
8101,MDG_0000000007,Under-five mortality rate (probability of dying by age 5 per 1000 live births),https://www.who.int/data/gho/indicator-metadata-registry/imr-details/7,,,,PUBLISHED,Published,,2005.0,2005,,AFR,2005,2005,Africa,,NGA,Nigeria,,,,,MLE,Male,,,,,,,,164.2,164.23973,,,,,
8102,MDG_0000000007,Under-five mortality rate (probability of dying by age 5 per 1000 live births),https://www.who.int/data/gho/indicator-metadata-registry/imr-details/7,,,,PUBLISHED,Published,,2002.0,2002,,AFR,2002,2002,Africa,,NGA,Nigeria,,,,,BTSX,Both sexes,,,,,,,,173.4,173.42302,,,,,
8103,MDG_0000000007,Under-five mortality rate (probability of dying by age 5 per 1000 live births),https://www.who.int/data/gho/indicator-metadata-registry/imr-details/7,,,,PUBLISHED,Published,,2002.0,2002,,AFR,2002,2002,Africa,,NGA,Nigeria,,,,,MLE,Male,,,,,,,,181.7,181.65774,,,,,
8104,MDG_0000000007,Under-five mortality rate (probability of dying by age 5 per 1000 live births),https://www.who.int/data/gho/indicator-metadata-registry/imr-details/7,,,,PUBLISHED,Published,,2000.0,2000,,AFR,2000,2000,Africa,,NGA,Nigeria,,,,,FMLE,Female,,,,,,,,175.8,175.83843,,,,,
8105,MDG_0000000007,Under-five mortality rate (probability of dying by age 5 per 1000 live births),https://www.who.int/data/gho/indicator-metadata-registry/imr-details/7,,,,PUBLISHED,Published,,1999.0,1999,,AFR,1999,1999,Africa,,NGA,Nigeria,,,,,BTSX,Both sexes,,,,,,,,190.1,190.08692,,,,,
8106,MDG_0000000007,Under-five mortality rate (probability of dying by age 5 per 1000 live births),https://www.who.int/data/gho/indicator-metadata-registry/imr-details/7,,,,PUBLISHED,Published,,1997.0,1997,,AFR,1997,1997,Africa,,NGA,Nigeria,,,,,FMLE,Female,,,,,,,,190,190.04198,,,,,
8107,MDG_0000000007,Under-five mortality rate (probability of dying by age 5 per 1000 live births),https://www.who.int/data/gho/indicator-metadata-registry/imr-details/7,,,,PUBLISHED,Published,,1996.0,1996,,AFR,1996,1996,Africa,,NGA,Nigeria,,,,,BTSX,Both sexes,,,,,,,,203.3,203.26043,,,,,
8108,MDG_0000000007,Under-five mortality rate (probability of dying by age 5 per 1000 live births),https://www.who.int/data/gho/indicator-metadata-registry/imr-details/7,,,,PUBLISHED,Published,,1994.0,1994,,AFR,1994,1994,Africa,,NGA,Nigeria,,,,,FMLE,Female,,,,,,,,197.7,197.74015,,,,,
8109,MDG_0000000007,Under-five mortality rate (probability of dying by age 5 per 1000 live births),https://www.who.int/data/gho/indicator-metadata-registry/imr-details/7,,,,PUBLISHED,Published,,1993.0,1993,,AFR,1993,1993,Africa,,NGA,Nigeria,,,,,BTSX,Both sexes,,,,,,,,209,209.02228,,,,,
8110,MDG_0000000007,Under-five mortality rate (probability of dying by age 5 per 1000 live births),https://www.who.int/data/gho/indicator-metadata-registry/imr-details/7,,,,PUBLISHED,Published,,1992.0,1992,,AFR,1992,1992,Africa,,NGA,Nigeria,,,,,MLE,Male,,,,,,,,219.9,219.94995,,,,,
8111,MDG_0000000007,Under-five mortality rate (probability of dying by age 5 per 1000 live births),https://www.who.int/data/gho/indicator-metadata-registry/imr-details/7,,,,PUBLISHED,Published,,1991.0,1991,,AFR,1991,1991,Africa,,NGA,Nigeria,,,,,FMLE,Female,,,,,,,,199.8,199.82186,,,,,
8112,MDG_0000000007,Under-five mortality rate (probability of dying by age 5 per 1000 live births),https://www.who.int/data/gho/indicator-metadata-registry/imr-details/7,,,,PUBLISHED,Published,,1989.0,1989,,AFR,1989,1989,Africa,,NGA,Nigeria,,,,,MLE,Male,,,,,,,,221.2,221.23084,,,,,
8113,MDG_0000000007,Under-five mortality rate (probability of dying by age 5 per 1000 live births),https://www.who.int/data/gho/indicator-metadata-registry/imr-details/7,,,,PUBLISHED,Published,,1988.0,1988,,AFR,1988,1988,Africa,,NGA,Nigeria,,,,,FMLE,Female,,,,,,,,200,200.00959,,,,,
8114,MDG_0000000007,Under-five mortality rate (probability of dying by age 5 per 1000 live births),https://www.who.int/data/gho/indicator-metadata-registry/imr-details/7,,,,PUBLISHED,Published,,1986.0,1986,,AFR,1986,1986,Africa,,NGA,Nigeria,,,,,MLE,Male,,,,,,,,219.4,219.38449,,,,,
8115,MDG_0000000007,Under-five mortality rate (probability of dying by age 5 per 1000 live births),https://www.who.int/data/gho/indicator-metadata-registry/imr-details/7,,,,PUBLISHED,Published,,1985.0,1985,,AFR,1985,1985,Africa,,NGA,Nigeria,,,,,FMLE,Female,,,,,,,,197.8,197.79214,,,,,
8116,MDG_0000000007,Under-five mortality rate (probability of dying by age 5 per 1000 live births),https://www.who.int/data/gho/indicator-metadata-registry/imr-details/7,,,,PUBLISHED,Published,,1983.0,1983,,AFR,1983,1983,Africa,,NGA,Nigeria,,,,,BTSX,Both sexes,,,,,,,,207.6,207.59795,,,,,
8117,MDG_0000000007,Under-five mortality rate (probability of dying by age 5 per 1000 live births),https://www.who.int/data/gho/indicator-metadata-registry/imr-details/7,,,,PUBLISHED,Published,,1983.0,1983,,AFR,1983,1983,Africa,,NGA,Nigeria,,,,,MLE,Male,,,,,,,,217.4,217.39141,,,,,
8118,MDG_0000000007,Under-five mortality rate (probability of dying by age 5 per 1000 live births),https://www.who.int/data/gho/indicator-metadata-registry/imr-details/7,,,,PUBLISHED,Published,,1982.0,1982,,AFR,1982,1982,Africa,,NGA,Nigeria,,,,,FMLE,Female,,,,,,,,198,198.03124,,,,,
8119,MDG_0000000007,Under-five mortality rate (probability of dying by age 5 per 1000 live births),https://www.who.int/data/gho/indicator-metadata-registry/imr-details/7,,,,PUBLISHED,Published,,1980.0,1980,,AFR,1980,1980,Africa,,NGA,Nigeria,,,,,BTSX,Both sexes,,,,,,,,213.3,213.32732,,,,,
8120,MDG_0000000007,Under-five mortality rate (probability of dying by age 5 per 1000 live births),https://www.who.int/data/gho/indicator-metadata-registry/imr-details/7,,,,PUBLISHED,Published,,1980.0,1980,,AFR,1980,1980,Africa,,NGA,Nigeria,,,,,MLE,Male,,,,,,,,223.3,223.25242,,,,,
8121,MDG_0000000007,Under-five mortality rate (probability of dying by age 5 per 1000 live births),https://www.who.int/data/gho/indicator-metadata-registry/imr-details/7,,,,PUBLISHED,Published,,1977.0,1977,,AFR,1977,1977,Africa,,NGA,Nigeria,,,,,BTSX,Both sexes,,,,,,,,229.1,229.13199,,,,,
8122,MDG_0000000007,Under-five mortality rate (probability of dying by age 5 per 1000 live births),https://www.who.int/data/gho/indicator-metadata-registry/imr-details/7,,,,PUBLISHED,Published,,1977.0,1977,,AFR,1977,1977,Africa,,NGA,Nigeria,,,,,MLE,Male,,,,,,,,239.7,239.65429,,,,,
8123,MDG_0000000007,Under-five mortality rate (probability of dying by age 5 per 1000 live births),https://www.who.int/data/gho/indicator-metadata-registry/imr-details/7,,,,PUBLISHED,Published,,1975.0,1975,,AFR,1975,1975,Africa,,NGA,Nigeria,,,,,FMLE,Female,,,,,,,,232.5,232.52783,,,,,
8124,MDG_0000000007,Under-five mortality rate (probability of dying by age 5 per 1000 live births),https://www.who.int/data/gho/indicator-metadata-registry/imr-details/7,,,,PUBLISHED,Published,,1974.0,1974,,AFR,1974,1974,Africa,,NGA,Nigeria,,,,,BTSX,Both sexes,,,,,,,,251.9,251.90447,,,,,
8125,MDG_0000000007,Under-five mortality rate (probability of dying by age 5 per 1000 live births),https://www.who.int/data/gho/indicator-metadata-registry/imr-details/7,,,,PUBLISHED,Published,,1974.0,1974,,AFR,1974,1974,Africa,,NGA,Nigeria,,,,,MLE,Male,,,,,,,,263.1,263.09317,,,,,
8126,MDG_0000000007,Under-five mortality rate (probability of dying by age 5 per 1000 live births),https://www.who.int/data/gho/indicator-metadata-registry/imr-details/7,,,,PUBLISHED,Published,,1972.0,1972,,AFR,1972,1972,Africa,,NGA,Nigeria,,,,,FMLE,Female,,,,,,,,256.5,256.48543,,,,,
8127,MDG_0000000007,Under-five mortality rate (probability of dying by age 5 per 1000 live births),https://www.who.int/data/gho/indicator-metadata-registry/imr-details/7,,,,PUBLISHED,Published,,1971.0,1971,,AFR,1971,1971,Africa,,NGA,Nigeria,,,,,BTSX,Both sexes,,,,,,,,277.1,277.10762,,,,,
8128,MDG_0000000007,Under-five mortality rate (probability of dying by age 5 per 1000 live births),https://www.who.int/data/gho/indicator-metadata-registry/imr-details/7,,,,PUBLISHED,Published,,1969.0,1969,,AFR,1969,1969,Africa,,NGA,Nigeria,,,,,FMLE,Female,,,,,,,,279.7,279.67578,,,,,
8129,MDG_0000000007,Under-five mortality rate (probability of dying by age 5 per 1000 live births),https://www.who.int/data/gho/indicator-metadata-registry/imr-details/7,,,,PUBLISHED,Published,,1968.0,1968,,AFR,1968,1968,Africa,,NGA,Nigeria,,,,,BTSX,Both sexes,,,,,,,,300,299.99848,,,,,
8130,MDG_0000000007,Under-five mortality rate (probability of dying by age 5 per 1000 live births),https://www.who.int/data/gho/indicator-metadata-registry/imr-details/7,,,,PUBLISHED,Published,,1967.0,1967,,AFR,1967,1967,Africa,,NGA,Nigeria,,,,,MLE,Male,,,,,,,,319.2,319.24698,,,,,
8131,MDG_0000000007,Under-five mortality rate (probability of dying by age 5 per 1000 live births),https://www.who.int/data/gho/indicator-metadata-registry/imr-details/7,,,,PUBLISHED,Published,,1966.0,1966,,AFR,1966,1966,Africa,,NGA,Nigeria,,,,,FMLE,Female,,,,,,,,300.2,300.24072,,,,,
8132,MDG_0000000007,Under-five mortality rate (probability of dying by age 5 per 1000 live births),https://www.who.int/data/gho/indicator-metadata-registry/imr-details/7,,,,PUBLISHED,Published,,1965.0,1965,,AFR,1965,1965,Africa,,NGA,Nigeria,,,,,BTSX,Both sexes,,,,,,,,320.1,320.05819,,,,,
8133,MDG_0000000007,Under-five mortality rate (probability of dying by age 5 per 1000 live births),https://www.who.int/data/gho/indicator-metadata-registry/imr-details/7,,,,PUBLISHED,Published,,1964.0,1964,,AFR,1964,1964,Africa,,NGA,Nigeria,,,,,MLE,Male,,,,,,,,339.8,339.84852,,,,,
8134,WHOSIS_000003,Neonatal mortality rate (per 1000 live births),https://www.who.int/data/gho/indicator-metadata-registry/imr-details/67,,,,PUBLISHED,Published,,2017.0,2017,,AFR,2017,2017,Africa,,NGA,Nigeria,,,,,BTSX,Both sexes,,,,,,,,36.4,36.40367,,,,,
8135,WHOSIS_000003,Neonatal mortality rate (per 1000 live births),https://www.who.int/data/gho/indicator-metadata-registry/imr-details/67,,,,PUBLISHED,Published,,2015.0,2015,,AFR,2015,2015,Africa,,NGA,Nigeria,,,,,BTSX,Both sexes,,,,,,,,36.8,36.82568,,,,,
8136,WHOSIS_000003,Neonatal mortality rate (per 1000 live births),https://www.who.int/data/gho/indicator-metadata-registry/imr-details/67,,,,PUBLISHED,Published,,2010.0,2010,,AFR,2010,2010,Africa,,NGA,Nigeria,,,,,BTSX,Both sexes,,,,,,,,38.3,38.26544,,,,,
8137,WHOSIS_000003,Neonatal mortality rate (per 1000 live births),https://www.who.int/data/gho/indicator-metadata-registry/imr-details/67,,,,PUBLISHED,Published,,2008.0,2008,,AFR,2008,2008,Africa,,NGA,Nigeria,,,,,BTSX,Both sexes,,,,,,,,39.3,39.31453,,,,,
8138,WHOSIS_000003,Neonatal mortality rate (per 1000 live births),https://www.who.int/data/gho/indicator-metadata-registry/imr-details/67,,,,PUBLISHED,Published,,2001.0,2001,,AFR,2001,2001,Africa,,NGA,Nigeria,,,,,BTSX,Both sexes,,,,,,,,46.5,46.48953,,,,,
8139,WHOSIS_000003,Neonatal mortality rate (per 1000 live births),https://www.who.int/data/gho/indicator-metadata-registry/imr-details/67,,,,PUBLISHED,Published,,1999.0,1999,,AFR,1999,1999,Africa,,NGA,Nigeria,,,,,BTSX,Both sexes,,,,,,,,48.5,48.50953,,,,,
8140,WHOSIS_000003,Neonatal mortality rate (per 1000 live births),https://www.who.int/data/gho/indicator-metadata-registry/imr-details/67,,,,PUBLISHED,Published,,1992.0,1992,,AFR,1992,1992,Africa,,NGA,Nigeria,,,,,BTSX,Both sexes,,,,,,,,50.6,50.57308,,,,,
8141,WHOSIS_000003,Neonatal mortality rate (per 1000 live births),https://www.who.int/data/gho/indicator-metadata-registry/imr-details/67,,,,PUBLISHED,Published,,1990.0,1990,,AFR,1990,1990,Africa,,NGA,Nigeria,,,,,BTSX,Both sexes,,,,,,,,50,50.03407,,,,,
8142,WHOSIS_000003,Neonatal mortality rate (per 1000 live births),https://www.who.int/data/gho/indicator-metadata-registry/imr-details/67,,,,PUBLISHED,Published,,1985.0,1985,,AFR,1985,1985,Africa,,NGA,Nigeria,,,,,BTSX,Both sexes,,,,,,,,50,50.04392,,,,,
8143,WHOSIS_000003,Neonatal mortality rate (per 1000 live births),https://www.who.int/data/gho/indicator-metadata-registry/imr-details/67,,,,PUBLISHED,Published,,1983.0,1983,,AFR,1983,1983,Africa,,NGA,Nigeria,,,,,BTSX,Both sexes,,,,,,,,51,51.01215,,,,,
8144,WHOSIS_000003,Neonatal mortality rate (per 1000 live births),https://www.who.int/data/gho/indicator-metadata-registry/imr-details/67,,,,PUBLISHED,Published,,1976.0,1976,,AFR,1976,1976,Africa,,NGA,Nigeria,,,,,BTSX,Both sexes,,,,,,,,59,58.95394,,,,,
8145,WHOSIS_000003,Neonatal mortality rate (per 1000 live births),https://www.who.int/data/gho/indicator-metadata-registry/imr-details/67,,,,PUBLISHED,Published,,1974.0,1974,,AFR,1974,1974,Africa,,NGA,Nigeria,,,,,BTSX,Both sexes,,,,,,,,61.7,61.73530,,,,,
8146,WHOSIS_000003,Neonatal mortality rate (per 1000 live births),https://www.who.int/data/gho/indicator-metadata-registry/imr-details/67,,,,PUBLISHED,Published,,1967.0,1967,,AFR,1967,1967,Africa,,NGA,Nigeria,,,,,BTSX,Both sexes,,,,,,,,70.7,70.74994,,,,,
8147,MORT_300,Distribution of causes of death among children aged < 5 years (%),https://www.who.int/data/gho/indicator-metadata-registry/imr-details/89,,,,PUBLISHED,Published,,2013.0,2013,,AFR,2013,2013,Africa,,NGA,Nigeria,,YEARS0-4,0-4 years,,,,,,,,CH10,PrematurityPrematurity,,0.1,0.10640,,,,,
8148,MORT_100,Number of deaths,https://www.who.int/data/gho/indicator-metadata-registry/imr-details/3365,,,,PUBLISHED,Published,,2013.0,2013,,AFR,2013,2013,Africa,,NGA,Nigeria,,YEARS0-4,0-4 years,,,,,,,,CH11,Birth asphyxia and birth traumaBirth asphyxia and birth trauma,,89641,89641.13000,,,,,
8149,MORT_300,Distribution of causes of death among children aged < 5 years (%),https://www.who.int/data/gho/indicator-metadata-registry/imr-details/89,,,,PUBLISHED,Published,,2013.0,2013,,AFR,2013,2013,Africa,,NGA,Nigeria,,YEARS0-4,0-4 years,,,,,,,,CH11,Birth asphyxia and birth traumaBirth asphyxia and birth trauma,,0.1,0.11169,,,,,
8150,MORT_200,Deaths per 1 000 live births,https://www.who.int/data/gho/indicator-metadata-registry/imr-details/3366,,,,PUBLISHED,Published,,2013.0,2013,,AFR,2013,2013,Africa,,NGA,Nigeria,,MONTHS1-59,1-59 months,,,,,,,,CH12,Sepsis and other infectious conditions of the newbornSepsis and other infectious conditions of the newborn,,0,0.00000,,,,,
8151,MORT_100,Number of deaths,https://www.who.int/data/gho/indicator-metadata-registry/imr-details/3365,,,,PUBLISHED,Published,,2013.0,2013,,AFR,2013,2013,Africa,,NGA,Nigeria,,YEARS0-4,0-4 years,,,,,,,,CH12,Sepsis and other infectious conditions of the newbornSepsis and other infectious conditions of the newborn,,30929,30928.93000,,,,,
8152,MORT_200,Deaths per 1 000 live births,https://www.who.int/data/gho/indicator-metadata-registry/imr-details/3366,,,,PUBLISHED,Published,,2013.0,2013,,AFR,2013,2013,Africa,,NGA,Nigeria,,MONTHS1-59,1-59 months,,,,,,,,CH13,"Other communicable, perinatal and nutritional conditionsOther communicable, perinatal and nutritional conditions",,8.9,8.87889,,,,,
8153,MORT_100,Number of deaths,https://www.who.int/data/gho/indicator-metadata-registry/imr-details/3365,,,,PUBLISHED,Published,,2013.0,2013,,AFR,2013,2013,Africa,,NGA,Nigeria,,YEARS0-4,0-4 years,,,,,,,,CH13,"Other communicable, perinatal and nutritional conditionsOther communicable, perinatal and nutritional conditions",,71081,71080.51000,,,,,
8154,MORT_200,Deaths per 1 000 live births,https://www.who.int/data/gho/indicator-metadata-registry/imr-details/3366,,,,PUBLISHED,Published,,2013.0,2013,,AFR,2013,2013,Africa,,NGA,Nigeria,,MONTHS1-59,1-59 months,,,,,,,,CH15,Congenital anomaliesCongenital anomalies,,2.7,2.69064,,,,,
8155,MORT_100,Number of deaths,https://www.who.int/data/gho/indicator-metadata-registry/imr-details/3365,,,,PUBLISHED,Published,,2013.0,2013,,AFR,2013,2013,Africa,,NGA,Nigeria,,YEARS0-4,0-4 years,,,,,,,,CH15,Congenital anomaliesCongenital anomalies,,33585,33584.72000,,,,,
8156,MORT_300,Distribution of causes of death among children aged < 5 years (%),https://www.who.int/data/gho/indicator-metadata-registry/imr-details/89,,,,PUBLISHED,Published,,2013.0,2013,,AFR,2013,2013,Africa,,NGA,Nigeria,,DAYS0-27,0-27 days,,,,,,,,CH16,Other noncommunicable diseasesOther noncommunicable diseases,,0,0.00139,,,,,
8157,MORT_200,Deaths per 1 000 live births,https://www.who.int/data/gho/indicator-metadata-registry/imr-details/3366,,,,PUBLISHED,Published,,2013.0,2013,,AFR,2013,2013,Africa,,NGA,Nigeria,,MONTHS1-59,1-59 months,,,,,,,,CH16,Other noncommunicable diseasesOther noncommunicable diseases,,3,3.03084,,,,,
8158,MORT_100,Number of deaths,https://www.who.int/data/gho/indicator-metadata-registry/imr-details/3365,,,,PUBLISHED,Published,,2013.0,2013,,AFR,2013,2013,Africa,,NGA,Nigeria,,YEARS0-4,0-4 years,,,,,,,,CH16,Other noncommunicable diseasesOther noncommunicable diseases,,21348,21347.92000,,,,,
8159,MORT_300,Distribution of causes of death among children aged < 5 years (%),https://www.who.int/data/gho/indicator-metadata-registry/imr-details/89,,,,PUBLISHED,Published,,2013.0,2013,,AFR,2013,2013,Africa,,NGA,Nigeria,,DAYS0-27,0-27 days,,,,,,,,CH17,InjuriesInjuries,,0,0.01317,,,,,
8160,MORT_200,Deaths per 1 000 live births,https://www.who.int/data/gho/indicator-metadata-registry/imr-details/3366,,,,PUBLISHED,Published,,2013.0,2013,,AFR,2013,2013,Africa,,NGA,Nigeria,,MONTHS1-59,1-59 months,,,,,,,,CH17,InjuriesInjuries,,4.9,4.88428,,,,,
8161,MORT_300,Distribution of causes of death among children aged < 5 years (%),https://www.who.int/data/gho/indicator-metadata-registry/imr-details/89,,,,PUBLISHED,Published,,2014.0,2014,,AFR,2014,2014,Africa,,NGA,Nigeria,,DAYS0-27,0-27 days,,,,,,,,CH2,HIV/AIDSHIV/AIDS,,0,0.00068,,,,,
8162,MORT_200,Deaths per 1 000 live births,https://www.who.int/data/gho/indicator-metadata-registry/imr-details/3366,,,,PUBLISHED,Published,,2014.0,2014,,AFR,2014,2014,Africa,,NGA,Nigeria,,MONTHS1-59,1-59 months,,,,,,,,CH2,HIV/AIDSHIV/AIDS,,2.3,2.34894,,,,,
8163,MORT_100,Number of deaths,https://www.who.int/data/gho/indicator-metadata-registry/imr-details/3365,,,,PUBLISHED,Published,,2014.0,2014,,AFR,2014,2014,Africa,,NGA,Nigeria,,DAYS0-27,0-27 days,,,,,,,,CH3,Diarrhoeal diseasesDiarrhoeal diseases,,2072,2072.40600,,,,,
8164,MORT_300,Distribution of causes of death among children aged < 5 years (%),https://www.who.int/data/gho/indicator-metadata-registry/imr-details/89,,,,PUBLISHED,Published,,2014.0,2014,,AFR,2014,2014,Africa,,NGA,Nigeria,,DAYS0-27,0-27 days,,,,,,,,CH3,Diarrhoeal diseasesDiarrhoeal diseases,,0,0.00844,,,,,
8165,MORT_200,Deaths per 1 000 live births,https://www.who.int/data/gho/indicator-metadata-registry/imr-details/3366,,,,PUBLISHED,Published,,2014.0,2014,,AFR,2014,2014,Africa,,NGA,Nigeria,,MONTHS1-59,1-59 months,,,,,,,,CH3,Diarrhoeal diseasesDiarrhoeal diseases,,11.4,11.43318,,,,,
8166,MORT_100,Number of deaths,https://www.who.int/data/gho/indicator-metadata-registry/imr-details/3365,,,,PUBLISHED,Published,,2014.0,2014,,AFR,2014,2014,Africa,,NGA,Nigeria,,DAYS0-27,0-27 days,,,,,,,,CH5,TetanusTetanus,,7389,7389.20100,,,,,
8167,MORT_300,Distribution of causes of death among children aged < 5 years (%),https://www.who.int/data/gho/indicator-metadata-registry/imr-details/89,,,,PUBLISHED,Published,,2014.0,2014,,AFR,2014,2014,Africa,,NGA,Nigeria,,DAYS0-27,0-27 days,,,,,,,,CH5,TetanusTetanus,,0,0.03008,,,,,
8168,MORT_100,Number of deaths,https://www.who.int/data/gho/indicator-metadata-registry/imr-details/3365,,,,PUBLISHED,Published,,2014.0,2014,,AFR,2014,2014,Africa,,NGA,Nigeria,,DAYS0-27,0-27 days,,,,,,,,CH6,MeaslesMeasles,,0,0.00000,,,,,
8169,MORT_300,Distribution of causes of death among children aged < 5 years (%),https://www.who.int/data/gho/indicator-metadata-registry/imr-details/89,,,,PUBLISHED,Published,,2014.0,2014,,AFR,2014,2014,Africa,,NGA,Nigeria,,DAYS0-27,0-27 days,,,,,,,,CH6,MeaslesMeasles,,0,0.00000,,,,,
8170,MORT_100,Number of deaths,https://www.who.int/data/gho/indicator-metadata-registry/imr-details/3365,,,,PUBLISHED,Published,,2014.0,2014,,AFR,2014,2014,Africa,,NGA,Nigeria,,DAYS0-27,0-27 days,,,,,,,,CH7,Meningitis/encephalitisMeningitis/encephalitis,,3319,3319.45200,,,,,
8171,MORT_300,Distribution of causes of death among children aged < 5 years (%),https://www.who.int/data/gho/indicator-metadata-registry/imr-details/89,,,,PUBLISHED,Published,,2014.0,2014,,AFR,2014,2014,Africa,,NGA,Nigeria,,DAYS0-27,0-27 days,,,,,,,,CH7,Meningitis/encephalitisMeningitis/encephalitis,,0,0.01351,,,,,
8172,MORT_200,Deaths per 1 000 live births,https://www.who.int/data/gho/indicator-metadata-registry/imr-details/3366,,,,PUBLISHED,Published,,2014.0,2014,,AFR,2014,2014,Africa,,NGA,Nigeria,,YEARS0-4,0-4 years,,,,,,,,CH7,Meningitis/encephalitisMeningitis/encephalitis,,2.8,2.83844,,,,,
8173,MORT_100,Number of deaths,https://www.who.int/data/gho/indicator-metadata-registry/imr-details/3365,,,,PUBLISHED,Published,,2014.0,2014,,AFR,2014,2014,Africa,,NGA,Nigeria,,DAYS0-27,0-27 days,,,,,,,,CH8,MalariaMalaria,,0,0.00000,,,,,
8174,MORT_200,Deaths per 1 000 live births,https://www.who.int/data/gho/indicator-metadata-registry/imr-details/3366,,,,PUBLISHED,Published,,2014.0,2014,,AFR,2014,2014,Africa,,NGA,Nigeria,,YEARS0-4,0-4 years,,,,,,,,CH8,MalariaMalaria,,13.8,13.83805,,,,,
8175,MORT_100,Number of deaths,https://www.who.int/data/gho/indicator-metadata-registry/imr-details/3365,,,,PUBLISHED,Published,,2014.0,2014,,AFR,2014,2014,Africa,,NGA,Nigeria,,DAYS0-27,0-27 days,,,,,,,,CH9,Acute lower respiratory infectionsAcute lower respiratory infections,,19185,19185.37000,,,,,
8176,MORT_200,Deaths per 1 000 live births,https://www.who.int/data/gho/indicator-metadata-registry/imr-details/3366,,,,PUBLISHED,Published,,2014.0,2014,,AFR,2014,2014,Africa,,NGA,Nigeria,,YEARS0-4,0-4 years,,,,,,,,CH9,Acute lower respiratory infectionsAcute lower respiratory infections,,21.2,21.17449,,,,,
8177,MORT_100,Number of deaths,https://www.who.int/data/gho/indicator-metadata-registry/imr-details/3365,,,,PUBLISHED,Published,,2014.0,2014,,AFR,2014,2014,Africa,,NGA,Nigeria,,DAYS0-27,0-27 days,,,,,,,,CH10,PrematurityPrematurity,,76431,76430.56000,,,,,
8178,MORT_300,Distribution of causes of death among children aged < 5 years (%),https://www.who.int/data/gho/indicator-metadata-registry/imr-details/89,,,,PUBLISHED,Published,,2014.0,2014,,AFR,2014,2014,Africa,,NGA,Nigeria,,MONTHS1-59,1-59 months,,,,,,,,CH10,PrematurityPrematurity,,0,0.01905,,,,,
8179,MORT_200,Deaths per 1 000 live births,https://www.who.int/data/gho/indicator-metadata-registry/imr-details/3366,,,,PUBLISHED,Published,,2014.0,2014,,AFR,2014,2014,Africa,,NGA,Nigeria,,YEARS0-4,0-4 years,,,,,,,,CH10,PrematurityPrematurity,,12.2,12.23827,,,,,
8180,MORT_300,Distribution of causes of death among children aged < 5 years (%),https://www.who.int/data/gho/indicator-metadata-registry/imr-details/89,,,,PUBLISHED,Published,,2014.0,2014,,AFR,2014,2014,Africa,,NGA,Nigeria,,MONTHS1-59,1-59 months,,,,,,,,CH11,Birth asphyxia and birth traumaBirth asphyxia and birth trauma,,0,0.02211,,,,,
8181,MORT_200,Deaths per 1 000 live births,https://www.who.int/data/gho/indicator-metadata-registry/imr-details/3366,,,,PUBLISHED,Published,,2014.0,2014,,AFR,2014,2014,Africa,,NGA,Nigeria,,YEARS0-4,0-4 years,,,,,,,,CH11,Birth asphyxia and birth traumaBirth asphyxia and birth trauma,,12.7,12.67847,,,,,
8182,MORT_300,Distribution of causes of death among children aged < 5 years (%),https://www.who.int/data/gho/indicator-metadata-registry/imr-details/89,,,,PUBLISHED,Published,,2014.0,2014,,AFR,2014,2014,Africa,,NGA,Nigeria,,MONTHS1-59,1-59 months,,,,,,,,CH12,Sepsis and other infectious conditions of the newbornSepsis and other infectious conditions of the newborn,,0,0.00000,,,,,
8183,MORT_200,Deaths per 1 000 live births,https://www.who.int/data/gho/indicator-metadata-registry/imr-details/3366,,,,PUBLISHED,Published,,2014.0,2014,,AFR,2014,2014,Africa,,NGA,Nigeria,,YEARS0-4,0-4 years,,,,,,,,CH12,Sepsis and other infectious conditions of the newbornSepsis and other infectious conditions of the newborn,,4.4,4.41084,,,,,
8184,MORT_100,Number of deaths,https://www.who.int/data/gho/indicator-metadata-registry/imr-details/3365,,,,PUBLISHED,Published,,2014.0,2014,,AFR,2014,2014,Africa,,NGA,Nigeria,,MONTHS1-59,1-59 months,,,,,,,,CH13,"Other communicable, perinatal and nutritional conditionsOther communicable, perinatal and nutritional conditions",,63988,63988.11000,,,,,
8185,MORT_300,Distribution of causes of death among children aged < 5 years (%),https://www.who.int/data/gho/indicator-metadata-registry/imr-details/89,,,,PUBLISHED,Published,,2014.0,2014,,AFR,2014,2014,Africa,,NGA,Nigeria,,MONTHS1-59,1-59 months,,,,,,,,CH13,"Other communicable, perinatal and nutritional conditionsOther communicable, perinatal and nutritional conditions",,0.1,0.12564,,,,,
8186,MORT_100,Number of deaths,https://www.who.int/data/gho/indicator-metadata-registry/imr-details/3365,,,,PUBLISHED,Published,,2014.0,2014,,AFR,2014,2014,Africa,,NGA,Nigeria,,MONTHS1-59,1-59 months,,,,,,,,CH15,Congenital anomaliesCongenital anomalies,,19713,19712.95000,,,,,
8187,MORT_300,Distribution of causes of death among children aged < 5 years (%),https://www.who.int/data/gho/indicator-metadata-registry/imr-details/89,,,,PUBLISHED,Published,,2014.0,2014,,AFR,2014,2014,Africa,,NGA,Nigeria,,MONTHS1-59,1-59 months,,,,,,,,CH15,Congenital anomaliesCongenital anomalies,,0,0.03871,,,,,
8188,MORT_100,Number of deaths,https://www.who.int/data/gho/indicator-metadata-registry/imr-details/3365,,,,PUBLISHED,Published,,2014.0,2014,,AFR,2014,2014,Africa,,NGA,Nigeria,,MONTHS1-59,1-59 months,,,,,,,,CH16,Other noncommunicable diseasesOther noncommunicable diseases,,22034,22033.70000,,,,,
8189,MORT_300,Distribution of causes of death among children aged < 5 years (%),https://www.who.int/data/gho/indicator-metadata-registry/imr-details/89,,,,PUBLISHED,Published,,2014.0,2014,,AFR,2014,2014,Africa,,NGA,Nigeria,,MONTHS1-59,1-59 months,,,,,,,,CH16,Other noncommunicable diseasesOther noncommunicable diseases,,0,0.04326,,,,,
8190,MORT_200,Deaths per 1 000 live births,https://www.who.int/data/gho/indicator-metadata-registry/imr-details/3366,,,,PUBLISHED,Published,,2014.0,2014,,AFR,2014,2014,Africa,,NGA,Nigeria,,DAYS0-27,0-27 days,,,,,,,,CH17,InjuriesInjuries,,0.5,0.45420,,,,,
8191,MORT_100,Number of deaths,https://www.who.int/data/gho/indicator-metadata-registry/imr-details/3365,,,,PUBLISHED,Published,,2014.0,2014,,AFR,2014,2014,Africa,,NGA,Nigeria,,MONTHS1-59,1-59 months,,,,,,,,CH17,InjuriesInjuries,,35801,35801.47000,,,,,
8192,MORT_200,Deaths per 1 000 live births,https://www.who.int/data/gho/indicator-metadata-registry/imr-details/3366,,,,PUBLISHED,Published,,2015.0,2015,,AFR,2015,2015,Africa,,NGA,Nigeria,,DAYS0-27,0-27 days,,,,,,,,CH2,HIV/AIDSHIV/AIDS,,0,0.02281,,,,,
8193,MORT_100,Number of deaths,https://www.who.int/data/gho/indicator-metadata-registry/imr-details/3365,,,,PUBLISHED,Published,,2015.0,2015,,AFR,2015,2015,Africa,,NGA,Nigeria,,MONTHS1-59,1-59 months,,,,,,,,CH2,HIV/AIDSHIV/AIDS,,16124,16124.13000,,,,,
8194,MORT_200,Deaths per 1 000 live births,https://www.who.int/data/gho/indicator-metadata-registry/imr-details/3366,,,,PUBLISHED,Published,,2015.0,2015,,AFR,2015,2015,Africa,,NGA,Nigeria,,DAYS0-27,0-27 days,,,,,,,,CH3,Diarrhoeal diseasesDiarrhoeal diseases,,0.3,0.28390,,,,,
8195,MORT_100,Number of deaths,https://www.who.int/data/gho/indicator-metadata-registry/imr-details/3365,,,,PUBLISHED,Published,,2015.0,2015,,AFR,2015,2015,Africa,,NGA,Nigeria,,MONTHS1-59,1-59 months,,,,,,,,CH3,Diarrhoeal diseasesDiarrhoeal diseases,,79100,79099.81000,,,,,
8196,MORT_300,Distribution of causes of death among children aged < 5 years (%),https://www.who.int/data/gho/indicator-metadata-registry/imr-details/89,,,,PUBLISHED,Published,,2015.0,2015,,AFR,2015,2015,Africa,,NGA,Nigeria,,YEARS0-4,0-4 years,,,,,,,,CH3,Diarrhoeal diseasesDiarrhoeal diseases,,0.1,0.10801,,,,,
8197,MORT_200,Deaths per 1 000 live births,https://www.who.int/data/gho/indicator-metadata-registry/imr-details/3366,,,,PUBLISHED,Published,,2015.0,2015,,AFR,2015,2015,Africa,,NGA,Nigeria,,DAYS0-27,0-27 days,,,,,,,,CH5,TetanusTetanus,,1,0.97222,,,,,
8198,MORT_300,Distribution of causes of death among children aged < 5 years (%),https://www.who.int/data/gho/indicator-metadata-registry/imr-details/89,,,,PUBLISHED,Published,,2015.0,2015,,AFR,2015,2015,Africa,,NGA,Nigeria,,YEARS0-4,0-4 years,,,,,,,,CH5,TetanusTetanus,,0,0.00932,,,,,
8199,MORT_200,Deaths per 1 000 live births,https://www.who.int/data/gho/indicator-metadata-registry/imr-details/3366,,,,PUBLISHED,Published,,2015.0,2015,,AFR,2015,2015,Africa,,NGA,Nigeria,,DAYS0-27,0-27 days,,,,,,,,CH6,MeaslesMeasles,,0,0.00000,,,,,
8200,MORT_300,Distribution of causes of death among children aged < 5 years (%),https://www.who.int/data/gho/indicator-metadata-registry/imr-details/89,,,,PUBLISHED,Published,,2015.0,2015,,AFR,2015,2015,Africa,,NGA,Nigeria,,YEARS0-4,0-4 years,,,,,,,,CH6,MeaslesMeasles,,0,0.02155,,,,,
8201,MORT_200,Deaths per 1 000 live births,https://www.who.int/data/gho/indicator-metadata-registry/imr-details/3366,,,,PUBLISHED,Published,,2015.0,2015,,AFR,2015,2015,Africa,,NGA,Nigeria,,DAYS0-27,0-27 days,,,,,,,,CH7,Meningitis/encephalitisMeningitis/encephalitis,,0.5,0.45868,,,,,
8202,MORT_100,Number of deaths,https://www.who.int/data/gho/indicator-metadata-registry/imr-details/3365,,,,PUBLISHED,Published,,2015.0,2015,,AFR,2015,2015,Africa,,NGA,Nigeria,,YEARS0-4,0-4 years,,,,,,,,CH7,Meningitis/encephalitisMeningitis/encephalitis,,26019,26019.45000,,,,,
8203,MORT_300,Distribution of causes of death among children aged < 5 years (%),https://www.who.int/data/gho/indicator-metadata-registry/imr-details/89,,,,PUBLISHED,Published,,2015.0,2015,,AFR,2015,2015,Africa,,NGA,Nigeria,,YEARS0-4,0-4 years,,,,,,,,CH7,Meningitis/encephalitisMeningitis/encephalitis,,0,0.03464,,,,,
8204,MORT_100,Number of deaths,https://www.who.int/data/gho/indicator-metadata-registry/imr-details/3365,,,,PUBLISHED,Published,,2015.0,2015,,AFR,2015,2015,Africa,,NGA,Nigeria,,YEARS0-4,0-4 years,,,,,,,,CH8,MalariaMalaria,,87748,87748.40000,,,,,
8205,MORT_300,Distribution of causes of death among children aged < 5 years (%),https://www.who.int/data/gho/indicator-metadata-registry/imr-details/89,,,,PUBLISHED,Published,,2015.0,2015,,AFR,2015,2015,Africa,,NGA,Nigeria,,YEARS0-4,0-4 years,,,,,,,,CH8,MalariaMalaria,,0.1,0.11682,,,,,
8206,MORT_100,Number of deaths,https://www.who.int/data/gho/indicator-metadata-registry/imr-details/3365,,,,PUBLISHED,Published,,2015.0,2015,,AFR,2015,2015,Africa,,NGA,Nigeria,,YEARS0-4,0-4 years,,,,,,,,CH9,Acute lower respiratory infectionsAcute lower respiratory infections,,136796,136796.30000,,,,,
8207,MORT_300,Distribution of causes of death among children aged < 5 years (%),https://www.who.int/data/gho/indicator-metadata-registry/imr-details/89,,,,PUBLISHED,Published,,2015.0,2015,,AFR,2015,2015,Africa,,NGA,Nigeria,,YEARS0-4,0-4 years,,,,,,,,CH9,Acute lower respiratory infectionsAcute lower respiratory infections,,0.2,0.18212,,,,,
8208,MORT_200,Deaths per 1 000 live births,https://www.who.int/data/gho/indicator-metadata-registry/imr-details/3366,,,,PUBLISHED,Published,,2015.0,2015,,AFR,2015,2015,Africa,,NGA,Nigeria,,MONTHS1-59,1-59 months,,,,,,,,CH10,PrematurityPrematurity,,1.4,1.38942,,,,,
8209,MORT_100,Number of deaths,https://www.who.int/data/gho/indicator-metadata-registry/imr-details/3365,,,,PUBLISHED,Published,,2015.0,2015,,AFR,2015,2015,Africa,,NGA,Nigeria,,YEARS0-4,0-4 years,,,,,,,,CH10,PrematurityPrematurity,,86048,86047.55000,,,,,
8210,MORT_200,Deaths per 1 000 live births,https://www.who.int/data/gho/indicator-metadata-registry/imr-details/3366,,,,PUBLISHED,Published,,2015.0,2015,,AFR,2015,2015,Africa,,NGA,Nigeria,,MONTHS1-59,1-59 months,,,,,,,,CH11,Birth asphyxia and birth traumaBirth asphyxia and birth trauma,,1.6,1.62727,,,,,
8211,MORT_100,Number of deaths,https://www.who.int/data/gho/indicator-metadata-registry/imr-details/3365,,,,PUBLISHED,Published,,2015.0,2015,,AFR,2015,2015,Africa,,NGA,Nigeria,,YEARS0-4,0-4 years,,,,,,,,CH11,Birth asphyxia and birth traumaBirth asphyxia and birth trauma,,88789,88789.39000,,,,,
8212,MORT_200,Deaths per 1 000 live births,https://www.who.int/data/gho/indicator-metadata-registry/imr-details/3366,,,,PUBLISHED,Published,,2015.0,2015,,AFR,2015,2015,Africa,,NGA,Nigeria,,MONTHS1-59,1-59 months,,,,,,,,CH12,Sepsis and other infectious conditions of the newbornSepsis and other infectious conditions of the newborn,,0,0.00000,,,,,
8213,MORT_100,Number of deaths,https://www.who.int/data/gho/indicator-metadata-registry/imr-details/3365,,,,PUBLISHED,Published,,2015.0,2015,,AFR,2015,2015,Africa,,NGA,Nigeria,,YEARS0-4,0-4 years,,,,,,,,CH12,Sepsis and other infectious conditions of the newbornSepsis and other infectious conditions of the newborn,,31209,31208.51000,,,,,
8214,MORT_300,Distribution of causes of death among children aged < 5 years (%),https://www.who.int/data/gho/indicator-metadata-registry/imr-details/89,,,,PUBLISHED,Published,,2015.0,2015,,AFR,2015,2015,Africa,,NGA,Nigeria,,DAYS0-27,0-27 days,,,,,,,,CH13,"Other communicable, perinatal and nutritional conditionsOther communicable, perinatal and nutritional conditions",,0,0.03803,,,,,
8215,MORT_200,Deaths per 1 000 live births,https://www.who.int/data/gho/indicator-metadata-registry/imr-details/3366,,,,PUBLISHED,Published,,2015.0,2015,,AFR,2015,2015,Africa,,NGA,Nigeria,,MONTHS1-59,1-59 months,,,,,,,,CH13,"Other communicable, perinatal and nutritional conditionsOther communicable, perinatal and nutritional conditions",,9.1,9.14609,,,,,
8216,MORT_100,Number of deaths,https://www.who.int/data/gho/indicator-metadata-registry/imr-details/3365,,,,PUBLISHED,Published,,2015.0,2015,,AFR,2015,2015,Africa,,NGA,Nigeria,,YEARS0-4,0-4 years,,,,,,,,CH13,"Other communicable, perinatal and nutritional conditionsOther communicable, perinatal and nutritional conditions",,74593,74592.98000,,,,,
8217,MORT_300,Distribution of causes of death among children aged < 5 years (%),https://www.who.int/data/gho/indicator-metadata-registry/imr-details/89,,,,PUBLISHED,Published,,2015.0,2015,,AFR,2015,2015,Africa,,NGA,Nigeria,,DAYS0-27,0-27 days,,,,,,,,CH15,Congenital anomaliesCongenital anomalies,,0.1,0.06312,,,,,
8218,MORT_200,Deaths per 1 000 live births,https://www.who.int/data/gho/indicator-metadata-registry/imr-details/3366,,,,PUBLISHED,Published,,2015.0,2015,,AFR,2015,2015,Africa,,NGA,Nigeria,,MONTHS1-59,1-59 months,,,,,,,,CH15,Congenital anomaliesCongenital anomalies,,2.9,2.86600,,,,,
8219,MORT_300,Distribution of causes of death among children aged < 5 years (%),https://www.who.int/data/gho/indicator-metadata-registry/imr-details/89,,,,PUBLISHED,Published,,2015.0,2015,,AFR,2015,2015,Africa,,NGA,Nigeria,,DAYS0-27,0-27 days,,,,,,,,CH16,Other noncommunicable diseasesOther noncommunicable diseases,,0,0.00137,,,,,
8220,MORT_200,Deaths per 1 000 live births,https://www.who.int/data/gho/indicator-metadata-registry/imr-details/3366,,,,PUBLISHED,Published,,2015.0,2015,,AFR,2015,2015,Africa,,NGA,Nigeria,,MONTHS1-59,1-59 months,,,,,,,,CH16,Other noncommunicable diseasesOther noncommunicable diseases,,3.2,3.18323,,,,,
8221,MORT_100,Number of deaths,https://www.who.int/data/gho/indicator-metadata-registry/imr-details/3365,,,,PUBLISHED,Published,,2015.0,2015,,AFR,2015,2015,Africa,,NGA,Nigeria,,DAYS0-27,0-27 days,,,,,,,,CH17,InjuriesInjuries,,3161,3161.33400,,,,,
8222,MORT_300,Distribution of causes of death among children aged < 5 years (%),https://www.who.int/data/gho/indicator-metadata-registry/imr-details/89,,,,PUBLISHED,Published,,2015.0,2015,,AFR,2015,2015,Africa,,NGA,Nigeria,,DAYS0-27,0-27 days,,,,,,,,CH17,InjuriesInjuries,,0,0.01295,,,,,
8223,MORT_200,Deaths per 1 000 live births,https://www.who.int/data/gho/indicator-metadata-registry/imr-details/3366,,,,PUBLISHED,Published,,2015.0,2015,,AFR,2015,2015,Africa,,NGA,Nigeria,,MONTHS1-59,1-59 months,,,,,,,,CH17,InjuriesInjuries,,5.2,5.21143,,,,,
8224,MORT_100,Number of deaths,https://www.who.int/data/gho/indicator-metadata-registry/imr-details/3365,,,,PUBLISHED,Published,,2016.0,2016,,AFR,2016,2016,Africa,,NGA,Nigeria,,DAYS0-27,0-27 days,,,,,,,,CH2,HIV/AIDSHIV/AIDS,,170,170.03000,,,,,
8225,MORT_300,Distribution of causes of death among children aged < 5 years (%),https://www.who.int/data/gho/indicator-metadata-registry/imr-details/89,,,,PUBLISHED,Published,,2016.0,2016,,AFR,2016,2016,Africa,,NGA,Nigeria,,DAYS0-27,0-27 days,,,,,,,,CH2,HIV/AIDSHIV/AIDS,,0,0.00070,,,,,
8226,MORT_100,Number of deaths,https://www.who.int/data/gho/indicator-metadata-registry/imr-details/3365,,,,PUBLISHED,Published,,2016.0,2016,,AFR,2016,2016,Africa,,NGA,Nigeria,,DAYS0-27,0-27 days,,,,,,,,CH3,Diarrhoeal diseasesDiarrhoeal diseases,,1973,1973.06400,,,,,
8227,MORT_300,Distribution of causes of death among children aged < 5 years (%),https://www.who.int/data/gho/indicator-metadata-registry/imr-details/89,,,,PUBLISHED,Published,,2016.0,2016,,AFR,2016,2016,Africa,,NGA,Nigeria,,DAYS0-27,0-27 days,,,,,,,,CH3,Diarrhoeal diseasesDiarrhoeal diseases,,0,0.00814,,,,,
8228,MORT_200,Deaths per 1 000 live births,https://www.who.int/data/gho/indicator-metadata-registry/imr-details/3366,,,,PUBLISHED,Published,,2016.0,2016,,AFR,2016,2016,Africa,,NGA,Nigeria,,YEARS0-4,0-4 years,,,,,,,,CH3,Diarrhoeal diseasesDiarrhoeal diseases,,11,10.98989,,,,,
8229,MORT_100,Number of deaths,https://www.who.int/data/gho/indicator-metadata-registry/imr-details/3365,,,,PUBLISHED,Published,,2016.0,2016,,AFR,2016,2016,Africa,,NGA,Nigeria,,DAYS0-27,0-27 days,,,,,,,,CH5,TetanusTetanus,,6539,6538.88400,,,,,
8230,MORT_300,Distribution of causes of death among children aged < 5 years (%),https://www.who.int/data/gho/indicator-metadata-registry/imr-details/89,,,,PUBLISHED,Published,,2016.0,2016,,AFR,2016,2016,Africa,,NGA,Nigeria,,DAYS0-27,0-27 days,,,,,,,,CH5,TetanusTetanus,,0,0.02699,,,,,
8231,MORT_200,Deaths per 1 000 live births,https://www.who.int/data/gho/indicator-metadata-registry/imr-details/3366,,,,PUBLISHED,Published,,2016.0,2016,,AFR,2016,2016,Africa,,NGA,Nigeria,,YEARS0-4,0-4 years,,,,,,,,CH5,TetanusTetanus,,0.9,0.91128,,,,,
8232,MORT_100,Number of deaths,https://www.who.int/data/gho/indicator-metadata-registry/imr-details/3365,,,,PUBLISHED,Published,,2016.0,2016,,AFR,2016,2016,Africa,,NGA,Nigeria,,DAYS0-27,0-27 days,,,,,,,,CH6,MeaslesMeasles,,0,0.00000,,,,,
8233,MORT_200,Deaths per 1 000 live births,https://www.who.int/data/gho/indicator-metadata-registry/imr-details/3366,,,,PUBLISHED,Published,,2016.0,2016,,AFR,2016,2016,Africa,,NGA,Nigeria,,YEARS0-4,0-4 years,,,,,,,,CH6,MeaslesMeasles,,1.9,1.92777,,,,,
8234,MORT_100,Number of deaths,https://www.who.int/data/gho/indicator-metadata-registry/imr-details/3365,,,,PUBLISHED,Published,,2016.0,2016,,AFR,2016,2016,Africa,,NGA,Nigeria,,DAYS0-27,0-27 days,,,,,,,,CH7,Meningitis/encephalitisMeningitis/encephalitis,,3230,3229.97600,,,,,
8235,MORT_200,Deaths per 1 000 live births,https://www.who.int/data/gho/indicator-metadata-registry/imr-details/3366,,,,PUBLISHED,Published,,2016.0,2016,,AFR,2016,2016,Africa,,NGA,Nigeria,,YEARS0-4,0-4 years,,,,,,,,CH7,Meningitis/encephalitisMeningitis/encephalitis,,2.5,2.48426,,,,,
8236,MORT_100,Number of deaths,https://www.who.int/data/gho/indicator-metadata-registry/imr-details/3365,,,,PUBLISHED,Published,,2016.0,2016,,AFR,2016,2016,Africa,,NGA,Nigeria,,DAYS0-27,0-27 days,,,,,,,,CH8,MalariaMalaria,,0,0.00000,,,,,
8237,MORT_300,Distribution of causes of death among children aged < 5 years (%),https://www.who.int/data/gho/indicator-metadata-registry/imr-details/89,,,,PUBLISHED,Published,,2016.0,2016,,AFR,2016,2016,Africa,,NGA,Nigeria,,MONTHS1-59,1-59 months,,,,,,,,CH8,MalariaMalaria,,0.2,0.16099,,,,,
8238,MORT_200,Deaths per 1 000 live births,https://www.who.int/data/gho/indicator-metadata-registry/imr-details/3366,,,,PUBLISHED,Published,,2016.0,2016,,AFR,2016,2016,Africa,,NGA,Nigeria,,YEARS0-4,0-4 years,,,,,,,,CH8,MalariaMalaria,,11,10.96236,,,,,
8239,MORT_300,Distribution of causes of death among children aged < 5 years (%),https://www.who.int/data/gho/indicator-metadata-registry/imr-details/89,,,,PUBLISHED,Published,,2016.0,2016,,AFR,2016,2016,Africa,,NGA,Nigeria,,MONTHS1-59,1-59 months,,,,,,,,CH9,Acute lower respiratory infectionsAcute lower respiratory infections,,0.2,0.24110,,,,,
8240,MORT_200,Deaths per 1 000 live births,https://www.who.int/data/gho/indicator-metadata-registry/imr-details/3366,,,,PUBLISHED,Published,,2016.0,2016,,AFR,2016,2016,Africa,,NGA,Nigeria,,YEARS0-4,0-4 years,,,,,,,,CH9,Acute lower respiratory infectionsAcute lower respiratory infections,,19,19.02348,,,,,
8241,MORT_300,Distribution of causes of death among children aged < 5 years (%),https://www.who.int/data/gho/indicator-metadata-registry/imr-details/89,,,,PUBLISHED,Published,,2016.0,2016,,AFR,2016,2016,Africa,,NGA,Nigeria,,MONTHS1-59,1-59 months,,,,,,,,CH10,PrematurityPrematurity,,0,0.02063,,,,,
8242,MORT_200,Deaths per 1 000 live births,https://www.who.int/data/gho/indicator-metadata-registry/imr-details/3366,,,,PUBLISHED,Published,,2016.0,2016,,AFR,2016,2016,Africa,,NGA,Nigeria,,YEARS0-4,0-4 years,,,,,,,,CH10,PrematurityPrematurity,,11.8,11.76938,,,,,
8243,MORT_100,Number of deaths,https://www.who.int/data/gho/indicator-metadata-registry/imr-details/3365,,,,PUBLISHED,Published,,2016.0,2016,,AFR,2016,2016,Africa,,NGA,Nigeria,,MONTHS1-59,1-59 months,,,,,,,,CH11,Birth asphyxia and birth traumaBirth asphyxia and birth trauma,,11891,11891.40000,,,,,
8244,MORT_300,Distribution of causes of death among children aged < 5 years (%),https://www.who.int/data/gho/indicator-metadata-registry/imr-details/89,,,,PUBLISHED,Published,,2016.0,2016,,AFR,2016,2016,Africa,,NGA,Nigeria,,MONTHS1-59,1-59 months,,,,,,,,CH11,Birth asphyxia and birth traumaBirth asphyxia and birth trauma,,0,0.02412,,,,,
8245,MORT_100,Number of deaths,https://www.who.int/data/gho/indicator-metadata-registry/imr-details/3365,,,,PUBLISHED,Published,,2016.0,2016,,AFR,2016,2016,Africa,,NGA,Nigeria,,MONTHS1-59,1-59 months,,,,,,,,CH12,Sepsis and other infectious conditions of the newbornSepsis and other infectious conditions of the newborn,,0,0.00000,,,,,
8246,MORT_300,Distribution of causes of death among children aged < 5 years (%),https://www.who.int/data/gho/indicator-metadata-registry/imr-details/89,,,,PUBLISHED,Published,,2016.0,2016,,AFR,2016,2016,Africa,,NGA,Nigeria,,MONTHS1-59,1-59 months,,,,,,,,CH12,Sepsis and other infectious conditions of the newbornSepsis and other infectious conditions of the newborn,,0,0.00000,,,,,
8247,MORT_100,Number of deaths,https://www.who.int/data/gho/indicator-metadata-registry/imr-details/3365,,,,PUBLISHED,Published,,2016.0,2016,,AFR,2016,2016,Africa,,NGA,Nigeria,,MONTHS1-59,1-59 months,,,,,,,,CH13,"Other communicable, perinatal and nutritional conditionsOther communicable, perinatal and nutritional conditions",,66516,66516.45000,,,,,
8248,MORT_300,Distribution of causes of death among children aged < 5 years (%),https://www.who.int/data/gho/indicator-metadata-registry/imr-details/89,,,,PUBLISHED,Published,,2016.0,2016,,AFR,2016,2016,Africa,,NGA,Nigeria,,MONTHS1-59,1-59 months,,,,,,,,CH13,"Other communicable, perinatal and nutritional conditionsOther communicable, perinatal and nutritional conditions",,0.1,0.13493,,,,,
8249,MORT_200,Deaths per 1 000 live births,https://www.who.int/data/gho/indicator-metadata-registry/imr-details/3366,,,,PUBLISHED,Published,,2016.0,2016,,AFR,2016,2016,Africa,,NGA,Nigeria,,DAYS0-27,0-27 days,,,,,,,,CH15,Congenital anomaliesCongenital anomalies,,2.2,2.17377,,,,,
8250,MORT_100,Number of deaths,https://www.who.int/data/gho/indicator-metadata-registry/imr-details/3365,,,,PUBLISHED,Published,,2016.0,2016,,AFR,2016,2016,Africa,,NGA,Nigeria,,MONTHS1-59,1-59 months,,,,,,,,CH15,Congenital anomaliesCongenital anomalies,,21179,21178.92000,,,,,
8251,MORT_200,Deaths per 1 000 live births,https://www.who.int/data/gho/indicator-metadata-registry/imr-details/3366,,,,PUBLISHED,Published,,2016.0,2016,,AFR,2016,2016,Africa,,NGA,Nigeria,,DAYS0-27,0-27 days,,,,,,,,CH16,Other noncommunicable diseasesOther noncommunicable diseases,,0,0.04594,,,,,
8252,MORT_100,Number of deaths,https://www.who.int/data/gho/indicator-metadata-registry/imr-details/3365,,,,PUBLISHED,Published,,2016.0,2016,,AFR,2016,2016,Africa,,NGA,Nigeria,,MONTHS1-59,1-59 months,,,,,,,,CH16,Other noncommunicable diseasesOther noncommunicable diseases,,23303,23303.24000,,,,,
8253,MORT_200,Deaths per 1 000 live births,https://www.who.int/data/gho/indicator-metadata-registry/imr-details/3366,,,,PUBLISHED,Published,,2016.0,2016,,AFR,2016,2016,Africa,,NGA,Nigeria,,DAYS0-27,0-27 days,,,,,,,,CH17,InjuriesInjuries,,0.4,0.43569,,,,,
8254,MORT_100,Number of deaths,https://www.who.int/data/gho/indicator-metadata-registry/imr-details/3365,,,,PUBLISHED,Published,,2016.0,2016,,AFR,2016,2016,Africa,,NGA,Nigeria,,MONTHS1-59,1-59 months,,,,,,,,CH17,InjuriesInjuries,,38502,38502.12000,,,,,
8255,MORT_300,Distribution of causes of death among children aged < 5 years (%),https://www.who.int/data/gho/indicator-metadata-registry/imr-details/89,,,,PUBLISHED,Published,,2016.0,2016,,AFR,2016,2016,Africa,,NGA,Nigeria,,YEARS0-4,0-4 years,,,,,,,,CH17,InjuriesInjuries,,0.1,0.05665,,,,,
8256,MORT_200,Deaths per 1 000 live births,https://www.who.int/data/gho/indicator-metadata-registry/imr-details/3366,,,,PUBLISHED,Published,,2017.0,2017,,AFR,2017,2017,Africa,,NGA,Nigeria,,DAYS0-27,0-27 days,,,,,,,,CH2,HIV/AIDSHIV/AIDS,,0,0.02520,,,,,
8257,MORT_300,Distribution of causes of death among children aged < 5 years (%),https://www.who.int/data/gho/indicator-metadata-registry/imr-details/89,,,,PUBLISHED,Published,,2017.0,2017,,AFR,2017,2017,Africa,,NGA,Nigeria,,YEARS0-4,0-4 years,,,,,,,,CH2,HIV/AIDSHIV/AIDS,,0,0.02576,,,,,
8258,MORT_200,Deaths per 1 000 live births,https://www.who.int/data/gho/indicator-metadata-registry/imr-details/3366,,,,PUBLISHED,Published,,2017.0,2017,,AFR,2017,2017,Africa,,NGA,Nigeria,,DAYS0-27,0-27 days,,,,,,,,CH3,Diarrhoeal diseasesDiarrhoeal diseases,,0.3,0.26747,,,,,
8259,MORT_300,Distribution of causes of death among children aged < 5 years (%),https://www.who.int/data/gho/indicator-metadata-registry/imr-details/89,,,,PUBLISHED,Published,,2017.0,2017,,AFR,2017,2017,Africa,,NGA,Nigeria,,YEARS0-4,0-4 years,,,,,,,,CH3,Diarrhoeal diseasesDiarrhoeal diseases,,0.1,0.10358,,,,,
8260,MORT_200,Deaths per 1 000 live births,https://www.who.int/data/gho/indicator-metadata-registry/imr-details/3366,,,,PUBLISHED,Published,,2017.0,2017,,AFR,2017,2017,Africa,,NGA,Nigeria,,DAYS0-27,0-27 days,,,,,,,,CH5,TetanusTetanus,,0.9,0.88643,,,,,
8261,MORT_100,Number of deaths,https://www.who.int/data/gho/indicator-metadata-registry/imr-details/3365,,,,PUBLISHED,Published,,2017.0,2017,,AFR,2017,2017,Africa,,NGA,Nigeria,,YEARS0-4,0-4 years,,,,,,,,CH5,TetanusTetanus,,6561,6561.38300,,,,,
8262,MORT_300,Distribution of causes of death among children aged < 5 years (%),https://www.who.int/data/gho/indicator-metadata-registry/imr-details/89,,,,PUBLISHED,Published,,2017.0,2017,,AFR,2017,2017,Africa,,NGA,Nigeria,,YEARS0-4,0-4 years,,,,,,,,CH5,TetanusTetanus,,0,0.00913,,,,,
8263,MORT_100,Number of deaths,https://www.who.int/data/gho/indicator-metadata-registry/imr-details/3365,,,,PUBLISHED,Published,,2017.0,2017,,AFR,2017,2017,Africa,,NGA,Nigeria,,YEARS0-4,0-4 years,,,,,,,,CH6,MeaslesMeasles,,11383,11383.03000,,,,,
8264,MORT_300,Distribution of causes of death among children aged < 5 years (%),https://www.who.int/data/gho/indicator-metadata-registry/imr-details/89,,,,PUBLISHED,Published,,2017.0,2017,,AFR,2017,2017,Africa,,NGA,Nigeria,,YEARS0-4,0-4 years,,,,,,,,CH6,MeaslesMeasles,,0,0.01584,,,,,
8265,MORT_100,Number of deaths,https://www.who.int/data/gho/indicator-metadata-registry/imr-details/3365,,,,PUBLISHED,Published,,2017.0,2017,,AFR,2017,2017,Africa,,NGA,Nigeria,,YEARS0-4,0-4 years,,,,,,,,CH7,Meningitis/encephalitisMeningitis/encephalitis,,25397,25396.71000,,,,,
8266,MORT_300,Distribution of causes of death among children aged < 5 years (%),https://www.who.int/data/gho/indicator-metadata-registry/imr-details/89,,,,PUBLISHED,Published,,2017.0,2017,,AFR,2017,2017,Africa,,NGA,Nigeria,,YEARS0-4,0-4 years,,,,,,,,CH7,Meningitis/encephalitisMeningitis/encephalitis,,0,0.03534,,,,,
8267,MORT_200,Deaths per 1 000 live births,https://www.who.int/data/gho/indicator-metadata-registry/imr-details/3366,,,,PUBLISHED,Published,,2017.0,2017,,AFR,2017,2017,Africa,,NGA,Nigeria,,MONTHS1-59,1-59 months,,,,,,,,CH8,MalariaMalaria,,9.6,9.58530,,,,,
8268,MORT_100,Number of deaths,https://www.who.int/data/gho/indicator-metadata-registry/imr-details/3365,,,,PUBLISHED,Published,,2017.0,2017,,AFR,2017,2017,Africa,,NGA,Nigeria,,YEARS0-4,0-4 years,,,,,,,,CH8,MalariaMalaria,,70336,70336.27000,,,,,
8269,MORT_200,Deaths per 1 000 live births,https://www.who.int/data/gho/indicator-metadata-registry/imr-details/3366,,,,PUBLISHED,Published,,2017.0,2017,,AFR,2017,2017,Africa,,NGA,Nigeria,,MONTHS1-59,1-59 months,,,,,,,,CH9,Acute lower respiratory infectionsAcute lower respiratory infections,,15.7,15.70474,,,,,
8270,MORT_100,Number of deaths,https://www.who.int/data/gho/indicator-metadata-registry/imr-details/3365,,,,PUBLISHED,Published,,2017.0,2017,,AFR,2017,2017,Africa,,NGA,Nigeria,,YEARS0-4,0-4 years,,,,,,,,CH9,Acute lower respiratory infectionsAcute lower respiratory infections,,134007,134007.40000,,,,,
8271,MORT_200,Deaths per 1 000 live births,https://www.who.int/data/gho/indicator-metadata-registry/imr-details/3366,,,,PUBLISHED,Published,,2017.0,2017,,AFR,2017,2017,Africa,,NGA,Nigeria,,MONTHS1-59,1-59 months,,,,,,,,CH10,PrematurityPrematurity,,1.3,1.34902,,,,,
8272,MORT_100,Number of deaths,https://www.who.int/data/gho/indicator-metadata-registry/imr-details/3365,,,,PUBLISHED,Published,,2017.0,2017,,AFR,2017,2017,Africa,,NGA,Nigeria,,YEARS0-4,0-4 years,,,,,,,,CH10,PrematurityPrematurity,,84540,84540.23000,,,,,
8273,MORT_300,Distribution of causes of death among children aged < 5 years (%),https://www.who.int/data/gho/indicator-metadata-registry/imr-details/89,,,,PUBLISHED,Published,,2017.0,2017,,AFR,2017,2017,Africa,,NGA,Nigeria,,DAYS0-27,0-27 days,,,,,,,,CH11,Birth asphyxia and birth traumaBirth asphyxia and birth trauma,,0.3,0.31597,,,,,
8274,MORT_200,Deaths per 1 000 live births,https://www.who.int/data/gho/indicator-metadata-registry/imr-details/3366,,,,PUBLISHED,Published,,2017.0,2017,,AFR,2017,2017,Africa,,NGA,Nigeria,,MONTHS1-59,1-59 months,,,,,,,,CH11,Birth asphyxia and birth traumaBirth asphyxia and birth trauma,,1.6,1.58292,,,,,
8275,MORT_100,Number of deaths,https://www.who.int/data/gho/indicator-metadata-registry/imr-details/3365,,,,PUBLISHED,Published,,2017.0,2017,,AFR,2017,2017,Africa,,NGA,Nigeria,,YEARS0-4,0-4 years,,,,,,,,CH11,Birth asphyxia and birth traumaBirth asphyxia and birth trauma,,87770,87769.56000,,,,,
8276,MORT_300,Distribution of causes of death among children aged < 5 years (%),https://www.who.int/data/gho/indicator-metadata-registry/imr-details/89,,,,PUBLISHED,Published,,2017.0,2017,,AFR,2017,2017,Africa,,NGA,Nigeria,,DAYS0-27,0-27 days,,,,,,,,CH12,Sepsis and other infectious conditions of the newbornSepsis and other infectious conditions of the newborn,,0.1,0.12976,,,,,
8277,MORT_200,Deaths per 1 000 live births,https://www.who.int/data/gho/indicator-metadata-registry/imr-details/3366,,,,PUBLISHED,Published,,2017.0,2017,,AFR,2017,2017,Africa,,NGA,Nigeria,,MONTHS1-59,1-59 months,,,,,,,,CH12,Sepsis and other infectious conditions of the newbornSepsis and other infectious conditions of the newborn,,0,0.00000,,,,,
8278,MORT_300,Distribution of causes of death among children aged < 5 years (%),https://www.who.int/data/gho/indicator-metadata-registry/imr-details/89,,,,PUBLISHED,Published,,2017.0,2017,,AFR,2017,2017,Africa,,NGA,Nigeria,,DAYS0-27,0-27 days,,,,,,,,CH13,"Other communicable, perinatal and nutritional conditionsOther communicable, perinatal and nutritional conditions",,0,0.03823,,,,,
8279,MORT_200,Deaths per 1 000 live births,https://www.who.int/data/gho/indicator-metadata-registry/imr-details/3366,,,,PUBLISHED,Published,,2017.0,2017,,AFR,2017,2017,Africa,,NGA,Nigeria,,MONTHS1-59,1-59 months,,,,,,,,CH13,"Other communicable, perinatal and nutritional conditionsOther communicable, perinatal and nutritional conditions",,8.8,8.77757,,,,,
8280,MORT_100,Number of deaths,https://www.who.int/data/gho/indicator-metadata-registry/imr-details/3365,,,,PUBLISHED,Published,,2017.0,2017,,AFR,2017,2017,Africa,,NGA,Nigeria,,DAYS0-27,0-27 days,,,,,,,,CH15,Congenital anomaliesCongenital anomalies,,15655,15654.82000,,,,,
8281,MORT_300,Distribution of causes of death among children aged < 5 years (%),https://www.who.int/data/gho/indicator-metadata-registry/imr-details/89,,,,PUBLISHED,Published,,2017.0,2017,,AFR,2017,2017,Africa,,NGA,Nigeria,,DAYS0-27,0-27 days,,,,,,,,CH15,Congenital anomaliesCongenital anomalies,,0.1,0.06495,,,,,
8282,MORT_200,Deaths per 1 000 live births,https://www.who.int/data/gho/indicator-metadata-registry/imr-details/3366,,,,PUBLISHED,Published,,2017.0,2017,,AFR,2017,2017,Africa,,NGA,Nigeria,,MONTHS1-59,1-59 months,,,,,,,,CH15,Congenital anomaliesCongenital anomalies,,2.8,2.84376,,,,,
8283,MORT_100,Number of deaths,https://www.who.int/data/gho/indicator-metadata-registry/imr-details/3365,,,,PUBLISHED,Published,,2017.0,2017,,AFR,2017,2017,Africa,,NGA,Nigeria,,DAYS0-27,0-27 days,,,,,,,,CH16,Other noncommunicable diseasesOther noncommunicable diseases,,331,330.81160,,,,,
8284,MORT_300,Distribution of causes of death among children aged < 5 years (%),https://www.who.int/data/gho/indicator-metadata-registry/imr-details/89,,,,PUBLISHED,Published,,2017.0,2017,,AFR,2017,2017,Africa,,NGA,Nigeria,,DAYS0-27,0-27 days,,,,,,,,CH16,Other noncommunicable diseasesOther noncommunicable diseases,,0,0.00137,,,,,
8285,MORT_100,Number of deaths,https://www.who.int/data/gho/indicator-metadata-registry/imr-details/3365,,,,PUBLISHED,Published,,2017.0,2017,,AFR,2017,2017,Africa,,NGA,Nigeria,,DAYS0-27,0-27 days,,,,,,,,CH17,InjuriesInjuries,,3138,3137.72000,,,,,
8286,MORT_300,Distribution of causes of death among children aged < 5 years (%),https://www.who.int/data/gho/indicator-metadata-registry/imr-details/89,,,,PUBLISHED,Published,,2017.0,2017,,AFR,2017,2017,Africa,,NGA,Nigeria,,DAYS0-27,0-27 days,,,,,,,,CH17,InjuriesInjuries,,0,0.01302,,,,,
8287,MORT_200,Deaths per 1 000 live births,https://www.who.int/data/gho/indicator-metadata-registry/imr-details/3366,,,,PUBLISHED,Published,,2017.0,2017,,AFR,2017,2017,Africa,,NGA,Nigeria,,YEARS0-4,0-4 years,,,,,,,,CH17,InjuriesInjuries,,5.6,5.59538,,,,,
8288,MORT_MATERNALNUM,Number of maternal deaths,https://www.who.int/data/gho/indicator-metadata-registry/imr-details/4622,,,,PUBLISHED,Published,,2006.0,2006,,AFR,2006,2006,Africa,,NGA,Nigeria,,,,,,,,,,,,,,63 000 [ 50 000 - 78 000 ],63000.00000,50000.0,78000.0,,,
8289,MORT_MATERNALNUM,Number of maternal deaths,https://www.who.int/data/gho/indicator-metadata-registry/imr-details/4622,,,,PUBLISHED,Published,,2008.0,2008,,AFR,2008,2008,Africa,,NGA,Nigeria,,,,,,,,,,,,,,63 000 [ 50 000 - 78 000 ],63000.00000,50000.0,78000.0,,,
8290,MORT_MATERNALNUM,Number of maternal deaths,https://www.who.int/data/gho/indicator-metadata-registry/imr-details/4622,,,,PUBLISHED,Published,,2015.0,2015,,AFR,2015,2015,Africa,,NGA,Nigeria,,,,,,,,,,,,,,66 000 [ 49 000 - 92 000 ],66000.00000,49000.0,92000.0,,,
8291,MORT_MATERNALNUM,Number of maternal deaths,https://www.who.int/data/gho/indicator-metadata-registry/imr-details/4622,,,,PUBLISHED,Published,,2017.0,2017,,AFR,2017,2017,Africa,,NGA,Nigeria,,,,,,,,,,,,,,67 000 [ 48 000 - 96 000 ],67000.00000,48000.0,96000.0,,,
8292,MDG_0000000026,Maternal mortality ratio (per 100 000 live births),https://www.who.int/data/gho/indicator-metadata-registry/imr-details/26,,,,PUBLISHED,Published,,2001.0,2001,,AFR,2001,2001,Africa,,NGA,Nigeria,,,,,,,,,,,,,,1 200 [ 923 - 1 520 ],1200.00000,923.0,1520.0,,,
8293,MDG_0000000026,Maternal mortality ratio (per 100 000 live births),https://www.who.int/data/gho/indicator-metadata-registry/imr-details/26,,,,PUBLISHED,Published,,2004.0,2004,,AFR,2004,2004,Africa,,NGA,Nigeria,,,,,,,,,,,,,,1 130 [ 897 - 1 400 ],1130.00000,897.0,1400.0,,,
8294,MDG_0000000026,Maternal mortality ratio (per 100 000 live births),https://www.who.int/data/gho/indicator-metadata-registry/imr-details/26,,,,PUBLISHED,Published,,2017.0,2017,,AFR,2017,2017,Africa,,NGA,Nigeria,,,,,,,,,,,,,,917 [ 658 - 1 320 ],917.00000,658.0,1320.0,,,
8295,MDG_0000000026,Maternal mortality ratio (per 100 000 live births),https://www.who.int/data/gho/indicator-metadata-registry/imr-details/26,,,,PUBLISHED,Published,,2012.0,2012,,AFR,2012,2012,Africa,,NGA,Nigeria,,,,,,,,,,,,,,963 [ 736 - 1 260 ],963.00000,736.0,1260.0,,,
8296,MDG_0000000026,Maternal mortality ratio (per 100 000 live births),https://www.who.int/data/gho/indicator-metadata-registry/imr-details/26,,,,PUBLISHED,Published,,2008.0,2008,,AFR,2008,2008,Africa,,NGA,Nigeria,,,,,,,,,,,,,,996 [ 792 - 1 240 ],996.00000,792.0,1240.0,,,
8297,CHILDMORT5TO14,Mortality rate for 5-14 year-olds (probability of dying per 1000 children aged 5-14 years),https://www.who.int/data/gho/indicator-metadata-registry/imr-details/4802,,,,PUBLISHED,Published,,1964.0,1964,,AFR,1964,1964,Africa,,NGA,Nigeria,,,,,BTSX,Both sexes,,,,,,,,68.2 [47.4-98.9],68.15381,47.38749,98.85162,,,
8298,CHILDMORT5TO14,Mortality rate for 5-14 year-olds (probability of dying per 1000 children aged 5-14 years),https://www.who.int/data/gho/indicator-metadata-registry/imr-details/4802,,,,PUBLISHED,Published,,1966.0,1966,,AFR,1966,1966,Africa,,NGA,Nigeria,,,,,BTSX,Both sexes,,,,,,,,65.1 [47.4-90.2],65.14170,47.35235,90.21563,,,
8299,CHILDMORT5TO14,Mortality rate for 5-14 year-olds (probability of dying per 1000 children aged 5-14 years),https://www.who.int/data/gho/indicator-metadata-registry/imr-details/4802,,,,PUBLISHED,Published,,1973.0,1973,,AFR,1973,1973,Africa,,NGA,Nigeria,,,,,BTSX,Both sexes,,,,,,,,55.4 [43.4-71.8],55.43816,43.4031,71.82644,,,
8300,CHILDMORT5TO14,Mortality rate for 5-14 year-olds (probability of dying per 1000 children aged 5-14 years),https://www.who.int/data/gho/indicator-metadata-registry/imr-details/4802,,,,PUBLISHED,Published,,1975.0,1975,,AFR,1975,1975,Africa,,NGA,Nigeria,,,,,BTSX,Both sexes,,,,,,,,52.9 [41.9-67.2],52.86667,41.90462,67.15711,,,
8301,CHILDMORT5TO14,Mortality rate for 5-14 year-olds (probability of dying per 1000 children aged 5-14 years),https://www.who.int/data/gho/indicator-metadata-registry/imr-details/4802,,,,PUBLISHED,Published,,1982.0,1982,,AFR,1982,1982,Africa,,NGA,Nigeria,,,,,BTSX,Both sexes,,,,,,,,44.9 [36.3-53.5],44.87922,36.33591,53.46907,,,
8302,CHILDMORT5TO14,Mortality rate for 5-14 year-olds (probability of dying per 1000 children aged 5-14 years),https://www.who.int/data/gho/indicator-metadata-registry/imr-details/4802,,,,PUBLISHED,Published,,1984.0,1984,,AFR,1984,1984,Africa,,NGA,Nigeria,,,,,BTSX,Both sexes,,,,,,,,43.3 [34.9-51.0],43.29984,34.94032,51.0324,,,
8303,CHILDMORT5TO14,Mortality rate for 5-14 year-olds (probability of dying per 1000 children aged 5-14 years),https://www.who.int/data/gho/indicator-metadata-registry/imr-details/4802,,,,PUBLISHED,Published,,1989.0,1989,,AFR,1989,1989,Africa,,NGA,Nigeria,,,,,BTSX,Both sexes,,,,,,,,40.9 [35.0-47.3],40.91820,35.04046,47.32441,,,
8304,CHILDMORT5TO14,Mortality rate for 5-14 year-olds (probability of dying per 1000 children aged 5-14 years),https://www.who.int/data/gho/indicator-metadata-registry/imr-details/4802,,,,PUBLISHED,Published,,1991.0,1991,,AFR,1991,1991,Africa,,NGA,Nigeria,,,,,BTSX,Both sexes,,,,,,,,40.2 [35.2-46.5],40.19247,35.21432,46.54574,,,
8305,CHILDMORT5TO14,Mortality rate for 5-14 year-olds (probability of dying per 1000 children aged 5-14 years),https://www.who.int/data/gho/indicator-metadata-registry/imr-details/4802,,,,PUBLISHED,Published,,1998.0,1998,,AFR,1998,1998,Africa,,NGA,Nigeria,,,,,BTSX,Both sexes,,,,,,,,35.5 [32.0-40.2],35.52963,31.97666,40.16534,,,
8306,CHILDMORT5TO14,Mortality rate for 5-14 year-olds (probability of dying per 1000 children aged 5-14 years),https://www.who.int/data/gho/indicator-metadata-registry/imr-details/4802,,,,PUBLISHED,Published,,2000.0,2000,,AFR,2000,2000,Africa,,NGA,Nigeria,,,,,BTSX,Both sexes,,,,,,,,33.5 [30.3-37.3],33.50796,30.29208,37.26885,,,
8307,CHILDMORT5TO14,Mortality rate for 5-14 year-olds (probability of dying per 1000 children aged 5-14 years),https://www.who.int/data/gho/indicator-metadata-registry/imr-details/4802,,,,PUBLISHED,Published,,2007.0,2007,,AFR,2007,2007,Africa,,NGA,Nigeria,,,,,BTSX,Both sexes,,,,,,,,27.4 [23.8-31.3],27.36513,23.84281,31.34407,,,
8308,CHILDMORT5TO14,Mortality rate for 5-14 year-olds (probability of dying per 1000 children aged 5-14 years),https://www.who.int/data/gho/indicator-metadata-registry/imr-details/4802,,,,PUBLISHED,Published,,2009.0,2009,,AFR,2009,2009,Africa,,NGA,Nigeria,,,,,BTSX,Both sexes,,,,,,,,25.9 [21.9-30.4],25.85866,21.91333,30.36794,,,
8309,CHILDMORT5TO14,Mortality rate for 5-14 year-olds (probability of dying per 1000 children aged 5-14 years),https://www.who.int/data/gho/indicator-metadata-registry/imr-details/4802,,,,PUBLISHED,Published,,2014.0,2014,,AFR,2014,2014,Africa,,NGA,Nigeria,,,,,BTSX,Both sexes,,,,,,,,22.5 [16.8-28.8],22.45645,16.77912,28.84659,,,
8310,CHILDMORT5TO14,Mortality rate for 5-14 year-olds (probability of dying per 1000 children aged 5-14 years),https://www.who.int/data/gho/indicator-metadata-registry/imr-details/4802,,,,PUBLISHED,Published,,2016.0,2016,,AFR,2016,2016,Africa,,NGA,Nigeria,,,,,BTSX,Both sexes,,,,,,,,21.1 [15.0-28.5],21.11501,14.99388,28.51936,,,
8311,CM_01,Number of under-five deaths (thousands),https://www.who.int/data/gho/indicator-metadata-registry/imr-details/2712,,,,PUBLISHED,Published,,2018.0,2018,,AFR,2018,2018,Africa,,NGA,Nigeria,,,,,FMLE,Female,,,,,,,,395721,395721.00000,,,,,
8312,CM_01,Number of under-five deaths (thousands),https://www.who.int/data/gho/indicator-metadata-registry/imr-details/2712,,,,PUBLISHED,Published,,2016.0,2016,,AFR,2016,2016,Africa,,NGA,Nigeria,,,,,BTSX,Both sexes,,,,,,,,869879,869879.00000,,,,,
8313,CM_01,Number of under-five deaths (thousands),https://www.who.int/data/gho/indicator-metadata-registry/imr-details/2712,,,,PUBLISHED,Published,,2016.0,2016,,AFR,2016,2016,Africa,,NGA,Nigeria,,,,,MLE,Male,,,,,,,,472372,472372.00000,,,,,
8314,CM_01,Number of under-five deaths (thousands),https://www.who.int/data/gho/indicator-metadata-registry/imr-details/2712,,,,PUBLISHED,Published,,2013.0,2013,,AFR,2013,2013,Africa,,NGA,Nigeria,,,,,BTSX,Both sexes,,,,,,,,859862,859862.00000,,,,,
8315,CM_01,Number of under-five deaths (thousands),https://www.who.int/data/gho/indicator-metadata-registry/imr-details/2712,,,,PUBLISHED,Published,,2013.0,2013,,AFR,2013,2013,Africa,,NGA,Nigeria,,,,,MLE,Male,,,,,,,,466772,466772.00000,,,,,
8316,CM_01,Number of under-five deaths (thousands),https://www.who.int/data/gho/indicator-metadata-registry/imr-details/2712,,,,PUBLISHED,Published,,2010.0,2010,,AFR,2010,2010,Africa,,NGA,Nigeria,,,,,BTSX,Both sexes,,,,,,,,852958,852958.00000,,,,,
8317,CM_01,Number of under-five deaths (thousands),https://www.who.int/data/gho/indicator-metadata-registry/imr-details/2712,,,,PUBLISHED,Published,,2010.0,2010,,AFR,2010,2010,Africa,,NGA,Nigeria,,,,,MLE,Male,,,,,,,,462393,462393.00000,,,,,
8318,CM_01,Number of under-five deaths (thousands),https://www.who.int/data/gho/indicator-metadata-registry/imr-details/2712,,,,PUBLISHED,Published,,2008.0,2008,,AFR,2008,2008,Africa,,NGA,Nigeria,,,,,FMLE,Female,,,,,,,,393410,393410.00000,,,,,
8319,CM_01,Number of under-five deaths (thousands),https://www.who.int/data/gho/indicator-metadata-registry/imr-details/2712,,,,PUBLISHED,Published,,2007.0,2007,,AFR,2007,2007,Africa,,NGA,Nigeria,,,,,BTSX,Both sexes,,,,,,,,864878,864878.00000,,,,,
8320,CM_01,Number of under-five deaths (thousands),https://www.who.int/data/gho/indicator-metadata-registry/imr-details/2712,,,,PUBLISHED,Published,,2005.0,2005,,AFR,2005,2005,Africa,,NGA,Nigeria,,,,,FMLE,Female,,,,,,,,405740,405740.00000,,,,,
8321,CM_01,Number of under-five deaths (thousands),https://www.who.int/data/gho/indicator-metadata-registry/imr-details/2712,,,,PUBLISHED,Published,,2004.0,2004,,AFR,2004,2004,Africa,,NGA,Nigeria,,,,,BTSX,Both sexes,,,,,,,,893899,893899.00000,,,,,
8322,CM_01,Number of under-five deaths (thousands),https://www.who.int/data/gho/indicator-metadata-registry/imr-details/2712,,,,PUBLISHED,Published,,2002.0,2002,,AFR,2002,2002,Africa,,NGA,Nigeria,,,,,FMLE,Female,,,,,,,,421919,421919.00000,,,,,
8323,CM_01,Number of under-five deaths (thousands),https://www.who.int/data/gho/indicator-metadata-registry/imr-details/2712,,,,PUBLISHED,Published,,2001.0,2001,,AFR,2001,2001,Africa,,NGA,Nigeria,,,,,BTSX,Both sexes,,,,,,,,923016,923016.00000,,,,,
8324,CM_01,Number of under-five deaths (thousands),https://www.who.int/data/gho/indicator-metadata-registry/imr-details/2712,,,,PUBLISHED,Published,,2000.0,2000,,AFR,2000,2000,Africa,,NGA,Nigeria,,,,,MLE,Male,,,,,,,,499867,499867.00000,,,,,
8325,CM_01,Number of under-five deaths (thousands),https://www.who.int/data/gho/indicator-metadata-registry/imr-details/2712,,,,PUBLISHED,Published,,1999.0,1999,,AFR,1999,1999,Africa,,NGA,Nigeria,,,,,FMLE,Female,,,,,,,,431481,431481.00000,,,,,
8326,CM_01,Number of under-five deaths (thousands),https://www.who.int/data/gho/indicator-metadata-registry/imr-details/2712,,,,PUBLISHED,Published,,1998.0,1998,,AFR,1998,1998,Africa,,NGA,Nigeria,,,,,BTSX,Both sexes,,,,,,,,936496,936496.00000,,,,,
8327,CM_01,Number of under-five deaths (thousands),https://www.who.int/data/gho/indicator-metadata-registry/imr-details/2712,,,,PUBLISHED,Published,,1997.0,1997,,AFR,1997,1997,Africa,,NGA,Nigeria,,,,,MLE,Male,,,,,,,,503185,503185.00000,,,,,
8328,CM_01,Number of under-five deaths (thousands),https://www.who.int/data/gho/indicator-metadata-registry/imr-details/2712,,,,PUBLISHED,Published,,1996.0,1996,,AFR,1996,1996,Africa,,NGA,Nigeria,,,,,FMLE,Female,,,,,,,,431036,431036.00000,,,,,
8329,CM_01,Number of under-five deaths (thousands),https://www.who.int/data/gho/indicator-metadata-registry/imr-details/2712,,,,PUBLISHED,Published,,1994.0,1994,,AFR,1994,1994,Africa,,NGA,Nigeria,,,,,MLE,Male,,,,,,,,490434,490434.00000,,,,,
8330,CM_01,Number of under-five deaths (thousands),https://www.who.int/data/gho/indicator-metadata-registry/imr-details/2712,,,,PUBLISHED,Published,,1993.0,1993,,AFR,1993,1993,Africa,,NGA,Nigeria,,,,,FMLE,Female,,,,,,,,415013,415013.00000,,,,,
8331,CM_01,Number of under-five deaths (thousands),https://www.who.int/data/gho/indicator-metadata-registry/imr-details/2712,,,,PUBLISHED,Published,,1991.0,1991,,AFR,1991,1991,Africa,,NGA,Nigeria,,,,,BTSX,Both sexes,,,,,,,,868417,868417.00000,,,,,
8332,CM_01,Number of under-five deaths (thousands),https://www.who.int/data/gho/indicator-metadata-registry/imr-details/2712,,,,PUBLISHED,Published,,1991.0,1991,,AFR,1991,1991,Africa,,NGA,Nigeria,,,,,MLE,Male,,,,,,,,467996,467996.00000,,,,,
8333,CM_01,Number of under-five deaths (thousands),https://www.who.int/data/gho/indicator-metadata-registry/imr-details/2712,,,,PUBLISHED,Published,,1990.0,1990,,AFR,1990,1990,Africa,,NGA,Nigeria,,,,,FMLE,Female,,,,,,,,393229,393229.00000,,,,,
8334,CM_01,Number of under-five deaths (thousands),https://www.who.int/data/gho/indicator-metadata-registry/imr-details/2712,,,,PUBLISHED,Published,,1988.0,1988,,AFR,1988,1988,Africa,,NGA,Nigeria,,,,,BTSX,Both sexes,,,,,,,,820108,820108.00000,,,,,
8335,CM_01,Number of under-five deaths (thousands),https://www.who.int/data/gho/indicator-metadata-registry/imr-details/2712,,,,PUBLISHED,Published,,1988.0,1988,,AFR,1988,1988,Africa,,NGA,Nigeria,,,,,MLE,Male,,,,,,,,442040,442040.00000,,,,,
8336,CM_01,Number of under-five deaths (thousands),https://www.who.int/data/gho/indicator-metadata-registry/imr-details/2712,,,,PUBLISHED,Published,,1985.0,1985,,AFR,1985,1985,Africa,,NGA,Nigeria,,,,,BTSX,Both sexes,,,,,,,,763502,763502.00000,,,,,
8337,CM_01,Number of under-five deaths (thousands),https://www.who.int/data/gho/indicator-metadata-registry/imr-details/2712,,,,PUBLISHED,Published,,1985.0,1985,,AFR,1985,1985,Africa,,NGA,Nigeria,,,,,MLE,Male,,,,,,,,411460,411460.00000,,,,,
8338,CM_01,Number of under-five deaths (thousands),https://www.who.int/data/gho/indicator-metadata-registry/imr-details/2712,,,,PUBLISHED,Published,,1982.0,1982,,AFR,1982,1982,Africa,,NGA,Nigeria,,,,,BTSX,Both sexes,,,,,,,,713821,713821.00000,,,,,
8339,CM_01,Number of under-five deaths (thousands),https://www.who.int/data/gho/indicator-metadata-registry/imr-details/2712,,,,PUBLISHED,Published,,1982.0,1982,,AFR,1982,1982,Africa,,NGA,Nigeria,,,,,MLE,Male,,,,,,,,384272,384272.00000,,,,,
8340,CM_01,Number of under-five deaths (thousands),https://www.who.int/data/gho/indicator-metadata-registry/imr-details/2712,,,,PUBLISHED,Published,,1980.0,1980,,AFR,1980,1980,Africa,,NGA,Nigeria,,,,,FMLE,Female,,,,,,,,320924,320924.00000,,,,,
8341,CM_01,Number of under-five deaths (thousands),https://www.who.int/data/gho/indicator-metadata-registry/imr-details/2712,,,,PUBLISHED,Published,,1979.0,1979,,AFR,1979,1979,Africa,,NGA,Nigeria,,,,,BTSX,Both sexes,,,,,,,,689641,689641.00000,,,,,
8342,CM_01,Number of under-five deaths (thousands),https://www.who.int/data/gho/indicator-metadata-registry/imr-details/2712,,,,PUBLISHED,Published,,1977.0,1977,,AFR,1977,1977,Africa,,NGA,Nigeria,,,,,FMLE,Female,,,,,,,,317319,317319.00000,,,,,
8343,CM_01,Number of under-five deaths (thousands),https://www.who.int/data/gho/indicator-metadata-registry/imr-details/2712,,,,PUBLISHED,Published,,1976.0,1976,,AFR,1976,1976,Africa,,NGA,Nigeria,,,,,BTSX,Both sexes,,,,,,,,686815,686815.00000,,,,,
8344,CM_01,Number of under-five deaths (thousands),https://www.who.int/data/gho/indicator-metadata-registry/imr-details/2712,,,,PUBLISHED,Published,,1974.0,1974,,AFR,1974,1974,Africa,,NGA,Nigeria,,,,,FMLE,Female,,,,,,,,319811,319811.00000,,,,,
8345,CM_01,Number of under-five deaths (thousands),https://www.who.int/data/gho/indicator-metadata-registry/imr-details/2712,,,,PUBLISHED,Published,,1973.0,1973,,AFR,1973,1973,Africa,,NGA,Nigeria,,,,,BTSX,Both sexes,,,,,,,,692449,692449.00000,,,,,
8346,CM_01,Number of under-five deaths (thousands),https://www.who.int/data/gho/indicator-metadata-registry/imr-details/2712,,,,PUBLISHED,Published,,1972.0,1972,,AFR,1972,1972,Africa,,NGA,Nigeria,,,,,MLE,Male,,,,,,,,372227,372227.00000,,,,,
8347,CM_01,Number of under-five deaths (thousands),https://www.who.int/data/gho/indicator-metadata-registry/imr-details/2712,,,,PUBLISHED,Published,,1971.0,1971,,AFR,1971,1971,Africa,,NGA,Nigeria,,,,,FMLE,Female,,,,,,,,322977,322977.00000,,,,,
8348,CM_01,Number of under-five deaths (thousands),https://www.who.int/data/gho/indicator-metadata-registry/imr-details/2712,,,,PUBLISHED,Published,,1969.0,1969,,AFR,1969,1969,Africa,,NGA,Nigeria,,,,,MLE,Male,,,,,,,,373694,373694.00000,,,,,
8349,CM_02,Number of infant deaths (thousands),https://www.who.int/data/gho/indicator-metadata-registry/imr-details/2711,,,,PUBLISHED,Published,,2018.0,2018,,AFR,2018,2018,Africa,,NGA,Nigeria,,,,,FMLE,Female,,,,,,,,242633,242633.00000,,,,,
8350,CM_02,Number of infant deaths (thousands),https://www.who.int/data/gho/indicator-metadata-registry/imr-details/2711,,,,PUBLISHED,Published,,2017.0,2017,,AFR,2017,2017,Africa,,NGA,Nigeria,,,,,BTSX,Both sexes,,,,,,,,552981,552981.00000,,,,,
8351,CM_02,Number of infant deaths (thousands),https://www.who.int/data/gho/indicator-metadata-registry/imr-details/2711,,,,PUBLISHED,Published,,2016.0,2016,,AFR,2016,2016,Africa,,NGA,Nigeria,,,,,MLE,Male,,,,,,,,309382,309382.00000,,,,,
8352,CM_02,Number of infant deaths (thousands),https://www.who.int/data/gho/indicator-metadata-registry/imr-details/2711,,,,PUBLISHED,Published,,2015.0,2015,,AFR,2015,2015,Africa,,NGA,Nigeria,,,,,FMLE,Female,,,,,,,,242126,242126.00000,,,,,
8353,CM_02,Number of infant deaths (thousands),https://www.who.int/data/gho/indicator-metadata-registry/imr-details/2711,,,,PUBLISHED,Published,,2014.0,2014,,AFR,2014,2014,Africa,,NGA,Nigeria,,,,,BTSX,Both sexes,,,,,,,,548084,548084.00000,,,,,
8354,CM_02,Number of infant deaths (thousands),https://www.who.int/data/gho/indicator-metadata-registry/imr-details/2711,,,,PUBLISHED,Published,,2013.0,2013,,AFR,2013,2013,Africa,,NGA,Nigeria,,,,,MLE,Male,,,,,,,,305600,305600.00000,,,,,
8355,CM_02,Number of infant deaths (thousands),https://www.who.int/data/gho/indicator-metadata-registry/imr-details/2711,,,,PUBLISHED,Published,,2012.0,2012,,AFR,2012,2012,Africa,,NGA,Nigeria,,,,,FMLE,Female,,,,,,,,239036,239036.00000,,,,,
8356,CM_02,Number of infant deaths (thousands),https://www.who.int/data/gho/indicator-metadata-registry/imr-details/2711,,,,PUBLISHED,Published,,2010.0,2010,,AFR,2010,2010,Africa,,NGA,Nigeria,,,,,MLE,Male,,,,,,,,302050,302050.00000,,,,,
8357,CM_02,Number of infant deaths (thousands),https://www.who.int/data/gho/indicator-metadata-registry/imr-details/2711,,,,PUBLISHED,Published,,2009.0,2009,,AFR,2009,2009,Africa,,NGA,Nigeria,,,,,FMLE,Female,,,,,,,,237510,237510.00000,,,,,
8358,CM_02,Number of infant deaths (thousands),https://www.who.int/data/gho/indicator-metadata-registry/imr-details/2711,,,,PUBLISHED,Published,,2007.0,2007,,AFR,2007,2007,Africa,,NGA,Nigeria,,,,,BTSX,Both sexes,,,,,,,,543082,543082.00000,,,,,
8359,CM_02,Number of infant deaths (thousands),https://www.who.int/data/gho/indicator-metadata-registry/imr-details/2711,,,,PUBLISHED,Published,,2007.0,2007,,AFR,2007,2007,Africa,,NGA,Nigeria,,,,,MLE,Male,,,,,,,,303923,303923.00000,,,,,
8360,CM_02,Number of infant deaths (thousands),https://www.who.int/data/gho/indicator-metadata-registry/imr-details/2711,,,,PUBLISHED,Published,,2006.0,2006,,AFR,2006,2006,Africa,,NGA,Nigeria,,,,,FMLE,Female,,,,,,,,240722,240722.00000,,,,,
8361,CM_02,Number of infant deaths (thousands),https://www.who.int/data/gho/indicator-metadata-registry/imr-details/2711,,,,PUBLISHED,Published,,2004.0,2004,,AFR,2004,2004,Africa,,NGA,Nigeria,,,,,BTSX,Both sexes,,,,,,,,555640,555640.00000,,,,,
8362,CM_02,Number of infant deaths (thousands),https://www.who.int/data/gho/indicator-metadata-registry/imr-details/2711,,,,PUBLISHED,Published,,2004.0,2004,,AFR,2004,2004,Africa,,NGA,Nigeria,,,,,MLE,Male,,,,,,,,310168,310168.00000,,,,,
8363,CM_02,Number of infant deaths (thousands),https://www.who.int/data/gho/indicator-metadata-registry/imr-details/2711,,,,PUBLISHED,Published,,2001.0,2001,,AFR,2001,2001,Africa,,NGA,Nigeria,,,,,BTSX,Both sexes,,,,,,,,566654,566654.00000,,,,,
8364,CM_02,Number of infant deaths (thousands),https://www.who.int/data/gho/indicator-metadata-registry/imr-details/2711,,,,PUBLISHED,Published,,2001.0,2001,,AFR,2001,2001,Africa,,NGA,Nigeria,,,,,MLE,Male,,,,,,,,314453,314453.00000,,,,,
8365,CM_02,Number of infant deaths (thousands),https://www.who.int/data/gho/indicator-metadata-registry/imr-details/2711,,,,PUBLISHED,Published,,1998.0,1998,,AFR,1998,1998,Africa,,NGA,Nigeria,,,,,BTSX,Both sexes,,,,,,,,568996,568996.00000,,,,,
8366,CM_02,Number of infant deaths (thousands),https://www.who.int/data/gho/indicator-metadata-registry/imr-details/2711,,,,PUBLISHED,Published,,1998.0,1998,,AFR,1998,1998,Africa,,NGA,Nigeria,,,,,MLE,Male,,,,,,,,315448,315448.00000,,,,,
8367,CM_02,Number of infant deaths (thousands),https://www.who.int/data/gho/indicator-metadata-registry/imr-details/2711,,,,PUBLISHED,Published,,1996.0,1996,,AFR,1996,1996,Africa,,NGA,Nigeria,,,,,FMLE,Female,,,,,,,,251137,251137.00000,,,,,
8368,CM_02,Number of infant deaths (thousands),https://www.who.int/data/gho/indicator-metadata-registry/imr-details/2711,,,,PUBLISHED,Published,,1995.0,1995,,AFR,1995,1995,Africa,,NGA,Nigeria,,,,,BTSX,Both sexes,,,,,,,,556824,556824.00000,,,,,
8369,CM_02,Number of infant deaths (thousands),https://www.who.int/data/gho/indicator-metadata-registry/imr-details/2711,,,,PUBLISHED,Published,,1993.0,1993,,AFR,1993,1993,Africa,,NGA,Nigeria,,,,,FMLE,Female,,,,,,,,240722,240722.00000,,,,,
8370,CM_02,Number of infant deaths (thousands),https://www.who.int/data/gho/indicator-metadata-registry/imr-details/2711,,,,PUBLISHED,Published,,1992.0,1992,,AFR,1992,1992,Africa,,NGA,Nigeria,,,,,BTSX,Both sexes,,,,,,,,530562,530562.00000,,,,,
8371,CM_02,Number of infant deaths (thousands),https://www.who.int/data/gho/indicator-metadata-registry/imr-details/2711,,,,PUBLISHED,Published,,1990.0,1990,,AFR,1990,1990,Africa,,NGA,Nigeria,,,,,FMLE,Female,,,,,,,,227902,227902.00000,,,,,
8372,CM_02,Number of infant deaths (thousands),https://www.who.int/data/gho/indicator-metadata-registry/imr-details/2711,,,,PUBLISHED,Published,,1989.0,1989,,AFR,1989,1989,Africa,,NGA,Nigeria,,,,,BTSX,Both sexes,,,,,,,,501934,501934.00000,,,,,
8373,CM_02,Number of infant deaths (thousands),https://www.who.int/data/gho/indicator-metadata-registry/imr-details/2711,,,,PUBLISHED,Published,,1988.0,1988,,AFR,1988,1988,Africa,,NGA,Nigeria,,,,,MLE,Male,,,,,,,,272365,272365.00000,,,,,
8374,CM_02,Number of infant deaths (thousands),https://www.who.int/data/gho/indicator-metadata-registry/imr-details/2711,,,,PUBLISHED,Published,,1987.0,1987,,AFR,1987,1987,Africa,,NGA,Nigeria,,,,,FMLE,Female,,,,,,,,214641,214641.00000,,,,,
8375,CM_02,Number of infant deaths (thousands),https://www.who.int/data/gho/indicator-metadata-registry/imr-details/2711,,,,PUBLISHED,Published,,1985.0,1985,,AFR,1985,1985,Africa,,NGA,Nigeria,,,,,MLE,Male,,,,,,,,254062,254062.00000,,,,,
8376,CM_02,Number of infant deaths (thousands),https://www.who.int/data/gho/indicator-metadata-registry/imr-details/2711,,,,PUBLISHED,Published,,1984.0,1984,,AFR,1984,1984,Africa,,NGA,Nigeria,,,,,FMLE,Female,,,,,,,,200439,200439.00000,,,,,
8377,CM_02,Number of infant deaths (thousands),https://www.who.int/data/gho/indicator-metadata-registry/imr-details/2711,,,,PUBLISHED,Published,,1982.0,1982,,AFR,1982,1982,Africa,,NGA,Nigeria,,,,,MLE,Male,,,,,,,,238077,238077.00000,,,,,
8378,CM_02,Number of infant deaths (thousands),https://www.who.int/data/gho/indicator-metadata-registry/imr-details/2711,,,,PUBLISHED,Published,,1981.0,1981,,AFR,1981,1981,Africa,,NGA,Nigeria,,,,,FMLE,Female,,,,,,,,190453,190453.00000,,,,,
8379,CM_02,Number of infant deaths (thousands),https://www.who.int/data/gho/indicator-metadata-registry/imr-details/2711,,,,PUBLISHED,Published,,1979.0,1979,,AFR,1979,1979,Africa,,NGA,Nigeria,,,,,BTSX,Both sexes,,,,,,,,417566,417566.00000,,,,,
8380,CM_02,Number of infant deaths (thousands),https://www.who.int/data/gho/indicator-metadata-registry/imr-details/2711,,,,PUBLISHED,Published,,1979.0,1979,,AFR,1979,1979,Africa,,NGA,Nigeria,,,,,MLE,Male,,,,,,,,230397,230397.00000,,,,,
8381,CM_02,Number of infant deaths (thousands),https://www.who.int/data/gho/indicator-metadata-registry/imr-details/2711,,,,PUBLISHED,Published,,1976.0,1976,,AFR,1976,1976,Africa,,NGA,Nigeria,,,,,BTSX,Both sexes,,,,,,,,416464,416464.00000,,,,,
8382,CM_02,Number of infant deaths (thousands),https://www.who.int/data/gho/indicator-metadata-registry/imr-details/2711,,,,PUBLISHED,Published,,1976.0,1976,,AFR,1976,1976,Africa,,NGA,Nigeria,,,,,MLE,Male,,,,,,,,229589,229589.00000,,,,,
8383,CM_02,Number of infant deaths (thousands),https://www.who.int/data/gho/indicator-metadata-registry/imr-details/2711,,,,PUBLISHED,Published,,1973.0,1973,,AFR,1973,1973,Africa,,NGA,Nigeria,,,,,BTSX,Both sexes,,,,,,,,419920,419920.00000,,,,,
8384,CM_02,Number of infant deaths (thousands),https://www.who.int/data/gho/indicator-metadata-registry/imr-details/2711,,,,PUBLISHED,Published,,1973.0,1973,,AFR,1973,1973,Africa,,NGA,Nigeria,,,,,MLE,Male,,,,,,,,231255,231255.00000,,,,,
8385,CM_02,Number of infant deaths (thousands),https://www.who.int/data/gho/indicator-metadata-registry/imr-details/2711,,,,PUBLISHED,Published,,1971.0,1971,,AFR,1971,1971,Africa,,NGA,Nigeria,,,,,FMLE,Female,,,,,,,,189454,189454.00000,,,,,
8386,CM_02,Number of infant deaths (thousands),https://www.who.int/data/gho/indicator-metadata-registry/imr-details/2711,,,,PUBLISHED,Published,,1970.0,1970,,AFR,1970,1970,Africa,,NGA,Nigeria,,,,,BTSX,Both sexes,,,,,,,,421323,421323.00000,,,,,
8387,CM_02,Number of infant deaths (thousands),https://www.who.int/data/gho/indicator-metadata-registry/imr-details/2711,,,,PUBLISHED,Published,,1968.0,1968,,AFR,1968,1968,Africa,,NGA,Nigeria,,,,,FMLE,Female,,,,,,,,189275,189275.00000,,,,,
8388,CM_02,Number of infant deaths (thousands),https://www.who.int/data/gho/indicator-metadata-registry/imr-details/2711,,,,PUBLISHED,Published,,1967.0,1967,,AFR,1967,1967,Africa,,NGA,Nigeria,,,,,BTSX,Both sexes,,,,,,,,420780,420780.00000,,,,,
8389,CM_02,Number of infant deaths (thousands),https://www.who.int/data/gho/indicator-metadata-registry/imr-details/2711,,,,PUBLISHED,Published,,1965.0,1965,,AFR,1965,1965,Africa,,NGA,Nigeria,,,,,FMLE,Female,,,,,,,,189662,189662.00000,,,,,
8390,CM_03,Number of neonatal deaths (thousands),https://www.who.int/data/gho/indicator-metadata-registry/imr-details/2714,,,,PUBLISHED,Published,,2018.0,2018,,AFR,2018,2018,Africa,,NGA,Nigeria,,,,,BTSX,Both sexes,,,,,,,,267440,267440.00000,,,,,
8391,CM_03,Number of neonatal deaths (thousands),https://www.who.int/data/gho/indicator-metadata-registry/imr-details/2714,,,,PUBLISHED,Published,,2016.0,2016,,AFR,2016,2016,Africa,,NGA,Nigeria,,,,,BTSX,Both sexes,,,,,,,,264712,264712.00000,,,,,
8392,CM_03,Number of neonatal deaths (thousands),https://www.who.int/data/gho/indicator-metadata-registry/imr-details/2714,,,,PUBLISHED,Published,,2011.0,2011,,AFR,2011,2011,Africa,,NGA,Nigeria,,,,,BTSX,Both sexes,,,,,,,,253283,253283.00000,,,,,
8393,CM_03,Number of neonatal deaths (thousands),https://www.who.int/data/gho/indicator-metadata-registry/imr-details/2714,,,,PUBLISHED,Published,,2009.0,2009,,AFR,2009,2009,Africa,,NGA,Nigeria,,,,,BTSX,Both sexes,,,,,,,,249319,249319.00000,,,,,
8394,CM_03,Number of neonatal deaths (thousands),https://www.who.int/data/gho/indicator-metadata-registry/imr-details/2714,,,,PUBLISHED,Published,,2002.0,2002,,AFR,2002,2002,Africa,,NGA,Nigeria,,,,,BTSX,Both sexes,,,,,,,,250621,250621.00000,,,,,
8395,CM_03,Number of neonatal deaths (thousands),https://www.who.int/data/gho/indicator-metadata-registry/imr-details/2714,,,,PUBLISHED,Published,,2000.0,2000,,AFR,2000,2000,Africa,,NGA,Nigeria,,,,,BTSX,Both sexes,,,,,,,,251111,251111.00000,,,,,
8396,CM_03,Number of neonatal deaths (thousands),https://www.who.int/data/gho/indicator-metadata-registry/imr-details/2714,,,,PUBLISHED,Published,,1993.0,1993,,AFR,1993,1993,Africa,,NGA,Nigeria,,,,,BTSX,Both sexes,,,,,,,,227614,227614.00000,,,,,
8397,CM_03,Number of neonatal deaths (thousands),https://www.who.int/data/gho/indicator-metadata-registry/imr-details/2714,,,,PUBLISHED,Published,,1991.0,1991,,AFR,1991,1991,Africa,,NGA,Nigeria,,,,,BTSX,Both sexes,,,,,,,,216260,216260.00000,,,,,
8398,CM_03,Number of neonatal deaths (thousands),https://www.who.int/data/gho/indicator-metadata-registry/imr-details/2714,,,,PUBLISHED,Published,,1986.0,1986,,AFR,1986,1986,Africa,,NGA,Nigeria,,,,,BTSX,Both sexes,,,,,,,,194224,194224.00000,,,,,
8399,CM_03,Number of neonatal deaths (thousands),https://www.who.int/data/gho/indicator-metadata-registry/imr-details/2714,,,,PUBLISHED,Published,,1984.0,1984,,AFR,1984,1984,Africa,,NGA,Nigeria,,,,,BTSX,Both sexes,,,,,,,,188880,188880.00000,,,,,
8400,CM_03,Number of neonatal deaths (thousands),https://www.who.int/data/gho/indicator-metadata-registry/imr-details/2714,,,,PUBLISHED,Published,,1977.0,1977,,AFR,1977,1977,Africa,,NGA,Nigeria,,,,,BTSX,Both sexes,,,,,,,,183036,183036.00000,,,,,
8401,CM_03,Number of neonatal deaths (thousands),https://www.who.int/data/gho/indicator-metadata-registry/imr-details/2714,,,,PUBLISHED,Published,,1975.0,1975,,AFR,1975,1975,Africa,,NGA,Nigeria,,,,,BTSX,Both sexes,,,,,,,,181387,181387.00000,,,,,
8402,CM_03,Number of neonatal deaths (thousands),https://www.who.int/data/gho/indicator-metadata-registry/imr-details/2714,,,,PUBLISHED,Published,,1968.0,1968,,AFR,1968,1968,Africa,,NGA,Nigeria,,,,,BTSX,Both sexes,,,,,,,,171340,171340.00000,,,,,
8403,MDG_0000000001,Infant mortality rate (probability of dying between birth and age 1 per 1000 live births),https://www.who.int/data/gho/indicator-metadata-registry/imr-details/1,,,,PUBLISHED,Published,,2018.0,2018,,AFR,2018,2018,Africa,,NGA,Nigeria,,,,,BTSX,Both sexes,,,,,,,,75.7,75.67151,,,,,
8404,MDG_0000000001,Infant mortality rate (probability of dying between birth and age 1 per 1000 live births),https://www.who.int/data/gho/indicator-metadata-registry/imr-details/1,,,,PUBLISHED,Published,,2017.0,2017,,AFR,2017,2017,Africa,,NGA,Nigeria,,,,,MLE,Male,,,,,,,,84,83.95274,,,,,
8405,MDG_0000000001,Infant mortality rate (probability of dying between birth and age 1 per 1000 live births),https://www.who.int/data/gho/indicator-metadata-registry/imr-details/1,,,,PUBLISHED,Published,,2016.0,2016,,AFR,2016,2016,Africa,,NGA,Nigeria,,,,,FMLE,Female,,,,,,,,70.5,70.53525,,,,,
8406,MDG_0000000001,Infant mortality rate (probability of dying between birth and age 1 per 1000 live births),https://www.who.int/data/gho/indicator-metadata-registry/imr-details/1,,,,PUBLISHED,Published,,2015.0,2015,,AFR,2015,2015,Africa,,NGA,Nigeria,,,,,BTSX,Both sexes,,,,,,,,78.7,78.72231,,,,,
8407,MDG_0000000001,Infant mortality rate (probability of dying between birth and age 1 per 1000 live births),https://www.who.int/data/gho/indicator-metadata-registry/imr-details/1,,,,PUBLISHED,Published,,2014.0,2014,,AFR,2014,2014,Africa,,NGA,Nigeria,,,,,MLE,Male,,,,,,,,86.8,86.78335,,,,,
8408,MDG_0000000001,Infant mortality rate (probability of dying between birth and age 1 per 1000 live births),https://www.who.int/data/gho/indicator-metadata-registry/imr-details/1,,,,PUBLISHED,Published,,2013.0,2013,,AFR,2013,2013,Africa,,NGA,Nigeria,,,,,FMLE,Female,,,,,,,,72.8,72.80495,,,,,
8409,MDG_0000000001,Infant mortality rate (probability of dying between birth and age 1 per 1000 live births),https://www.who.int/data/gho/indicator-metadata-registry/imr-details/1,,,,PUBLISHED,Published,,2011.0,2011,,AFR,2011,2011,Africa,,NGA,Nigeria,,,,,MLE,Male,,,,,,,,90.2,90.15643,,,,,
8410,MDG_0000000001,Infant mortality rate (probability of dying between birth and age 1 per 1000 live births),https://www.who.int/data/gho/indicator-metadata-registry/imr-details/1,,,,PUBLISHED,Published,,2010.0,2010,,AFR,2010,2010,Africa,,NGA,Nigeria,,,,,FMLE,Female,,,,,,,,76.2,76.17649,,,,,
8411,MDG_0000000001,Infant mortality rate (probability of dying between birth and age 1 per 1000 live births),https://www.who.int/data/gho/indicator-metadata-registry/imr-details/1,,,,PUBLISHED,Published,,2008.0,2008,,AFR,2008,2008,Africa,,NGA,Nigeria,,,,,MLE,Male,,,,,,,,95.8,95.76647,,,,,
8412,MDG_0000000001,Infant mortality rate (probability of dying between birth and age 1 per 1000 live births),https://www.who.int/data/gho/indicator-metadata-registry/imr-details/1,,,,PUBLISHED,Published,,2007.0,2007,,AFR,2007,2007,Africa,,NGA,Nigeria,,,,,FMLE,Female,,,,,,,,81.7,81.67019,,,,,
8413,MDG_0000000001,Infant mortality rate (probability of dying between birth and age 1 per 1000 live births),https://www.who.int/data/gho/indicator-metadata-registry/imr-details/1,,,,PUBLISHED,Published,,2005.0,2005,,AFR,2005,2005,Africa,,NGA,Nigeria,,,,,BTSX,Both sexes,,,,,,,,95.6,95.61481,,,,,
8414,MDG_0000000001,Infant mortality rate (probability of dying between birth and age 1 per 1000 live births),https://www.who.int/data/gho/indicator-metadata-registry/imr-details/1,,,,PUBLISHED,Published,,2005.0,2005,,AFR,2005,2005,Africa,,NGA,Nigeria,,,,,MLE,Male,,,,,,,,104.1,104.08415,,,,,
8415,MDG_0000000001,Infant mortality rate (probability of dying between birth and age 1 per 1000 live births),https://www.who.int/data/gho/indicator-metadata-registry/imr-details/1,,,,PUBLISHED,Published,,2002.0,2002,,AFR,2002,2002,Africa,,NGA,Nigeria,,,,,BTSX,Both sexes,,,,,,,,104.8,104.77923,,,,,
8416,MDG_0000000001,Infant mortality rate (probability of dying between birth and age 1 per 1000 live births),https://www.who.int/data/gho/indicator-metadata-registry/imr-details/1,,,,PUBLISHED,Published,,2002.0,2002,,AFR,2002,2002,Africa,,NGA,Nigeria,,,,,MLE,Male,,,,,,,,113.4,113.39676,,,,,
8417,MDG_0000000001,Infant mortality rate (probability of dying between birth and age 1 per 1000 live births),https://www.who.int/data/gho/indicator-metadata-registry/imr-details/1,,,,PUBLISHED,Published,,1999.0,1999,,AFR,1999,1999,Africa,,NGA,Nigeria,,,,,BTSX,Both sexes,,,,,,,,113.7,113.72046,,,,,
8418,MDG_0000000001,Infant mortality rate (probability of dying between birth and age 1 per 1000 live births),https://www.who.int/data/gho/indicator-metadata-registry/imr-details/1,,,,PUBLISHED,Published,,1999.0,1999,,AFR,1999,1999,Africa,,NGA,Nigeria,,,,,MLE,Male,,,,,,,,122.8,122.82100,,,,,
8419,MDG_0000000001,Infant mortality rate (probability of dying between birth and age 1 per 1000 live births),https://www.who.int/data/gho/indicator-metadata-registry/imr-details/1,,,,PUBLISHED,Published,,1997.0,1997,,AFR,1997,1997,Africa,,NGA,Nigeria,,,,,FMLE,Female,,,,,,,,109.1,109.06732,,,,,
8420,MDG_0000000001,Infant mortality rate (probability of dying between birth and age 1 per 1000 live births),https://www.who.int/data/gho/indicator-metadata-registry/imr-details/1,,,,PUBLISHED,Published,,1996.0,1996,,AFR,1996,1996,Africa,,NGA,Nigeria,,,,,BTSX,Both sexes,,,,,,,,120.9,120.86482,,,,,
8421,MDG_0000000001,Infant mortality rate (probability of dying between birth and age 1 per 1000 live births),https://www.who.int/data/gho/indicator-metadata-registry/imr-details/1,,,,PUBLISHED,Published,,1994.0,1994,,AFR,1994,1994,Africa,,NGA,Nigeria,,,,,FMLE,Female,,,,,,,,113,113.04959,,,,,
8422,MDG_0000000001,Infant mortality rate (probability of dying between birth and age 1 per 1000 live births),https://www.who.int/data/gho/indicator-metadata-registry/imr-details/1,,,,PUBLISHED,Published,,1993.0,1993,,AFR,1993,1993,Africa,,NGA,Nigeria,,,,,BTSX,Both sexes,,,,,,,,124,124.03703,,,,,
8423,MDG_0000000001,Infant mortality rate (probability of dying between birth and age 1 per 1000 live births),https://www.who.int/data/gho/indicator-metadata-registry/imr-details/1,,,,PUBLISHED,Published,,1991.0,1991,,AFR,1991,1991,Africa,,NGA,Nigeria,,,,,FMLE,Female,,,,,,,,114.2,114.21614,,,,,
8424,MDG_0000000001,Infant mortality rate (probability of dying between birth and age 1 per 1000 live births),https://www.who.int/data/gho/indicator-metadata-registry/imr-details/1,,,,PUBLISHED,Published,,1990.0,1990,,AFR,1990,1990,Africa,,NGA,Nigeria,,,,,BTSX,Both sexes,,,,,,,,125.1,125.08289,,,,,
8425,MDG_0000000001,Infant mortality rate (probability of dying between birth and age 1 per 1000 live births),https://www.who.int/data/gho/indicator-metadata-registry/imr-details/1,,,,PUBLISHED,Published,,1989.0,1989,,AFR,1989,1989,Africa,,NGA,Nigeria,,,,,MLE,Male,,,,,,,,135.1,135.05270,,,,,
8426,MDG_0000000001,Infant mortality rate (probability of dying between birth and age 1 per 1000 live births),https://www.who.int/data/gho/indicator-metadata-registry/imr-details/1,,,,PUBLISHED,Published,,1988.0,1988,,AFR,1988,1988,Africa,,NGA,Nigeria,,,,,FMLE,Female,,,,,,,,114.6,114.61848,,,,,
8427,MDG_0000000001,Infant mortality rate (probability of dying between birth and age 1 per 1000 live births),https://www.who.int/data/gho/indicator-metadata-registry/imr-details/1,,,,PUBLISHED,Published,,1986.0,1986,,AFR,1986,1986,Africa,,NGA,Nigeria,,,,,MLE,Male,,,,,,,,133.9,133.89865,,,,,
8428,MDG_0000000001,Infant mortality rate (probability of dying between birth and age 1 per 1000 live births),https://www.who.int/data/gho/indicator-metadata-registry/imr-details/1,,,,PUBLISHED,Published,,1985.0,1985,,AFR,1985,1985,Africa,,NGA,Nigeria,,,,,FMLE,Female,,,,,,,,113.5,113.48280,,,,,
8429,MDG_0000000001,Infant mortality rate (probability of dying between birth and age 1 per 1000 live births),https://www.who.int/data/gho/indicator-metadata-registry/imr-details/1,,,,PUBLISHED,Published,,1983.0,1983,,AFR,1983,1983,Africa,,NGA,Nigeria,,,,,MLE,Male,,,,,,,,132.7,132.67551,,,,,
8430,MDG_0000000001,Infant mortality rate (probability of dying between birth and age 1 per 1000 live births),https://www.who.int/data/gho/indicator-metadata-registry/imr-details/1,,,,PUBLISHED,Published,,1982.0,1982,,AFR,1982,1982,Africa,,NGA,Nigeria,,,,,FMLE,Female,,,,,,,,113.9,113.89233,,,,,
8431,MDG_0000000001,Infant mortality rate (probability of dying between birth and age 1 per 1000 live births),https://www.who.int/data/gho/indicator-metadata-registry/imr-details/1,,,,PUBLISHED,Published,,1980.0,1980,,AFR,1980,1980,Africa,,NGA,Nigeria,,,,,BTSX,Both sexes,,,,,,,,126.4,126.41434,,,,,
8432,MDG_0000000001,Infant mortality rate (probability of dying between birth and age 1 per 1000 live births),https://www.who.int/data/gho/indicator-metadata-registry/imr-details/1,,,,PUBLISHED,Published,,1980.0,1980,,AFR,1980,1980,Africa,,NGA,Nigeria,,,,,MLE,Male,,,,,,,,135.9,135.87268,,,,,
8433,MDG_0000000001,Infant mortality rate (probability of dying between birth and age 1 per 1000 live births),https://www.who.int/data/gho/indicator-metadata-registry/imr-details/1,,,,PUBLISHED,Published,,1977.0,1977,,AFR,1977,1977,Africa,,NGA,Nigeria,,,,,BTSX,Both sexes,,,,,,,,135.4,135.38499,,,,,
8434,MDG_0000000001,Infant mortality rate (probability of dying between birth and age 1 per 1000 live births),https://www.who.int/data/gho/indicator-metadata-registry/imr-details/1,,,,PUBLISHED,Published,,1977.0,1977,,AFR,1977,1977,Africa,,NGA,Nigeria,,,,,MLE,Male,,,,,,,,145.5,145.54316,,,,,
8435,MDG_0000000001,Infant mortality rate (probability of dying between birth and age 1 per 1000 live births),https://www.who.int/data/gho/indicator-metadata-registry/imr-details/1,,,,PUBLISHED,Published,,1974.0,1974,,AFR,1974,1974,Africa,,NGA,Nigeria,,,,,BTSX,Both sexes,,,,,,,,149,148.95106,,,,,
8436,MDG_0000000001,Infant mortality rate (probability of dying between birth and age 1 per 1000 live births),https://www.who.int/data/gho/indicator-metadata-registry/imr-details/1,,,,PUBLISHED,Published,,1974.0,1974,,AFR,1974,1974,Africa,,NGA,Nigeria,,,,,MLE,Male,,,,,,,,160,159.96071,,,,,
8437,MDG_0000000001,Infant mortality rate (probability of dying between birth and age 1 per 1000 live births),https://www.who.int/data/gho/indicator-metadata-registry/imr-details/1,,,,PUBLISHED,Published,,1972.0,1972,,AFR,1972,1972,Africa,,NGA,Nigeria,,,,,FMLE,Female,,,,,,,,147,146.97334,,,,,
8438,MDG_0000000001,Infant mortality rate (probability of dying between birth and age 1 per 1000 live births),https://www.who.int/data/gho/indicator-metadata-registry/imr-details/1,,,,PUBLISHED,Published,,1971.0,1971,,AFR,1971,1971,Africa,,NGA,Nigeria,,,,,BTSX,Both sexes,,,,,,,,164.2,164.16170,,,,,
8439,MDG_0000000001,Infant mortality rate (probability of dying between birth and age 1 per 1000 live births),https://www.who.int/data/gho/indicator-metadata-registry/imr-details/1,,,,PUBLISHED,Published,,1969.0,1969,,AFR,1969,1969,Africa,,NGA,Nigeria,,,,,FMLE,Female,,,,,,,,160.4,160.41808,,,,,
8440,MDG_0000000001,Infant mortality rate (probability of dying between birth and age 1 per 1000 live births),https://www.who.int/data/gho/indicator-metadata-registry/imr-details/1,,,,PUBLISHED,Published,,1968.0,1968,,AFR,1968,1968,Africa,,NGA,Nigeria,,,,,BTSX,Both sexes,,,,,,,,178.2,178.20175,,,,,
8441,MDG_0000000001,Infant mortality rate (probability of dying between birth and age 1 per 1000 live births),https://www.who.int/data/gho/indicator-metadata-registry/imr-details/1,,,,PUBLISHED,Published,,1966.0,1966,,AFR,1966,1966,Africa,,NGA,Nigeria,,,,,FMLE,Female,,,,,,,,172.5,172.51066,,,,,
8442,MDG_0000000001,Infant mortality rate (probability of dying between birth and age 1 per 1000 live births),https://www.who.int/data/gho/indicator-metadata-registry/imr-details/1,,,,PUBLISHED,Published,,1965.0,1965,,AFR,1965,1965,Africa,,NGA,Nigeria,,,,,BTSX,Both sexes,,,,,,,,190.7,190.69536,,,,,
8443,MDG_0000000001,Infant mortality rate (probability of dying between birth and age 1 per 1000 live births),https://www.who.int/data/gho/indicator-metadata-registry/imr-details/1,,,,PUBLISHED,Published,,1964.0,1964,,AFR,1964,1964,Africa,,NGA,Nigeria,,,,,MLE,Male,,,,,,,,209,208.97899,,,,,
8444,MDG_0000000007,Under-five mortality rate (probability of dying by age 5 per 1000 live births),https://www.who.int/data/gho/indicator-metadata-registry/imr-details/7,,,,PUBLISHED,Published,,2016.0,2016,,AFR,2016,2016,Africa,,NGA,Nigeria,,,,,BTSX,Both sexes,,,,,,,,123.9,123.88500,,,,,
8445,MDG_0000000007,Under-five mortality rate (probability of dying by age 5 per 1000 live births),https://www.who.int/data/gho/indicator-metadata-registry/imr-details/7,,,,PUBLISHED,Published,,2016.0,2016,,AFR,2016,2016,Africa,,NGA,Nigeria,,,,,MLE,Male,,,,,,,,130.9,130.90957,,,,,
8446,MDG_0000000007,Under-five mortality rate (probability of dying by age 5 per 1000 live births),https://www.who.int/data/gho/indicator-metadata-registry/imr-details/7,,,,PUBLISHED,Published,,2014.0,2014,,AFR,2014,2014,Africa,,NGA,Nigeria,,,,,FMLE,Female,,,,,,,,119.6,119.55187,,,,,
8447,MDG_0000000007,Under-five mortality rate (probability of dying by age 5 per 1000 live births),https://www.who.int/data/gho/indicator-metadata-registry/imr-details/7,,,,PUBLISHED,Published,,2013.0,2013,,AFR,2013,2013,Africa,,NGA,Nigeria,,,,,BTSX,Both sexes,,,,,,,,128.6,128.56167,,,,,
8448,MDG_0000000007,Under-five mortality rate (probability of dying by age 5 per 1000 live births),https://www.who.int/data/gho/indicator-metadata-registry/imr-details/7,,,,PUBLISHED,Published,,2013.0,2013,,AFR,2013,2013,Africa,,NGA,Nigeria,,,,,MLE,Male,,,,,,,,135.7,135.71127,,,,,
8449,MDG_0000000007,Under-five mortality rate (probability of dying by age 5 per 1000 live births),https://www.who.int/data/gho/indicator-metadata-registry/imr-details/7,,,,PUBLISHED,Published,,2011.0,2011,,AFR,2011,2011,Africa,,NGA,Nigeria,,,,,FMLE,Female,,,,,,,,124.9,124.92650,,,,,
8450,MDG_0000000007,Under-five mortality rate (probability of dying by age 5 per 1000 live births),https://www.who.int/data/gho/indicator-metadata-registry/imr-details/7,,,,PUBLISHED,Published,,2010.0,2010,,AFR,2010,2010,Africa,,NGA,Nigeria,,,,,BTSX,Both sexes,,,,,,,,135.2,135.20396,,,,,
8451,MDG_0000000007,Under-five mortality rate (probability of dying by age 5 per 1000 live births),https://www.who.int/data/gho/indicator-metadata-registry/imr-details/7,,,,PUBLISHED,Published,,2008.0,2008,,AFR,2008,2008,Africa,,NGA,Nigeria,,,,,FMLE,Female,,,,,,,,134,133.97851,,,,,
8452,MDG_0000000007,Under-five mortality rate (probability of dying by age 5 per 1000 live births),https://www.who.int/data/gho/indicator-metadata-registry/imr-details/7,,,,PUBLISHED,Published,,2007.0,2007,,AFR,2007,2007,Africa,,NGA,Nigeria,,,,,BTSX,Both sexes,,,,,,,,146.3,146.25591,,,,,
8453,MDG_0000000007,Under-five mortality rate (probability of dying by age 5 per 1000 live births),https://www.who.int/data/gho/indicator-metadata-registry/imr-details/7,,,,PUBLISHED,Published,,2006.0,2006,,AFR,2006,2006,Africa,,NGA,Nigeria,,,,,MLE,Male,,,,,,,,159.1,159.05180,,,,,
8454,MDG_0000000007,Under-five mortality rate (probability of dying by age 5 per 1000 live births),https://www.who.int/data/gho/indicator-metadata-registry/imr-details/7,,,,PUBLISHED,Published,,2005.0,2005,,AFR,2005,2005,Africa,,NGA,Nigeria,,,,,FMLE,Female,,,,,,,,147.7,147.73005,,,,,
8455,MDG_0000000007,Under-five mortality rate (probability of dying by age 5 per 1000 live births),https://www.who.int/data/gho/indicator-metadata-registry/imr-details/7,,,,PUBLISHED,Published,,2004.0,2004,,AFR,2004,2004,Africa,,NGA,Nigeria,,,,,BTSX,Both sexes,,,,,,,,161.7,161.72062,,,,,
8456,MDG_0000000007,Under-five mortality rate (probability of dying by age 5 per 1000 live births),https://www.who.int/data/gho/indicator-metadata-registry/imr-details/7,,,,PUBLISHED,Published,,2003.0,2003,,AFR,2003,2003,Africa,,NGA,Nigeria,,,,,MLE,Male,,,,,,,,175.8,175.76233,,,,,
8457,MDG_0000000007,Under-five mortality rate (probability of dying by age 5 per 1000 live births),https://www.who.int/data/gho/indicator-metadata-registry/imr-details/7,,,,PUBLISHED,Published,,2002.0,2002,,AFR,2002,2002,Africa,,NGA,Nigeria,,,,,FMLE,Female,,,,,,,,164.7,164.68110,,,,,
8458,MDG_0000000007,Under-five mortality rate (probability of dying by age 5 per 1000 live births),https://www.who.int/data/gho/indicator-metadata-registry/imr-details/7,,,,PUBLISHED,Published,,2000.0,2000,,AFR,2000,2000,Africa,,NGA,Nigeria,,,,,MLE,Male,,,,,,,,193.3,193.25941,,,,,
8459,MDG_0000000007,Under-five mortality rate (probability of dying by age 5 per 1000 live births),https://www.who.int/data/gho/indicator-metadata-registry/imr-details/7,,,,PUBLISHED,Published,,1999.0,1999,,AFR,1999,1999,Africa,,NGA,Nigeria,,,,,FMLE,Female,,,,,,,,180.9,180.94963,,,,,
8460,MDG_0000000007,Under-five mortality rate (probability of dying by age 5 per 1000 live births),https://www.who.int/data/gho/indicator-metadata-registry/imr-details/7,,,,PUBLISHED,Published,,1997.0,1997,,AFR,1997,1997,Africa,,NGA,Nigeria,,,,,MLE,Male,,,,,,,,208.7,208.71202,,,,,
8461,MDG_0000000007,Under-five mortality rate (probability of dying by age 5 per 1000 live births),https://www.who.int/data/gho/indicator-metadata-registry/imr-details/7,,,,PUBLISHED,Published,,1996.0,1996,,AFR,1996,1996,Africa,,NGA,Nigeria,,,,,FMLE,Female,,,,,,,,193.5,193.52890,,,,,
8462,MDG_0000000007,Under-five mortality rate (probability of dying by age 5 per 1000 live births),https://www.who.int/data/gho/indicator-metadata-registry/imr-details/7,,,,PUBLISHED,Published,,1994.0,1994,,AFR,1994,1994,Africa,,NGA,Nigeria,,,,,BTSX,Both sexes,,,,,,,,207.8,207.78670,,,,,
8463,MDG_0000000007,Under-five mortality rate (probability of dying by age 5 per 1000 live births),https://www.who.int/data/gho/indicator-metadata-registry/imr-details/7,,,,PUBLISHED,Published,,1994.0,1994,,AFR,1994,1994,Africa,,NGA,Nigeria,,,,,MLE,Male,,,,,,,,217.4,217.41043,,,,,
8464,MDG_0000000007,Under-five mortality rate (probability of dying by age 5 per 1000 live births),https://www.who.int/data/gho/indicator-metadata-registry/imr-details/7,,,,PUBLISHED,Published,,1991.0,1991,,AFR,1991,1991,Africa,,NGA,Nigeria,,,,,BTSX,Both sexes,,,,,,,,210.5,210.51164,,,,,
8465,MDG_0000000007,Under-five mortality rate (probability of dying by age 5 per 1000 live births),https://www.who.int/data/gho/indicator-metadata-registry/imr-details/7,,,,PUBLISHED,Published,,1991.0,1991,,AFR,1991,1991,Africa,,NGA,Nigeria,,,,,MLE,Male,,,,,,,,220.7,220.69011,,,,,
8466,MDG_0000000007,Under-five mortality rate (probability of dying by age 5 per 1000 live births),https://www.who.int/data/gho/indicator-metadata-registry/imr-details/7,,,,PUBLISHED,Published,,1988.0,1988,,AFR,1988,1988,Africa,,NGA,Nigeria,,,,,BTSX,Both sexes,,,,,,,,210.7,210.74656,,,,,
8467,MDG_0000000007,Under-five mortality rate (probability of dying by age 5 per 1000 live births),https://www.who.int/data/gho/indicator-metadata-registry/imr-details/7,,,,PUBLISHED,Published,,1988.0,1988,,AFR,1988,1988,Africa,,NGA,Nigeria,,,,,MLE,Male,,,,,,,,221,220.99260,,,,,
8468,MDG_0000000007,Under-five mortality rate (probability of dying by age 5 per 1000 live births),https://www.who.int/data/gho/indicator-metadata-registry/imr-details/7,,,,PUBLISHED,Published,,1986.0,1986,,AFR,1986,1986,Africa,,NGA,Nigeria,,,,,FMLE,Female,,,,,,,,198.7,198.71074,,,,,
8469,MDG_0000000007,Under-five mortality rate (probability of dying by age 5 per 1000 live births),https://www.who.int/data/gho/indicator-metadata-registry/imr-details/7,,,,PUBLISHED,Published,,1985.0,1985,,AFR,1985,1985,Africa,,NGA,Nigeria,,,,,BTSX,Both sexes,,,,,,,,208.3,208.33302,,,,,
8470,MDG_0000000007,Under-five mortality rate (probability of dying by age 5 per 1000 live births),https://www.who.int/data/gho/indicator-metadata-registry/imr-details/7,,,,PUBLISHED,Published,,1983.0,1983,,AFR,1983,1983,Africa,,NGA,Nigeria,,,,,FMLE,Female,,,,,,,,197.2,197.23448,,,,,
8471,MDG_0000000007,Under-five mortality rate (probability of dying by age 5 per 1000 live births),https://www.who.int/data/gho/indicator-metadata-registry/imr-details/7,,,,PUBLISHED,Published,,1982.0,1982,,AFR,1982,1982,Africa,,NGA,Nigeria,,,,,BTSX,Both sexes,,,,,,,,208.4,208.39234,,,,,
8472,MDG_0000000007,Under-five mortality rate (probability of dying by age 5 per 1000 live births),https://www.who.int/data/gho/indicator-metadata-registry/imr-details/7,,,,PUBLISHED,Published,,1980.0,1980,,AFR,1980,1980,Africa,,NGA,Nigeria,,,,,FMLE,Female,,,,,,,,202.9,202.88323,,,,,
8473,MDG_0000000007,Under-five mortality rate (probability of dying by age 5 per 1000 live births),https://www.who.int/data/gho/indicator-metadata-registry/imr-details/7,,,,PUBLISHED,Published,,1979.0,1979,,AFR,1979,1979,Africa,,NGA,Nigeria,,,,,BTSX,Both sexes,,,,,,,,217.6,217.57775,,,,,
8474,MDG_0000000007,Under-five mortality rate (probability of dying by age 5 per 1000 live births),https://www.who.int/data/gho/indicator-metadata-registry/imr-details/7,,,,PUBLISHED,Published,,1978.0,1978,,AFR,1978,1978,Africa,,NGA,Nigeria,,,,,MLE,Male,,,,,,,,233.2,233.17119,,,,,
8475,MDG_0000000007,Under-five mortality rate (probability of dying by age 5 per 1000 live births),https://www.who.int/data/gho/indicator-metadata-registry/imr-details/7,,,,PUBLISHED,Published,,1977.0,1977,,AFR,1977,1977,Africa,,NGA,Nigeria,,,,,FMLE,Female,,,,,,,,218.2,218.17727,,,,,
8476,MDG_0000000007,Under-five mortality rate (probability of dying by age 5 per 1000 live births),https://www.who.int/data/gho/indicator-metadata-registry/imr-details/7,,,,PUBLISHED,Published,,1975.0,1975,,AFR,1975,1975,Africa,,NGA,Nigeria,,,,,MLE,Male,,,,,,,,254.7,254.74212,,,,,
8477,MDG_0000000007,Under-five mortality rate (probability of dying by age 5 per 1000 live births),https://www.who.int/data/gho/indicator-metadata-registry/imr-details/7,,,,PUBLISHED,Published,,1974.0,1974,,AFR,1974,1974,Africa,,NGA,Nigeria,,,,,FMLE,Female,,,,,,,,240.4,240.39488,,,,,
8478,MDG_0000000007,Under-five mortality rate (probability of dying by age 5 per 1000 live births),https://www.who.int/data/gho/indicator-metadata-registry/imr-details/7,,,,PUBLISHED,Published,,1972.0,1972,,AFR,1972,1972,Africa,,NGA,Nigeria,,,,,MLE,Male,,,,,,,,280.3,280.30110,,,,,
8479,MDG_0000000007,Under-five mortality rate (probability of dying by age 5 per 1000 live births),https://www.who.int/data/gho/indicator-metadata-registry/imr-details/7,,,,PUBLISHED,Published,,1971.0,1971,,AFR,1971,1971,Africa,,NGA,Nigeria,,,,,FMLE,Female,,,,,,,,264.5,264.54816,,,,,
8480,MDG_0000000007,Under-five mortality rate (probability of dying by age 5 per 1000 live births),https://www.who.int/data/gho/indicator-metadata-registry/imr-details/7,,,,PUBLISHED,Published,,1969.0,1969,,AFR,1969,1969,Africa,,NGA,Nigeria,,,,,BTSX,Both sexes,,,,,,,,292.7,292.72470,,,,,
8481,MDG_0000000007,Under-five mortality rate (probability of dying by age 5 per 1000 live births),https://www.who.int/data/gho/indicator-metadata-registry/imr-details/7,,,,PUBLISHED,Published,,1969.0,1969,,AFR,1969,1969,Africa,,NGA,Nigeria,,,,,MLE,Male,,,,,,,,304.9,304.86674,,,,,
8482,MDG_0000000007,Under-five mortality rate (probability of dying by age 5 per 1000 live births),https://www.who.int/data/gho/indicator-metadata-registry/imr-details/7,,,,PUBLISHED,Published,,1966.0,1966,,AFR,1966,1966,Africa,,NGA,Nigeria,,,,,BTSX,Both sexes,,,,,,,,313.5,313.52383,,,,,
8483,MDG_0000000007,Under-five mortality rate (probability of dying by age 5 per 1000 live births),https://www.who.int/data/gho/indicator-metadata-registry/imr-details/7,,,,PUBLISHED,Published,,1966.0,1966,,AFR,1966,1966,Africa,,NGA,Nigeria,,,,,MLE,Male,,,,,,,,326.1,326.14215,,,,,
8484,WHOSIS_000003,Neonatal mortality rate (per 1000 live births),https://www.who.int/data/gho/indicator-metadata-registry/imr-details/67,,,,PUBLISHED,Published,,2018.0,2018,,AFR,2018,2018,Africa,,NGA,Nigeria,,,,,BTSX,Both sexes,,,,,,,,36,36.00930,,,,,
8485,WHOSIS_000003,Neonatal mortality rate (per 1000 live births),https://www.who.int/data/gho/indicator-metadata-registry/imr-details/67,,,,PUBLISHED,Published,,2016.0,2016,,AFR,2016,2016,Africa,,NGA,Nigeria,,,,,BTSX,Both sexes,,,,,,,,36.6,36.61278,,,,,
8486,WHOSIS_000003,Neonatal mortality rate (per 1000 live births),https://www.who.int/data/gho/indicator-metadata-registry/imr-details/67,,,,PUBLISHED,Published,,2009.0,2009,,AFR,2009,2009,Africa,,NGA,Nigeria,,,,,BTSX,Both sexes,,,,,,,,38.8,38.75754,,,,,
8487,WHOSIS_000003,Neonatal mortality rate (per 1000 live births),https://www.who.int/data/gho/indicator-metadata-registry/imr-details/67,,,,PUBLISHED,Published,,2007.0,2007,,AFR,2007,2007,Africa,,NGA,Nigeria,,,,,BTSX,Both sexes,,,,,,,,40,39.99493,,,,,
8488,WHOSIS_000003,Neonatal mortality rate (per 1000 live births),https://www.who.int/data/gho/indicator-metadata-registry/imr-details/67,,,,PUBLISHED,Published,,2002.0,2002,,AFR,2002,2002,Africa,,NGA,Nigeria,,,,,BTSX,Both sexes,,,,,,,,45.3,45.28632,,,,,
8489,WHOSIS_000003,Neonatal mortality rate (per 1000 live births),https://www.who.int/data/gho/indicator-metadata-registry/imr-details/67,,,,PUBLISHED,Published,,2000.0,2000,,AFR,2000,2000,Africa,,NGA,Nigeria,,,,,BTSX,Both sexes,,,,,,,,47.5,47.54629,,,,,
8490,WHOSIS_000003,Neonatal mortality rate (per 1000 live births),https://www.who.int/data/gho/indicator-metadata-registry/imr-details/67,,,,PUBLISHED,Published,,1998.0,1998,,AFR,1998,1998,Africa,,NGA,Nigeria,,,,,BTSX,Both sexes,,,,,,,,49.4,49.35778,,,,,
8491,WHOSIS_000003,Neonatal mortality rate (per 1000 live births),https://www.who.int/data/gho/indicator-metadata-registry/imr-details/67,,,,PUBLISHED,Published,,1993.0,1993,,AFR,1993,1993,Africa,,NGA,Nigeria,,,,,BTSX,Both sexes,,,,,,,,50.7,50.73111,,,,,
8492,WHOSIS_000003,Neonatal mortality rate (per 1000 live births),https://www.who.int/data/gho/indicator-metadata-registry/imr-details/67,,,,PUBLISHED,Published,,1991.0,1991,,AFR,1991,1991,Africa,,NGA,Nigeria,,,,,BTSX,Both sexes,,,,,,,,50.3,50.29586,,,,,
8493,WHOSIS_000003,Neonatal mortality rate (per 1000 live births),https://www.who.int/data/gho/indicator-metadata-registry/imr-details/67,,,,PUBLISHED,Published,,1984.0,1984,,AFR,1984,1984,Africa,,NGA,Nigeria,,,,,BTSX,Both sexes,,,,,,,,50.4,50.41907,,,,,
8494,WHOSIS_000003,Neonatal mortality rate (per 1000 live births),https://www.who.int/data/gho/indicator-metadata-registry/imr-details/67,,,,PUBLISHED,Published,,1982.0,1982,,AFR,1982,1982,Africa,,NGA,Nigeria,,,,,BTSX,Both sexes,,,,,,,,51.7,51.74515,,,,,
8495,WHOSIS_000003,Neonatal mortality rate (per 1000 live births),https://www.who.int/data/gho/indicator-metadata-registry/imr-details/67,,,,PUBLISHED,Published,,1977.0,1977,,AFR,1977,1977,Africa,,NGA,Nigeria,,,,,BTSX,Both sexes,,,,,,,,57.5,57.53959,,,,,
8496,WHOSIS_000003,Neonatal mortality rate (per 1000 live births),https://www.who.int/data/gho/indicator-metadata-registry/imr-details/67,,,,PUBLISHED,Published,,1975.0,1975,,AFR,1975,1975,Africa,,NGA,Nigeria,,,,,BTSX,Both sexes,,,,,,,,60.3,60.30371,,,,,
8497,WHOSIS_000003,Neonatal mortality rate (per 1000 live births),https://www.who.int/data/gho/indicator-metadata-registry/imr-details/67,,,,PUBLISHED,Published,,1973.0,1973,,AFR,1973,1973,Africa,,NGA,Nigeria,,,,,BTSX,Both sexes,,,,,,,,63.1,63.13051,,,,,
8498,WHOSIS_000003,Neonatal mortality rate (per 1000 live births),https://www.who.int/data/gho/indicator-metadata-registry/imr-details/67,,,,PUBLISHED,Published,,1968.0,1968,,AFR,1968,1968,Africa,,NGA,Nigeria,,,,,BTSX,Both sexes,,,,,,,,69.6,69.62208,,,,,
